1 0.6709113203125 0.44661925625 0.752075565625 0.4490576671875 0.727047325 0.1612747 0.7524239109375 0.16088098125 0.7527722546875 0.18944522187499999 0.7614808640625 0.1901419109375 0.7600874875 0.15391409375 0.7259497359375 0.12639488593749998 0.7259497359375 0.0995723671875 0.7607841765625001 0.09713395625 0.7618807750000001 0.12540540312499998 0.7691444421875 0.125698196875 0.7677510640625 0.0905154125 0.726646425 0.0602094484375 0.7259497359375 0.0351286515625 0.751727221875 0.03408361875 0.7513788765625 0.058119382812499995 0.7607841765625001 0.0595127609375 0.7609310125000001 0.02868545625 0.7491064734374999 0.017079890625 0.676626425 0.015328106250000001 0.6632477437500001 0.024329975 0.661854365625 0.06438958125000001 0.6684729093749999 0.0609061375 0.668821253125 0.03408361875 0.6709113203125 0.0302518296875 0.6963404609375 0.035825340625 0.6949470843750001 0.06235991875 0.65384244375 0.0888340921875 0.6524490671875001 0.12506191093750002 0.654887478125 0.1257586 0.6608093328125 0.12366853281250001 0.6608093328125 0.0954526359375 0.6963404609375 0.0982393921875 0.69703715 0.1278423953125 0.661854365625 0.1522265046875 0.6615060203125 0.188802665625 0.6681245640625 0.188802665625 0.6691151343749999 0.16148093125000001 0.69603071875 0.16208934531250002 0.68506585 0.31702769062499997 0.670287115625 0.44526896562499996 0.6709113203125 0.44661925625
0 0.8556220515625 0.1087200671875 0.7605529343749999 0.1906257671875 0.7642094390625 0.19476980625 0.8604973906250001 0.1121328046875 0.8556220515625 0.1087200671875
0 0.8529406140625 0.1050635625 0.8497716437499999 0.10238212656250001 0.7581152640625 0.182337690625 0.7620155359375 0.188431865625 0.85415945 0.106282396875 0.8529406140625 0.1050635625
0 0.94800973125 0.022670328125 0.8768297781250001 0.08897494218749999 0.8795112140624999 0.09726301875 0.9567853421875 0.023401628125 0.94800973125 0.022670328125
0 0.93362748125 0.021695259375 0.8765860109375 0.0758115265625 0.8795112140624999 0.080686865625 0.9414280234374999 0.0236453953125 0.93362748125 0.021695259375
0 0.8692730015624999 0.02145149375 0.8190570062500001 0.0741051578125 0.8234448125 0.0777616625 0.875854709375 0.023401628125 0.8692730015624999 0.02145149375
0 0.8607411578124999 0.0202326578125 0.8122315312499999 0.0709361875 0.8183257046874999 0.0741051578125 0.8668353312500001 0.0229140953125 0.8607411578124999 0.0202326578125
0 0.8024808531250001 0.082393234375 0.7693285453125001 0.11676437656250001 0.7642094390625 0.1257837546875 0.753239925 0.14772278125 0.7588465656250001 0.1535731890625 0.77200998125 0.12992779375000002 0.8129628328124999 0.08897494218749999 0.8024808531250001 0.082393234375
0 0.7415391109375 0.098725621875 0.7295945296874999 0.1309028609375 0.7356887046875 0.135290665625 0.7493396546875 0.0992131546875 0.7415391109375 0.098725621875
0 0.782004428125 0.0185262890625 0.7449518484375 0.074836459375 0.752508625 0.07946803125 0.8000431828125001 0.019745125 0.782004428125 0.0185262890625
0 0.774203884375 0.01803875625 0.7588465656250001 0.04192791875 0.7605529343749999 0.048509626562500005 0.779810525 0.0185262890625 0.774203884375 0.01803875625
0 0.752021090625 0.053872500000000004 0.74056404375 0.0706924203125 0.7442205484375 0.073861390625 0.75494629375 0.0580165375 0.752021090625 0.053872500000000004
0 0.66257363125 0.1874262203125 0.6224556437500001 0.32031705312500003 0.629977765625 0.32376469218750004 0.66978233125 0.18930675156250001 0.66257363125 0.1874262203125
0 0.65035018125 0.1194665390625 0.6036503375 0.3156685703125 0.613052990625 0.31817594374999997 0.6619467875 0.12568213125 0.65035018125 0.1194665390625
0 0.6788260203125 0.0331560265625 0.662871240625 0.06431770625 0.658134665625 0.0850090609375 0.66461629375 0.081518953125 0.6661120546875 0.07279368281250001 0.684310475 0.0329067328125 0.6788260203125 0.0331560265625
0 0.7481780359375 0.160643871875 0.7270575265625 0.21024506875 0.731537634375 0.2217653453125 0.7558582203124999 0.1651239796875 0.7481780359375 0.160643871875
0 0.7555382125000001 0.189764575 0.73089761875 0.231685584375 0.7353777265625 0.2448059015625 0.764178421875 0.1948846984375 0.7555382125000001 0.189764575
0 0.68724085 0.2472464171875 0.6483706671875 0.3374092109375 0.6571865859375 0.3398135515625 0.6920495328125 0.26127174062499997 0.68724085 0.2472464171875