1 0.736103125 0.3970609375 0.734375 0.3774828125 0.7205421875 0.1864765625 0.7470756749999999 0.185424415625 0.748146875 0.2098875 0.75341875 0.210165625 0.752115625 0.1785375 0.7202046875 0.1510546875 0.7202046875 0.1260140625 0.7551079890625 0.123769290625 0.7556812500000001 0.1453890625 0.760297075 0.136645909375 0.76088125 0.11814374999999999 0.75419375 0.11343906249999999 0.7203859375 0.0894140625 0.72094375 0.065884375 0.7450921875 0.063903125 0.747321875 0.0874328125 0.747321875 0.09090000000000001 0.7484515625 0.09407499999999999 0.75341875 0.0903734375 0.75390625 0.0610765625 0.7497359375 0.054242187500000004 0.7270515625 0.03308125 0.7174125 0.0173375 0.69449670625 0.01683754375 0.69091875 0.0317796875 0.6596421875 0.057214062499999996 0.6592703125 0.09090000000000001 0.665186909375 0.0895923625 0.66535 0.0869265625 0.6662262640625001 0.0629848859375 0.6915865140624999 0.06443998125 0.69262586875 0.08501920156250001 0.6879890625 0.0942796875 0.6567390625 0.112509375 0.65249375 0.11752499999999999 0.651596875 0.150990625 0.6569546875000001 0.15122968750000002 0.6581359375 0.12379218750000001 0.685151434375 0.124922421875 0.6921614125 0.12670505468749999 0.6916515328124999 0.1532187875 0.663575 0.175009375 0.6595375 0.181709375 0.6591328125 0.19523125 0.659990625 0.211959375 0.663575 0.210165625 0.665909375 0.1844140625 0.6917859375 0.1874296875 0.681109375 0.34426718749999996 0.6778531250000001 0.40129374999999995 0.676984375 0.4194265625 0.6858906250000001 0.41725 0.691071875 0.4146296875 0.698215625 0.41344062499999995 0.70393125 0.41296406250000006 0.7087546875 0.4122484375 0.7123265625 0.4120109375 0.7178640625 0.41034375 0.7239359375000001 0.4096296875 0.731975 0.4096296875 0.736796875 0.408915625 0.73661875 0.4036765625 0.736103125 0.3970609375
0 0.8135031250000001 0.15356562499999998 0.8189078125 0.15638593750000002 0.8435578125 0.13343125 0.89341875 0.088378125 0.9481078125 0.0377625 0.9612718750000001 0.0249609375 0.9561187500000001 0.0226703125 0.8685031249999999 0.1031078125 0.8379468749999999 0.12974531250000002 0.8135031250000001 0.15356562499999998
0 0.9033921875 0.09251406250000001 0.93430625 0.06480625 0.9624671875 0.039245312500000004 0.9770765625 0.025182812500000002 0.970846875 0.023575 0.9271484375 0.061221875 0.88845 0.0982390625 0.8529765625 0.128721875 0.8359046875 0.14520468749999998 0.837096875 0.150221875 0.8877625 0.10671250000000002 0.8934312500000001 0.10213281249999999 0.9033921875 0.09251406250000001
0 0.7494234375 0.21120624999999998 0.737428125 0.233815625 0.7423921874999999 0.23822656250000002 0.7547984375000001 0.2150671875 0.7494234375 0.21120624999999998
0 0.734709375 0.202978125 0.72419375 0.22995625 0.7299828125000001 0.23326406249999998 0.73866875 0.2106546875 0.7473546875 0.1852875 0.7423921874999999 0.18308125 0.734709375 0.202978125
0 0.6224515625 0.347728125 0.6361 0.3118828125 0.6596734375 0.23082031249999999 0.663809375 0.2186875 0.6656234375000001 0.210665625 0.6602515624999999 0.2087234375 0.6571921875 0.217584375 0.6480921875 0.25177499999999997 0.6327906249999999 0.3008546875 0.617075 0.3438671875 0.6224515625 0.347728125
0 0.65844375 0.15211875 0.6728515625 0.12550937499999998 0.668140625 0.12275624999999998 0.6576703125 0.14360781250000001 0.6553484375 0.148609375 0.65844375 0.15211875
0 0.685159375 0.09554531250000001 0.6930047734375 0.080602778125 0.6903180140625 0.0766621984375 0.679815625 0.0959640625 0.6804453125000001 0.098559375 0.6813875 0.09973593750000001 0.685159375 0.09554531250000001
0 0.6637875 0.089259375 0.6580640625 0.0950703125 0.65624375 0.1014109375 0.6559296875 0.106021875 0.6559296875 0.11146875 0.658759375 0.11146875 0.6615875 0.10769843750000001 0.6632546875 0.09955 0.667225 0.093034375 0.6713296875 0.08465 0.6804453125000001 0.063346875 0.6772375 0.062525 0.67291875 0.073384375 0.6756328125 0.0626890625 0.6719593749999999 0.06244062500000001 0.6678734375000001 0.079621875 0.6637875 0.089259375
0 0.810634375 0.166415625 0.7543390624999999 0.2127390625 0.757878125 0.2165984375 0.8125640625000001 0.1719921875 0.810634375 0.166415625
0 0.8048437500000001 0.1616984375 0.753053125 0.20458906250000003 0.75626875 0.20930624999999997 0.8096687499999999 0.1672734375 0.8048437500000001 0.1616984375
0 0.8262953124999999 0.08432500000000001 0.774875 0.1374875 0.7784484375 0.141153125 0.8540671874999999 0.06489375 0.8964125 0.0223640625 0.8906390625 0.0208984375 0.8262953124999999 0.08432500000000001
0 0.879915625 0.020165625 0.7696500000000001 0.1349203125 0.7735000000000001 0.1382203125 0.8856890625 0.02273125 0.879915625 0.020165625
0 0.7779 0.0575046875 0.75508125 0.08701718750000001 0.7587312500000001 0.0903640625 0.81555 0.02099375 0.8105296875000001 0.0194734375 0.804596875 0.019168750000000002 0.7779 0.0575046875
0 0.7712828125 0.056895312499999996 0.7534828124999999 0.08184375 0.7543968750000001 0.0873203125 0.7836046875 0.047159374999999996 0.801175 0.020081250000000002 0.7954703125 0.0194734375 0.7712828125 0.056895312499999996
0 0.7537125 0.0797140625 0.77036875 0.0559828125 0.7936453125 0.0197765625 0.78908125 0.018862499999999997 0.7532546875 0.07484687500000001 0.7537125 0.0797140625
0 0.7359125 0.124440625 0.7247312499999999 0.15243125 0.7283828125 0.1569953125 0.7416171874999999 0.1250484375 0.7359125 0.124440625
0 0.723590625 0.13721875 0.7263296875 0.1332625 0.7297515625 0.12839375 0.7302078125 0.12656875 0.7256453125 0.12596093749999998 0.723590625 0.1293078125 0.7219359375 0.13189375 0.7204921875 0.133815625 0.7213078125 0.1393484375 0.723590625 0.13721875
0 0.7450218750000001 0.09790312500000001 0.7414953125 0.104103125 0.744540625 0.106028125 0.7475875000000001 0.1002546875 0.75385625 0.0938859375 0.7503124999999999 0.09191875000000001 0.7450218750000001 0.09790312500000001
0 0.7440609375 0.0953390625 0.746946875 0.092346875 0.745984375 0.08721562499999999 0.7429375 0.08999531250000001 0.73925 0.0964078125 0.7366859375 0.1000421875 0.7391062500000001 0.103959375 0.741071875 0.0998109375 0.7440609375 0.0953390625
0 0.723378125 0.03185 0.727756053125 0.025568121875 0.7320359375 0.0198796875 0.7288296875 0.017528125 0.72129375 0.028643750000000003 0.723378125 0.03185
0 0.65014375 0.14635625000000002 0.637959375 0.193971875 0.6139421875 0.2903484375 0.6073078125 0.314746875 0.61418125 0.319665625 0.6324703125 0.25070000000000003 0.656715625 0.1528 0.65014375 0.14635625000000002