1 0.774903125 0.1276046875 0.7778109375 0.154190625 0.7817390625 0.1549484375 0.7831187500000001 0.1468984375 0.7822265625 0.12044218749999999 0.7490234375 0.09049531250000001 0.7490234375 0.06705781250000001 0.78466875 0.0598953125 0.7861328125 0.083984375 0.7859171875000001 0.09117499999999999 0.788575 0.08984375 0.7909875000000001 0.0914890625 0.79296875 0.08528593749999999 0.791015625 0.0540359375 0.7551453125 0.029553125000000003 0.74595 0.01760625 0.717653125 0.0179203125 0.71435625 0.02734375 0.6722625 0.05391875 0.6717703125 0.06289375 0.6727828125 0.08470781250000001 0.6734265625 0.0907125 0.6796875 0.08658906250000001 0.6796875 0.06575468749999999 0.68310625 0.0598953125 0.7177734375 0.064453125 0.7177734375 0.091796875 0.6870125 0.11588593750000001 0.6813078124999999 0.12330937500000001 0.679465625 0.1382796875 0.680134375 0.1552296875 0.687142365625 0.15783485 0.687259375 0.1295265625 0.716265625 0.12980468750000002 0.708571875 0.25559375 0.701171875 0.3248703125 0.6982 0.37246250000000003 0.70703125 0.3782546875 0.7152609375 0.3751390625 0.7222875 0.3738 0.735 0.3697859375 0.7430296875 0.365325 0.7487171874999999 0.36755625 0.7547390625 0.3630953125 0.763675 0.3583953125 0.7490234375 0.1321609375 0.755371875 0.1276046875 0.774903125 0.1276046875
1 0.9044625 0.022439062500000002 0.9326171875 0.0514328125 0.9271625 0.3162296875 0.931640625 0.3352859375 0.935546875 0.337890625 0.939453125 0.330078125 0.9385125000000001 0.023481250000000002 0.9044625 0.022439062500000002
0 0.865325 0.08558125 0.7843109375 0.1602015625 0.7858765625 0.1654203125 0.856715625 0.10280156250000001 0.9232484375000001 0.040703125 0.9168917296875 0.0381551546875 0.865325 0.08558125
0 0.7858765625 0.15655 0.8911562500000001 0.0589671875 0.9169859375 0.033396875 0.9115078125 0.030787500000000002 0.781241478125 0.15181688437500002 0.7858765625 0.15655
0 0.8604859375 0.0208953125 0.7944875 0.0902765625 0.7944875 0.097059375 0.865709375 0.0220109375 0.8604859375 0.0208953125
0 0.8494109375000001 0.020617187500000002 0.7898875000000001 0.0827078125 0.792921875 0.08766874999999999 0.85710625 0.0213953125 0.8494109375000001 0.020617187500000002
0 0.775971875 0.163575 0.7533390625 0.2063890625 0.7590375 0.21174218749999998 0.7842515624999999 0.16558124999999999 0.775971875 0.163575
0 0.7541453125 0.18565156249999998 0.7763484375 0.132965625 0.7684453125 0.12845 0.75038125 0.1761171875 0.7522640625 0.182640625 0.7541453125 0.18565156249999998
0 0.7810484375 0.12125625 0.7937875 0.09329375 0.7870953125 0.09180468750000001 0.776771875 0.11701406249999999 0.7805359375 0.1215296875 0.7810484375 0.12125625
0 0.7634953125 0.0628328125 0.7522640625 0.095334375 0.7579078124999999 0.097340625 0.7705671875 0.06474375 0.7634953125 0.0628328125
0 0.7873453125000001 0.019321875 0.7720921875 0.038303125 0.775396875 0.04169375 0.7924296875 0.019659375 0.7873453125000001 0.019321875
0 0.778446875 0.01864375 0.7677703124999999 0.034914062499999995 0.7705671875 0.038303125 0.785565625 0.018981249999999998 0.778446875 0.01864375
0 0.7721625000000001 0.0180828125 0.76243125 0.031525 0.76548125 0.034914062499999995 0.7766671875 0.019321875 0.7721625000000001 0.0180828125
0 0.704975 0.1291484375 0.6879421875 0.15287656249999998 0.6892125 0.15863750000000001 0.7100593749999999 0.1311828125 0.704975 0.1291484375
0 0.6981109375 0.130503125 0.6874328125 0.146434375 0.6892125 0.149825 0.7031953125 0.131859375 0.6981109375 0.130503125
0 0.684128125 0.0355921875 0.6915015624999999 0.0172875 0.680734375 0.0163015625 0.681528125 0.0266765625 0.6790437500000001 0.0376265625 0.6772640625 0.0491515625 0.683365625 0.0464390625 0.684128125 0.0355921875
0 0.692275 0.0618515625 0.6789015625 0.086646875 0.6801546875 0.09138437499999999 0.6974984375 0.062965625 0.692275 0.0618515625
0 0.6876781249999999 0.0607375 0.6789015625 0.0780109375 0.6807828125000001 0.08386249999999999 0.692484375 0.062129687499999996 0.6876781249999999 0.0607375
0 0.681146875 0.1582640625 0.6477468749999999 0.2794078125 0.6507078125 0.289496875 0.687553125 0.1605390625 0.681146875 0.1582640625
0 0.6704390625000001 0.08423749999999999 0.62109375 0.284690625 0.6280015624999999 0.29083125 0.6516875 0.2039828125 0.6806375 0.0899390625 0.6704390625000001 0.08423749999999999