1 0.7198904265625 0.14712269218750001 0.7504890625 0.1458328125 0.7514609375 0.1737703125 0.75535625 0.17178593749999999 0.7571265625 0.1542875 0.75535625 0.139328125 0.751465625 0.1354171875 0.7250984375 0.11848906249999999 0.7198359375 0.11631875 0.7197265625 0.11002656250000001 0.7183796874999999 0.0906390625 0.7417 0.08854218750000001 0.7443328124999999 0.1123796875 0.7496140625 0.11268750000000001 0.75 0.091796875 0.7483125 0.08076093749999999 0.7440187500000001 0.07865156250000001 0.7197265625 0.0540359375 0.71328125 0.027421875000000002 0.7114734375 0.015971875 0.697940625 0.016534375 0.693359375 0.0553390625 0.6630859375 0.08137968749999999 0.6621125 0.081453125 0.659953125 0.09727812500000001 0.6599437499999999 0.1145109375 0.6660351984374999 0.11194514687499998 0.6675722015625001 0.0886339140625 0.69091875 0.09114531249999999 0.6920375 0.11631875 0.6801765625 0.12239531249999999 0.6638421875 0.13455937499999998 0.653103125 0.1382609375 0.652546875 0.154309375 0.6523609375 0.1681375 0.6543984375 0.1708515625 0.6597171875 0.1708625 0.6599931484375 0.14506372343750001 0.690883434375 0.14780858125000002 0.690883434375 0.15574976875 0.6906272671875 0.17265681718749998 0.6660351984374999 0.193406375 0.6609640625 0.19934687499999998 0.6600625 0.2095046875 0.6593748453125 0.22875747343750003 0.6645515625 0.2291671875 0.6667062500000001 0.2063890625 0.669621540625 0.20339690312499997 0.6903711 0.2054462421875 0.6796875 0.3977859375 0.6788435671874999 0.41217332031250004 0.6884765625 0.4134109375 0.730845546875 0.4088431453125 0.73046875 0.396484375 0.7197265625 0.2076828125 0.721367353125 0.20519007500000003 0.7385305671875 0.2039092375 0.745159375 0.20295468749999998 0.7431640625 0.1946609375 0.71866875 0.170490625 0.719853125 0.150759375 0.7198904265625 0.14712269218750001
0 0.7299 0.1763765625 0.7390656250000001 0.14870624999999998 0.731928125 0.14870624999999998 0.7221140625 0.17884375 0.728334375 0.1810734375 0.7299 0.1763765625
0 0.738471875 0.204221875 0.72151875 0.23951562499999998 0.7244937499999999 0.246653125 0.7444224171875 0.20647091093749997 0.738471875 0.204221875
0 0.9581687499999999 0.0593421875 0.9968875 0.0241234375 0.991096875 0.0241234375 0.9114906250000001 0.09456250000000001 0.8101734374999999 0.1814046875 0.7794171875 0.20842343749999998 0.7823109374999999 0.21228281249999997 0.8550421874999999 0.151975 0.9581687499999999 0.0593421875
0 0.9483296875 0.0536390625 0.9808749999999999 0.02380625 0.9736421875 0.022903125 0.9187218749999999 0.0744328125 0.8269640624999999 0.1573015625 0.774303125 0.2034078125 0.7765640625 0.20792656250000002 0.8563453125 0.138315625 0.9483296875 0.0536390625
0 0.7700140625 0.21420781249999998 0.74829375 0.2298640625 0.750446875 0.2348203125 0.7735359374999999 0.2173390625 0.7700140625 0.21420781249999998
0 0.749271875 0.228296875 0.76845 0.21316406250000003 0.7649265625 0.2108171875 0.7490765625 0.2236015625 0.7488812499999999 0.226209375 0.749271875 0.228296875
0 0.914428125 0.021917187499999997 0.9056234375000001 0.0221765625 0.8291109375 0.1020171875 0.7563171875 0.1732453125 0.7582734375 0.17820156250000002 0.8183468749999999 0.11975781249999999 0.9062093750000001 0.0300046875 0.914428125 0.021917187499999997
0 0.904253125 0.022439062500000002 0.8964859374999999 0.0225921875 0.8197171875 0.1028 0.7565125 0.165678125 0.75788125 0.1711578125 0.8199125 0.10958281249999999 0.8915328125 0.0349625 0.904253125 0.022439062500000002
0 0.749271875 0.11219062500000002 0.7844953125 0.057660937499999995 0.8085640625 0.0195671875 0.8041218750000001 0.018090625 0.7484890625 0.10697343749999999 0.749271875 0.11219062500000002
0 0.7233328125 0.0598421875 0.7449046874999999 0.01855625 0.741425 0.018092187500000002 0.7358578125 0.028298437500000002 0.7203765625 0.0586828125 0.7233328125 0.0598421875
0 0.7354859375 0.017434375 0.715853125 0.055900000000000005 0.718984375 0.0577546875 0.7396859375 0.0187875 0.7354859375 0.017434375
0 0.6365921875 0.33215 0.665990625 0.23280937499999999 0.660415625 0.22807968750000002 0.626709375 0.344315625 0.6305109375 0.3493828125 0.6365921875 0.33215
0 0.6675453124999999 0.11628750000000002 0.6651390625 0.1123375 0.6593984374999999 0.11801718750000001 0.6584734375 0.13455937499999998 0.6631015625 0.133325 0.6638421875 0.1199921875 0.6675453124999999 0.11628750000000002
0 0.7443921875 0.11283281249999999 0.735134375 0.12517499999999998 0.7388375 0.1278921875 0.7473546875 0.115053125 0.7443921875 0.11283281249999999
0 0.6053859375 0.355515625 0.613884375 0.360415625 0.6393765625000001 0.25660781250000003 0.6595875 0.1723984375 0.6506296875 0.16719375 0.636390625 0.2262921875 0.6053859375 0.355515625
0 0.8317208687500001 0.0205767328125 0.8115062500000001 0.0194640625 0.7766421875 0.07305 0.739042903125 0.1275713578125 0.7421169109375 0.1311577 0.765080315625 0.1019483546875 0.7814481703125 0.0844113671875 0.8317208687500001 0.0205767328125