1 0.5070953125 0.304603125 0.5272249999999999 0.304453125 0.5276359375 0.316034375 0.5287078125 0.3210359375 0.532678125 0.32100625 0.5332578125 0.3155921875 0.5316515625 0.300928125 0.507384375 0.283259375 0.5070359375 0.267634375 0.522815625 0.267325 0.5232796875 0.2891375 0.5278046875 0.2919234375 0.5271078124999999 0.263921875 0.5080796875 0.24458281249999997 0.50483125 0.22137968749999998 0.5046 0.20451562499999998 0.49538125 0.2048 0.490234375 0.244140625 0.469584375 0.2614953125 0.46994218749999994 0.2807859375 0.47369374999999997 0.28054843749999997 0.4745875 0.26649687499999997 0.4897484375 0.2674796875 0.4904828125 0.28483593749999997 0.4661921875 0.29507500000000003 0.46404843749999997 0.3088890625 0.465478125 0.32246406250000004 0.4686921875 0.322225 0.47119375 0.3034109375 0.4903046875 0.30317343750000003 0.49119843750000003 0.32055781250000004 0.47083593749999997 0.3355625 0.4698703125 0.34051875 0.469584375 0.35604375 0.4746171875 0.355284375 0.4753 0.3415171875 0.487725 0.3438328125 0.487725 0.3492578125 0.4853515625 0.431640625 0.486328125 0.4407546875 0.4921875 0.4420578125 0.5043953125 0.44140625 0.5126953125 0.4329421875 0.5083453125 0.34223125 0.522471875 0.34324374999999996 0.5235203125 0.3533859375 0.5249640624999999 0.355659375 0.52799375 0.35390156250000004 0.5263671875 0.337890625 0.5079890625 0.32055781250000004 0.5070953125 0.304603125
0 0.5076890625 0.2447109375 0.51381875 0.2509015625 0.5986328125 0.14223125 0.6673078125 0.040606249999999997 0.6817390624999999 0.0173171875 0.6771484375 0.0169265625 0.6723640625 0.016579687500000002 0.655840625 0.0411140625 0.603684375 0.11882812499999999 0.5748796875 0.15791093750000001 0.52310625 0.22514375000000003 0.5076890625 0.2447109375
0 0.7145921875 0.2654078125 0.921678125 0.12132968749999999 0.9979546875 0.065125 0.99494375 0.059771874999999995 0.8624625 0.15612187500000002 0.7426765625 0.2405 0.6735734375 0.286809375 0.644965625 0.30464375 0.6456765625 0.307784375 0.7145921875 0.2654078125
0 0.806221875 0.19111406250000001 0.878959375 0.137325 0.9550578125 0.080684375 0.9975390624999999 0.048490624999999996 0.9964984375 0.043540625 0.929928125 0.0937796875 0.806340625 0.183875 0.721184375 0.244496875 0.6413031250000001 0.2967453125 0.642559375 0.303109375 0.6855140625 0.2749765625 0.7470578125 0.232775 0.806221875 0.19111406250000001
0 0.6183375 0.275140625 0.62116875 0.27818437500000004 0.7095296875 0.2113640625 0.816871875 0.12484375 0.910509375 0.0457140625 0.9358296875000001 0.02320625 0.9300265624999999 0.0221515625 0.882375 0.06440625 0.7820140624999999 0.1481953125 0.7154203125 0.202284375 0.6328765625 0.2648234375 0.6183375 0.275140625
0 0.7801390625 0.1469453125 0.8450906249999999 0.09035625 0.900665625 0.0434578125 0.923409375 0.023135937500000002 0.91940625 0.0206296875 0.9083859375 0.0303234375 0.833825 0.09535468750000001 0.720334375 0.19039843750000002 0.61739375 0.2676234375 0.618565625 0.272 0.667575 0.23729687500000002 0.7290203125 0.189465625 0.7801390625 0.1469453125
0 0.8040140625 0.058010937500000005 0.8383625 0.021712500000000003 0.8355640624999999 0.01899375 0.7890015625 0.0678453125 0.672725 0.1896390625 0.5811296875 0.277503125 0.5826546875 0.2822546875 0.61675 0.249346875 0.6795953124999999 0.18895937499999998 0.74905625 0.11602187500000001 0.8040140625 0.058010937500000005
0 0.7711921875 0.083115625 0.8267562500000001 0.020368749999999998 0.8223328125 0.019332812499999998 0.7543984375 0.09396718750000001 0.6505890625 0.2045609375 0.5796984375 0.2743734375 0.5821468750000001 0.277503125 0.6762875 0.1842109375 0.7711921875 0.083115625
0 0.8215375 0.0202296875 0.81619375 0.0195921875 0.72241875 0.11399062499999998 0.635321875 0.196278125 0.577346875 0.2450078125 0.5435375 0.2720671875 0.545821875 0.2788484375 0.5474328125000001 0.278965625 0.6023453125 0.2361140625 0.68875625 0.1595140625 0.74245625 0.1064359375 0.8215375 0.0202296875
0 0.6866734375 0.069528125 0.7244421875 0.01819375 0.7203 0.0165703125 0.6579203125 0.10006875 0.5848171875 0.1942890625 0.526290625 0.262153125 0.528528125 0.26544218750000004 0.5609375 0.22937968749999998 0.5899515625 0.194815625 0.609184375 0.170246875 0.6866734375 0.069528125
0 0.731496875 0.0193875 0.7273109375 0.0180640625 0.6670609375 0.09783125000000001 0.5911625 0.1944296875 0.528271875 0.266853125 0.530296875 0.2699984375 0.5761875 0.219121875 0.6484859375 0.1295109375 0.718340625 0.03756875 0.731496875 0.0193875