0 0.983084375 0.0758453125 0.99935 0.063240625 1 0.0554484375 0.9883906250000001 0.06304375 0.9725093749999999 0.0740265625 0.9164578125 0.1137671875 0.9173578125 0.11961875 0.932434375 0.11079375 0.983084375 0.0758453125
0 0.961846875 0.07549687499999999 0.9894234375 0.055396875 0.99935 0.046081250000000004 0.9978796875 0.0411796875 0.9390515625000001 0.08285000000000001 0.9158875 0.09951875 0.9162546875 0.10687187499999999 0.961846875 0.07549687499999999
1 0.5 0.3032015625 0.5146484375 0.3019 0.5187234375 0.3027421875 0.51988125 0.31716875 0.5247109375 0.3161375 0.5225859374999999 0.2973328125 0.5177562499999999 0.29089375 0.5129265625 0.28857499999999997 0.507903125 0.286771875 0.5030734375 0.2839390625 0.5009484375000001 0.2798171875 0.5008375 0.266409375 0.5127328125 0.266165625 0.5154390624999999 0.28368125 0.5181796875 0.284684375 0.5194953124999999 0.2811046875 0.51953125 0.269346875 0.517578125 0.261534375 0.498046875 0.24070156250000002 0.49609375 0.214659375 0.49476718750000004 0.2040859375 0.4887765625 0.2033125 0.48607187500000004 0.21284375 0.482421875 0.245909375 0.462928125 0.2577453125 0.4631453125 0.2814296875 0.4658203125 0.286275 0.46752656249999996 0.2839390625 0.4681046875 0.26204375 0.483725 0.26525468750000003 0.482640625 0.2788296875 0.4774453125 0.2839859375 0.4695890625 0.2870265625 0.4647734375 0.2920953125 0.46752656249999996 0.298878125 0.482421875 0.300596875 0.482421875 0.316221875 0.478309375 0.321865625 0.4630828125 0.329275 0.462890625 0.34486875 0.46318593750000003 0.35489375 0.46689687500000004 0.35489375 0.4677203125 0.3380328125 0.4775390625 0.3305453125 0.48046875 0.3344515625 0.48085625 0.35838281250000004 0.478515625 0.42299375 0.4951515625 0.42432499999999995 0.503653125 0.42584687499999996 0.5027874999999999 0.388009375 0.5000375 0.336503125 0.51354375 0.337090625 0.5148125 0.343871875 0.5166015625 0.3539828125 0.51868125 0.35646875 0.5201171875 0.3536375 0.517578125 0.3344515625 0.5011421875 0.317940625 0.5 0.3032015625
0 0.9275171875 0.022823437499999998 0.913559375 0.0337078125 0.9138234375 0.040731250000000004 0.9359437500000001 0.0235265625 0.9275171875 0.022823437499999998
0 0.8393750000000001 0.1698765625 0.726859375 0.242996875 0.7289859375 0.24898437499999998 0.8140828125 0.19319843750000001 0.8579171875 0.161490625 0.910065625 0.12695 0.909815625 0.12039375000000001 0.8393750000000001 0.1698765625
0 0.9079234375 0.1071578125 0.8121921875 0.175234375 0.7247312499999999 0.2366921875 0.7247312499999999 0.2404734375 0.7256781250000001 0.241734375 0.8079359374999999 0.18500468750000001 0.9093421875000001 0.11251562500000001 0.9079234375 0.1071578125
0 0.7999953125 0.12982031249999998 0.688096875 0.2158015625 0.6895453125000001 0.22097187499999998 0.734275 0.185809375 0.82373125 0.116175 0.9025874999999999 0.050675000000000005 0.8999046875 0.0465109375 0.7999953125 0.12982031249999998
0 0.8980421875 0.044854687500000004 0.8957843750000001 0.041749999999999995 0.894503125 0.040040625 0.8910234375 0.0429703125 0.8124921875 0.10871875 0.6850609375000001 0.2109015625 0.6879562499999999 0.21476250000000002 0.81226875 0.116440625 0.8980421875 0.044854687500000004
0 0.785153125 0.080625 0.8381234375 0.02476875 0.8406859375 0.02106875 0.8359546874999999 0.0203421875 0.74929375 0.109278125 0.6467328125 0.21000625 0.6016328125 0.251825 0.60300625 0.2567078125 0.6297906249999999 0.23259531249999998 0.6977390625 0.1683515625 0.785153125 0.080625
0 0.72364375 0.1338625 0.8128343750000001 0.0394265625 0.8306437499999999 0.0214875 0.826153125 0.020079687500000002 0.78544375 0.06109218749999999 0.6983640624999999 0.15026875 0.6622953125000001 0.1870203125 0.599559375 0.2475546875 0.6015828125 0.2522234375 0.72364375 0.1338625
0 0.824940625 0.020253125 0.8139593749999999 0.019103125000000002 0.7262062499999999 0.106259375 0.6581515625 0.170434375 0.594128125 0.2238625 0.5974859375 0.2319203125 0.6545703125 0.1844625 0.70896875 0.1355109375 0.7641828125 0.0806609375 0.824940625 0.020253125
0 0.5339875000000001 0.2477859375 0.5363953125 0.25705625 0.5994984375 0.18824687499999998 0.70645625 0.0574015625 0.7364046875 0.0188953125 0.7295640624999999 0.018165624999999998 0.65226875 0.11457187499999999 0.7266234375 0.0189359375 0.720628125 0.017470312499999998 0.6618031249999999 0.093053125 0.5831890625 0.1907421875 0.5339875000000001 0.2477859375
0 0.6045796875 0.11373124999999999 0.5374640625 0.20357656249999997 0.5401374999999999 0.213915625 0.6281109375 0.09447968749999999 0.6834609375 0.0171140625 0.6722312500000001 0.016043750000000002 0.6045796875 0.11373124999999999