0 0.805453125 0.21143125000000002 0.7273421875 0.26199531249999997 0.7303968750000001 0.26744218750000004 0.74771875 0.2567125 0.8173390625 0.212184375 0.8745078124999999 0.1736953125 0.9780296875 0.10391718750000001 0.9989390625000001 0.088921875 0.9970421875 0.0828703125 0.9029453125 0.147484375 0.805453125 0.21143125000000002
0 0.7688890625 0.2530515625 0.8603578125 0.1954671875 0.9679015625 0.126034375 0.9986234375 0.10349531249999999 0.9980421875 0.0960875 0.9554328125 0.125065625 0.8607859375 0.1863109375 0.83231875 0.20427656249999998 0.7528125 0.2558421875 0.728659375 0.27236875 0.7290390625 0.27923906249999997 0.7523578125 0.2636390625 0.7688890625 0.2530515625
0 0.9858625 0.0249203125 0.97749375 0.023804687499999998 0.9002203124999999 0.08555 0.7942125 0.16552031250000002 0.7043874999999999 0.2317265625 0.7057156250000001 0.23629843749999999 0.7077328125 0.235446875 0.8505640624999999 0.129440625 0.9858625 0.0249203125
0 0.869452009375 0.09861196875 0.6975515624999999 0.229946875 0.70066875 0.233446875 0.8031656249999999 0.1572296875 0.9177015624999999 0.066578125 0.971584375 0.0240734375 0.9643747953125 0.0221872109375 0.869452009375 0.09861196875
0 0.6523328125 0.3247296875 0.720690625 0.2801328125 0.719940625 0.273915625 0.6395421875 0.3254265625 0.6418921875 0.331690625 0.6523328125 0.3247296875
0 0.716809375 0.26730156250000003 0.6390203125 0.31846562500000003 0.639803125 0.3243828125 0.719940625 0.272175 0.716809375 0.26730156250000003
0 0.8958812500000001 0.022 0.8901390625 0.0213046875 0.8042562500000001 0.100659375 0.6781765625 0.21377656250000002 0.67060625 0.221084375 0.67213125 0.22335625 0.6739984375 0.22456562500000002 0.792771875 0.1180625 0.8958812500000001 0.022
0 0.8662609375000001 0.037409375 0.8835906250000001 0.0220046875 0.8782265625000001 0.0206296875 0.7905484375 0.1026 0.6942046875 0.1903484375 0.6671796875 0.215653125 0.670275 0.2200546875 0.76785625 0.1314828125 0.8662609375000001 0.037409375
0 0.6351703125 0.286940625 0.6971078125 0.24386562500000003 0.68885 0.236740625 0.568859375 0.3157625 0.5712875000000001 0.3270984375 0.6351703125 0.286940625
0 0.5987359375 0.2875875 0.6643171875 0.23253125 0.6601890625 0.22378593750000003 0.5613296875 0.3037796875 0.5666734375 0.315115625 0.5987359375 0.2875875
0 0.66664375 0.20035468750000002 0.8121390625 0.0696234375 0.8630281249999999 0.020471875 0.8506984375 0.020471875 0.8046390625000001 0.06389375 0.718334375 0.144221875 0.6364515625 0.21524843749999997 0.5515484374999999 0.28225625 0.5557359374999999 0.29063125 0.66664375 0.20035468750000002
0 0.7013843750000001 0.08569375 0.685115625 0.10485625000000001 0.59011875 0.208984375 0.533725 0.2702921875 0.5384953125 0.27895625 0.648453125 0.1620640625 0.7640484375 0.0319375 0.7754703125 0.0183734375 0.769540625 0.018917187499999998 0.6674671875 0.13473437500000002 0.6164875000000001 0.1898234375 0.6559125 0.1453078125 0.766925 0.0176140625 0.759603125 0.018096875000000002 0.7013843750000001 0.08569375
0 0.5781515625 0.1742765625 0.5199078125 0.2385 0.5073703125 0.2532671875 0.5112921874999999 0.259346875 0.5441625 0.2251375 0.6451625 0.1060359375 0.714471875 0.018537500000000002 0.7089125000000001 0.018320312499999998 0.6676921874999999 0.071534375 0.7081078125 0.017859375 0.7036421875000001 0.01625 0.640703125 0.09726875 0.6086421875 0.1360890625 0.5781515625 0.1742765625
1 0.482940625 0.3532765625 0.48232968749999994 0.34397812499999997 0.48175156250000006 0.3377453125 0.47647031249999994 0.33356093750000004 0.46320937500000003 0.3276046875 0.4599203125 0.32125625 0.45925937499999997 0.30980625 0.46355312499999995 0.3100265625 0.46685625000000003 0.3106875 0.470159375 0.3109078125 0.47295625 0.3212640625 0.476028628125 0.3241045984375 0.4800671875 0.32411875 0.4796125 0.3168265625 0.47808593750000006 0.306503125 0.4750953125 0.30224687499999997 0.46084531249999994 0.28929062499999997 0.4559578125 0.252996875 0.44786562500000004 0.252996875 0.44326718749999994 0.28929062499999997 0.424225 0.30224687499999997 0.42457968749999997 0.31839375 0.430895640625 0.3194846859375 0.4318328125 0.31651093750000003 0.4321125 0.3083625 0.4420265625 0.3080234375 0.44134062500000004 0.3234828125 0.4271830328125 0.3311792671875 0.420946875 0.336009375 0.42061562500000005 0.34701875000000004 0.42112275 0.35484478125 0.42805261874999995 0.35466709218750003 0.4285856859375 0.3416958015625 0.44324062499999994 0.34283437499999997 0.4425796875 0.3553859375 0.4396765625 0.36088437500000003 0.430895640625 0.36941527343749997 0.430895640625 0.37314674062500003 0.442053125 0.37863281249999997 0.44300468750000005 0.3928953125 0.44466875000000006 0.401453125 0.45821875 0.40081875 0.463235025 0.4006885234375 0.46234658125 0.37581207499999997 0.4785162734375 0.3759897640625 0.475522165625 0.3680519078125 0.46206718750000003 0.358909375 0.46003662500000003 0.341873490625 0.47265253906250004 0.3420511796875 0.476434375 0.3426140625 0.4772359375 0.35264375000000003 0.482940625 0.3532765625