1 0.287109375 0.189453125 0.287109375 0.181640625 0.295215625 0.18046875 0.2958984375 0.1673171875 0.28662187499999997 0.1640625 0.27880937499999997 0.1536453125 0.2666015625 0.1595046875 0.26953125 0.1751296875 0.2626953125 0.1790359375 0.2626953125 0.1868484375 0.26435624999999996 0.1907546875 0.265528125 0.194140625 0.27578125 0.2014328125 0.275390625 0.2061203125 0.2634765625 0.2079421875 0.2640625 0.212890625 0.26709062499999997 0.2143234375 0.26875 0.22109375 0.276953125 0.2309890625 0.27734375 0.2623703125 0.2841796875 0.2649734375 0.2880859375 0.259765625 0.2876953125 0.2317703125 0.2950203125 0.2279953125 0.29795 0.2140625 0.2879890625 0.2140625 0.2880859375 0.2076828125 0.294921875 0.2076828125 0.29931718749999997 0.2032546875 0.30048906249999996 0.190234375 0.287109375 0.189453125
0 0.28704375 0.1591984375 0.32075156250000003 0.15547968750000002 0.42738125 0.1407703125 0.5319484375 0.12715156249999998 0.6891375 0.099803125 0.8266843749999999 0.076134375 0.9616562500000001 0.0498453125 1 0.04316875 0.999553125 0.03375 0.9412765625 0.044739062499999996 0.815334375 0.068459375 0.7686296875 0.0783578125 0.7089328125 0.0882546875 0.6111921875 0.104753125 0.5052265625000001 0.1224421875 0.3288578125 0.14598906250000002 0.281603125 0.15304374999999998 0.2830734375 0.159809375 0.28704375 0.1591984375
0 1 0.0499015625 0.9810390625000001 0.052587499999999995 0.9474859375 0.058081249999999994 0.8898781250000001 0.068459375 0.8091484375 0.0839828125 0.6150578125 0.11694843749999999 0.4435875 0.143634375 0.2995640625 0.163065625 0.2943734375 0.1642859375 0.29498281249999997 0.1699875 0.339378125 0.1648265625 0.44691875000000003 0.15103906250000002 0.6060187499999999 0.12715156249999998 0.7667765625 0.1005078125 0.9106015624999999 0.07423437499999999 0.96101875 0.0639234375 1 0.0577375 1 0.0499015625
0 0.5119046875000001 0.158778125 0.73378125 0.128996875 0.7390421875000001 0.1279953125 0.91498125 0.09968125 0.9979515625 0.0847734375 0.9976218749999999 0.0772859375 0.95204375 0.08433125 0.8064718750000001 0.10909843749999999 0.7317046875 0.12135625000000001 0.6272140625 0.13601875000000002 0.5863109375 0.142271875 0.5143609375 0.1522921875 0.391290625 0.1656109375 0.3931296875 0.1723875 0.43365 0.1678515625 0.5119046875000001 0.158778125
0 0.56751875 0.1640421875 0.7719359375 0.1357859375 0.8768890624999999 0.11732187499999999 0.9697281249999999 0.10124999999999999 0.9981937500000001 0.09640625 0.9977874999999999 0.0896171875 0.9810515625 0.092303125 0.7789625 0.1255828125 0.6591265625 0.1428484375 0.4631 0.1703203125 0.39656875 0.178196875 0.3968421875 0.185584375 0.5304625 0.1690890625 0.56751875 0.1640421875
0 0.43558906249999996 0.1960953125 0.53210625 0.1871390625 0.7173265625 0.1635703125 0.860740625 0.143771875 0.9984484374999999 0.12044375 0.99905625 0.1220890625 0.9994500000000001 0.1121890625 0.9795765624999999 0.115475 0.9121484375 0.125784375 0.8404546875 0.13764375 0.7247515625000001 0.1546140625 0.691165625 0.15885625 0.58408125 0.172996875 0.5228140625 0.18084687500000002 0.3970546875 0.1932671875 0.39776875 0.20001875 0.43558906249999996 0.1960953125
0 0.49245312500000005 0.20147187500000002 0.6018140625 0.1899671875 0.6882328125 0.1805390625 0.887378125 0.152728125 0.979621875 0.1367375 0.9991078124999999 0.134315625 0.9992015625 0.12633125 0.9871812500000001 0.1277453125 0.8204984375000001 0.1541421875 0.6906265625 0.1725265625 0.5674359375 0.18619687499999998 0.47544375 0.196409375 0.4118640625 0.20147187500000002 0.41235937500000003 0.2076375 0.49245312500000005 0.20147187500000002
0 0.297946875 0.17233125 0.29719375000000003 0.17358281250000002 0.296971875 0.179596875 0.37545625 0.1744109375 0.37533125 0.16626875000000002 0.33151875 0.1694953125 0.297946875 0.17233125
0 0.3008609375 0.19468125 0.3758796875 0.1873703125 0.375978125 0.1807 0.3546515625 0.18255468749999998 0.2996390625 0.18770625000000002 0.3008609375 0.19468125
0 0.357425 0.2088234375 0.2998 0.2107078125 0.299446875 0.21683593750000002 0.3577796875 0.21495000000000003 0.357425 0.2088234375
0 0.30050625000000003 0.2088234375 0.353890625 0.20458125 0.353890625 0.19750937500000001 0.30078125 0.2015625 0.30050625000000003 0.2088234375
0 0.249534375 0.22639062499999998 0.250496875 0.22840781250000003 0.26904218750000003 0.224378125 0.2686453125 0.2190578125 0.24939687500000002 0.224190625 0.249534375 0.22639062499999998
0 0.2612640625 0.1810109375 0.2477546875 0.1846359375 0.2486328125 0.1889328125 0.2512703125 0.1884109375 0.2619703125 0.185725 0.2612640625 0.1810109375
0 0.27040156249999997 0.196859375 0.26303125 0.1979796875 0.2623234375 0.2022234375 0.270809375 0.200809375 0.27040156249999997 0.196859375
0 0.26798125 0.1696984375 0.24782968749999998 0.1744109375 0.24834062499999998 0.1799484375 0.261621875 0.176953125 0.268334375 0.1753546875 0.26798125 0.1696984375
0 0.2665671875 0.1594421875 0.25802187499999996 0.159715625 0.2580078125 0.1643234375 0.266796875 0.1638015625 0.2665671875 0.1594421875
0 0.1904078125 0.180775 0.189496875 0.1810109375 0.1534359375 0.189025 0.11808125 0.1984515625 0.0576265625 0.21495000000000003 0.0023109375 0.2296578125 0.002828125 0.23710625 0.0530296875 0.2229640625 0.13780625 0.20073593750000002 0.19115312499999998 0.187234375 0.19197031250000002 0.1819546875 0.1904078125 0.180775
0 0.1916171875 0.19138125 0.171465625 0.19515156250000001 0.13116250000000002 0.20740937499999998 0.0661109375 0.22390625000000003 0.0026421875 0.24000625000000003 0.002828125 0.245590625 0.0243953125 0.24134843749999998 0.0831265625 0.22696875 0.15207656249999998 0.20847031249999998 0.1916171875 0.19750937500000001 0.1916171875 0.19138125
0 0.17504999999999998 0.211821875 0.1907390625 0.2071984375 0.192225 0.20609843749999998 0.1917296875 0.2005921875 0.16298125000000002 0.20740937499999998 0.14106093749999998 0.2140078125 0.08414218749999999 0.230034375 0.0361890625 0.24291093749999998 0.0021468750000000003 0.2512359375 0.0023109375 0.255859375 0.0275796875 0.25277812499999996 0.0572734375 0.24370468750000002 0.1145453125 0.2286203125 0.17504999999999998 0.211821875
0 0.05373750000000001 0.260203125 0.0894453125 0.2503046875 0.150959375 0.2352203125 0.19267812499999998 0.22390625000000003 0.1921703125 0.2176984375 0.15131406249999999 0.2286203125 0.0791921875 0.24653437500000003 0.046735937500000005 0.25541874999999997 0.05373750000000001 0.260203125
0 0.16510156250000002 0.24181875000000003 0.19409218749999999 0.23286250000000003 0.19305 0.228115625 0.14945312500000002 0.239565625 0.0805890625 0.258503125 0.0816671875 0.26303125 0.088384375 0.26208906249999997 0.1039390625 0.2592609375 0.16510156250000002 0.24181875000000003
0 0.193215625 0.24683125 0.1934578125 0.23979374999999997 0.14282343749999998 0.2531671875 0.128975 0.25828281249999996 0.13310468749999999 0.2626859375 0.1626953125 0.254203125 0.193215625 0.24683125
0 0.2634765625 0.2095046875 0.257421875 0.2095046875 0.2572265625 0.2138015625 0.2638671875 0.2138015625 0.2634765625 0.2095046875