1 0.224609375 0.193359375 0.2216796875 0.2102859375 0.228515625 0.2180984375 0.23046875 0.279296875 0.23193437499999997 0.2838546875 0.23828125 0.283203125 0.2392578125 0.2259109375 0.2431640625 0.2154953125 0.2392578125 0.201171875 0.244140625 0.197265625 0.2451171875 0.1881515625 0.23974687499999997 0.1888015625 0.23584062499999997 0.1796875 0.22900468749999997 0.1783859375 0.220703125 0.1829421875 0.224609375 0.193359375
0 0.096725 0.2106125 0.19663906250000002 0.190478125 0.2198921875 0.184634375 0.21745625 0.1809234375 0.109596875 0.2027265625 0.0021171875 0.2254859375 0.0018343749999999999 0.23075625 0.096725 0.2106125
0 0.1970640625 0.2428015625 0.2247609375 0.23612812500000002 0.2212046875 0.23132031249999999 0.194840625 0.2384484375 0.19551093749999998 0.24167343749999998 0.1970640625 0.2428015625
0 0.216759375 0.2231375 0.1617875 0.23705625000000002 0.16671562499999998 0.2403546875 0.2223265625 0.2273140625 0.216759375 0.2231375
0 0.16967812499999999 0.2219109375 0.110390625 0.2352734375 0.11180156249999999 0.239603125 0.1715140625 0.2269921875 0.2230390625 0.2166390625 0.2179578125 0.2102390625 0.16967812499999999 0.2219109375
0 0.070721875 0.23734375000000002 0.2173921875 0.20497031250000003 0.217390625 0.19857031249999998 0.100084375 0.224921875 0.0651953125 0.23370625 0.070721875 0.23734375000000002
0 0.221484375 0.1944296875 0.221065625 0.19292499999999999 0.2200765625 0.18897187499999998 0.2120296875 0.1908546875 0.054642187499999995 0.22040312499999998 0.0032578125 0.23094375 0.007329687499999999 0.236353125 0.011303125 0.2354609375 0.1734890625 0.20346562499999998 0.221484375 0.1944296875
0 0.8712484375 0.133778125 0.998715625 0.1152921875 0.9997812500000001 0.1096171875 0.8479484375 0.1316203125 0.6595921875 0.15304374999999998 0.54368125 0.163625 0.33094999999999997 0.179628125 0.3302 0.186621875 0.575996875 0.16751875 0.8496765625 0.136490625 0.8712484375 0.133778125
0 1 0.098953125 0.8226281249999999 0.1240125 0.6435984375 0.14553906249999998 0.4908234375 0.16063750000000002 0.35661718750000004 0.17124062499999998 0.2905953125 0.17477499999999999 0.23710312500000003 0.1786296875 0.23784375 0.184090625 0.3291671875 0.178309375 0.5142265625 0.1638515625 0.725303125 0.141040625 0.9730000000000001 0.1098765625 1 0.10602031249999999 1 0.098953125
0 0.2482046875 0.1908390625 0.3253109375 0.18698281249999998 0.323865625 0.1821640625 0.246278125 0.184734375 0.24748125 0.19116093750000002 0.2482046875 0.1908390625
0 0.3243484375 0.1963 0.24193906250000002 0.198228125 0.2426625 0.203046875 0.32458906249999997 0.20079843749999998 0.3243484375 0.1963
0 0.28971562500000003 0.2281609375 0.2551 0.22836093750000003 0.2557015625 0.232375 0.28971562500000003 0.23217343750000002 0.28971562500000003 0.2281609375
0 0.2511875 0.2131109375 0.3032609375 0.21130468750000003 0.3031109375 0.20668906250000002 0.250434375 0.20809375000000002 0.2499828125 0.212909375 0.2511875 0.2131109375
0 0.3035609375 0.21973125 0.2526921875 0.2211375 0.250434375 0.22555156250000002 0.3026578125 0.22374531250000002 0.3035609375 0.21973125
0 0.29483281250000004 0.23217343750000002 0.3041640625 0.23177187500000002 0.3041640625 0.2285609375 0.29392968750000004 0.2287609375 0.2937796875 0.232375 0.29483281250000004 0.23217343750000002
0 0.401934375 0.20601875 0.50050625 0.2006140625 0.5660093749999999 0.1943453125 0.5873609375 0.1929328125 0.7298375 0.1793640625 0.8735062499999999 0.164440625 0.9994624999999999 0.1487015625 0.9993640625 0.1428953125 0.965640625 0.14808125 0.7589234375 0.1729421875 0.5903265625 0.188075 0.497909375 0.196290625 0.40825625 0.2023421875 0.3361078125 0.20385625 0.335621875 0.208828125 0.401934375 0.20601875
0 0.4845671875 0.1926140625 0.607465625 0.1841828125 0.69988125 0.1770515625 0.8153296875 0.1651609375 0.91748125 0.1517578125 0.9995265625 0.1411640625 0.9986843750000001 0.136840625 0.9059546875000001 0.1491625 0.7475359375 0.1679703125 0.5871953125 0.182021875 0.4292859375 0.19110156250000002 0.3367078125 0.1932625 0.3360578125 0.1995328125 0.3892390625 0.197803125 0.4845671875 0.1926140625
0 0.9982640625 0.174434375 0.9016046875000001 0.1860109375 0.69436875 0.2060796875 0.599721875 0.2149546875 0.599721875 0.219971875 0.7296734375 0.2091671875 0.9710609375000001 0.183309375 0.9988453125 0.1802234375 0.9982640625 0.174434375
0 0.41662499999999997 0.22197343749999998 0.588265625 0.21387031250000002 0.7604796875 0.198046875 0.84355625 0.18839843750000002 0.8937062499999999 0.1840921875 0.9983828125 0.1718046875 0.9992671874999999 0.1644734375 0.9196140625 0.17473125 0.9077453125 0.175846875 0.7960765624999999 0.1880125 0.59318125 0.20692343750000003 0.41749375000000005 0.2158 0.34763125 0.217784375 0.3457125 0.22428906249999997 0.41662499999999997 0.22197343749999998
0 0.5931890625 0.21639375 0.581990625 0.2170625 0.582659375 0.2204046875 0.593690625 0.219959375 0.5931890625 0.21639375
0 0.5704234375 0.21626249999999997 0.5520046875 0.2181265625 0.5513703125 0.222190625 0.5710578125 0.22049687499999998 0.5704234375 0.21626249999999997
0 0.3498640625 0.2301515625 0.5470390625 0.2228234375 0.5475546875 0.216640625 0.48744062499999996 0.22007500000000002 0.3508953125 0.2258 0.3498640625 0.2301515625