1 0.216796875 0.19140625 0.224609375 0.2044265625 0.220703125 0.21484375 0.228515625 0.23046875 0.228515625 0.2721359375 0.234375 0.2721359375 0.23828125 0.2486984375 0.236328125 0.23046875 0.244140625 0.2200515625 0.240234375 0.2096359375 0.248046875 0.1966140625 0.240234375 0.19140625 0.24609375 0.17578125 0.2353515625 0.1666671875 0.2236328125 0.1666671875 0.216796875 0.19140625
0 0.9981296875 0.19094843749999998 0.9985359375 0.1852140625 0.74741875 0.20629218749999997 0.5669390625 0.2137953125 0.5688484375 0.21812187500000002 0.6285515625 0.21573906250000002 0.77459375 0.20887812499999997 0.8411937500000001 0.20458906250000003 0.9138921874999999 0.1985828125 0.9981296875 0.19094843749999998
0 0.47606875000000004 0.2125109375 0.59190625 0.209403125 0.74248125 0.2028359375 0.902128125 0.1914328125 0.9993140625000001 0.1834859375 0.9989156250000001 0.177125 0.857009375 0.190440625 0.6788640625 0.2006609375 0.5313749999999999 0.20654374999999997 0.4270203125 0.2093125 0.3365046875 0.2088078125 0.3356546875 0.21216718750000002 0.3486140625 0.2125109375 0.47606875000000004 0.2125109375
0 0.3338640625 0.2145578125 0.3336734375 0.21913906249999998 0.46405 0.219903125 0.5310515625 0.2196484375 0.5312421875 0.21557656249999999 0.4940203125 0.21557656249999999 0.3338640625 0.2145578125
0 0.3265859375 0.2147453125 0.24518125 0.2134484375 0.2447921875 0.21759374999999997 0.326003125 0.2188890625 0.3265859375 0.2147453125
0 0.3203859375 0.20794843749999997 0.23838125 0.20723281249999997 0.23799375 0.2118953125 0.3223109375 0.2118953125 0.3203859375 0.20794843749999997
0 0.246909375 0.1976765625 0.3165703125 0.19847187500000002 0.43319375000000004 0.1979078125 0.5159890625 0.1942765625 0.597646875 0.19124687499999998 0.6652750000000001 0.1872625 0.672509375 0.187053125 0.7055828125 0.1843703125 0.7335328125 0.1822296875 0.8342812500000001 0.1758734375 0.912040625 0.16880781250000002 0.9314578125 0.166103125 0.999003125 0.1614296875 0.99889375 0.15575468750000002 0.8667546875 0.1679578125 0.729128125 0.178875 0.6047015625000001 0.1867984375 0.5396390625 0.1894515625 0.43974375 0.19263593750000002 0.32113749999999996 0.1931671875 0.2471078125 0.1931671875 0.246909375 0.1976765625
0 0.5650296875 0.1816359375 0.42399375 0.18485000000000001 0.318909375 0.1856546875 0.2421515625 0.18324374999999998 0.2417125 0.188065625 0.3502125 0.18967343750000001 0.44905937500000004 0.1891359375 0.5897078125 0.18485000000000001 0.7902203125 0.17359843749999998 0.9367000000000001 0.1602046875 0.9993890625 0.154309375 0.998784375 0.14868281249999998 0.837040625 0.164490625 0.6974390625 0.174403125 0.5650296875 0.1816359375
0 0.5328703124999999 0.1626140625 0.48661093749999995 0.16591875 0.369715625 0.170115625 0.24452656250000002 0.1727953125 0.2455671875 0.178153125 0.37174843750000003 0.174403125 0.4685953125 0.17172343750000002 0.5632296875 0.1669015625 0.71914375 0.15565 0.8750375 0.142790625 1 0.12859062500000001 0.9994156249999999 0.1237703125 0.851534375 0.139040625 0.700034375 0.1521671875 0.5328703124999999 0.1626140625
0 0.519253125 0.15595468750000002 0.3685046875 0.1614859375 0.23632187500000001 0.166228125 0.2365984375 0.17053125 0.3955921875 0.166925 0.5263453124999999 0.16043281250000002 0.6581312500000001 0.152003125 0.823909375 0.138040625 0.9687328125000001 0.1232875 0.9993578125000001 0.1198640625 0.9985671875 0.11354062499999999 0.8569046874999999 0.12855624999999998 0.6668375 0.14594374999999998 0.519253125 0.15595468750000002
0 0.2211484375 0.209440625 0.1832609375 0.2139828125 0.1832609375 0.2182390625 0.2209359375 0.2139828125 0.2211484375 0.209440625
0 0.1966703125 0.20518437500000003 0.220296875 0.20064375 0.21859531250000003 0.1961046875 0.1402671875 0.21029375 0.14133125 0.215684375 0.1966703125 0.20518437500000003
0 0.13409374999999998 0.20575312499999998 0.216678125 0.1907109375 0.2154015625 0.185603125 0.0885453125 0.20745624999999998 0.090034375 0.211996875 0.13409374999999998 0.20575312499999998
0 0.0349078125 0.2026296875 0.03426875 0.20773906250000002 0.1251546875 0.1966703125 0.2196578125 0.1804953125 0.220296875 0.1753875 0.1311140625 0.189859375 0.0349078125 0.2026296875
0 0.0154296875 0.1981921875 0.015532812500000001 0.20348125 0.1010984375 0.19127812500000002 0.2213609375 0.17197968749999998 0.2217828125 0.166871875 0.10045937499999999 0.1858875 0.0154296875 0.1981921875