1 0.220721875 0.3987515625 0.2208546875 0.3864515625 0.220703125 0.35546875 0.224609375 0.34765625 0.224609375 0.30859375 0.2168453125 0.30160468749999997 0.2119140625 0.3020828125 0.208984375 0.3111984375 0.2109375 0.3971359375 0.2208546875 0.40106875000000003 0.220721875 0.3987515625
0 0.800765625 0.28416874999999997 0.8930359375 0.27452031250000003 0.8931953125 0.270578125 0.815271875 0.2784546875 0.6431390625 0.29185 0.5351234375 0.2974671875 0.53518125 0.30266875 0.5947859375 0.2993765625 0.6382125000000001 0.2959453125 0.7096265625 0.291228125 0.800765625 0.28416874999999997
0 0.6250125 0.2911765625 0.8244171874999999 0.275 0.8993671875 0.2674328125 0.9003453125 0.2619546875 0.8269640624999999 0.270303125 0.6995671875 0.28152343750000003 0.5698296875 0.290915625 0.52775625 0.293525 0.528540625 0.29717812499999996 0.6250125 0.2911765625
0 0.7870375000000001 0.3086578125 0.8842921875 0.2997859375 0.8854671875 0.29222031249999997 0.7801890625000001 0.3016125 0.6158140624999999 0.31309375 0.53440625 0.316746875 0.5344375 0.323721875 0.6312734375 0.3201375 0.7870375000000001 0.3086578125
0 0.8232406250000001 0.322746875 0.8792078125 0.3180515625 0.878034375 0.3133546875 0.7852796875 0.3209203125 0.6483015625 0.3308359375 0.53735 0.3350109375 0.5369578125000001 0.339184375 0.6349953125 0.336315625 0.7103312500000001 0.33161874999999996 0.760034375 0.327965625 0.8232406250000001 0.322746875
0 0.297165625 0.3107328125 0.403815625 0.30896406249999997 0.5012796875000001 0.30489062499999997 0.5014140625 0.3016359375 0.49883749999999993 0.30181562500000003 0.45774218749999995 0.3029015625 0.41772968749999995 0.304403125 0.3095734375 0.30688593750000004 0.22395937500000002 0.3060578125 0.22425 0.3098953125 0.289465625 0.3111515625 0.297165625 0.3107328125
0 0.5016125 0.29888125 0.50185625 0.2952953125 0.4666546875 0.2962734375 0.35249687500000004 0.3008375 0.21780624999999998 0.299859375 0.2173171875 0.30409687500000004 0.27305 0.30474843749999997 0.359096875 0.304421875 0.4453890625 0.3011625 0.5016125 0.29888125
0 0.211334375 0.3418890625 0.1947625 0.3414140625 0.1947625 0.3442640625 0.21080000000000002 0.3447390625 0.211334375 0.3418890625
0 0.211690625 0.33690000000000003 0.19636562500000002 0.3357109375 0.1965453125 0.3390375 0.2115125 0.33975 0.211690625 0.33690000000000003
0 0.30445937500000003 0.3291515625 0.42310781249999996 0.3264390625 0.500240625 0.3239953125 0.49922187500000004 0.320196875 0.30445937500000003 0.325353125 0.30445937500000003 0.3291515625
0 0.3746703125 0.3193828125 0.3038484375 0.3210109375 0.30506875 0.32480937499999996 0.4782609375 0.320196875 0.500240625 0.320196875 0.4996296875 0.3163984375 0.3746703125 0.3193828125
0 0.3486984375 0.34330937499999997 0.313021875 0.34354062500000004 0.313021875 0.3468390625 0.3487453125 0.3466328125 0.3486984375 0.34330937499999997
0 0.3498296875 0.338178125 0.31286562500000004 0.338384375 0.3134859375 0.3423015625 0.3499828125 0.341890625 0.3498296875 0.338178125