1 0.21799375 0.266175 0.2174375 0.26037499999999997 0.21470625000000002 0.2439015625 0.20068437499999997 0.2356765625 0.1936421875 0.23815781249999998 0.1904296875 0.2415359375 0.19292499999999999 0.2487640625 0.197365625 0.25361875 0.190084375 0.25468437499999996 0.191434375 0.2669703125 0.1988046875 0.27170625 0.197828125 0.27442812499999997 0.1928546875 0.2760859375 0.193359375 0.2819015625 0.2003921875 0.2934421875 0.20087031249999998 0.3381171875 0.20198125 0.3442578125 0.20642812500000002 0.3455265625 0.20996406250000002 0.34554375 0.2099609375 0.3352859375 0.209225 0.2932390625 0.21464218750000003 0.2922921875 0.2151609375 0.28688125000000003 0.21577031249999998 0.279503125 0.209196875 0.279503125 0.2089203125 0.27358125 0.2162328125 0.27345625 0.21799375 0.266175
0 0.447275 0.2322234375 0.5340390625 0.22738125 0.6924703125 0.21428906250000002 0.7840515625 0.2048953125 0.8898609375 0.1937234375 0.959778125 0.18611093750000002 0.9977546875 0.1796875 0.9974609375 0.1759109375 0.7881578124999999 0.19988125 0.6656109375 0.2113390625 0.5632906249999999 0.219621875 0.5306640625 0.221875 0.47379375 0.22579218750000002 0.3938140625 0.2289640625 0.280653125 0.233546875 0.2076171875 0.2368484375 0.208578125 0.24100937500000003 0.257621875 0.239303125 0.3517078125 0.2371015625 0.447275 0.2322234375
0 0.6209125 0.22183125 0.5622078125 0.2268234375 0.5177734375 0.2298171875 0.398340625 0.2361984375 0.3744140625 0.237109375 0.2135578125 0.24209062499999998 0.21428906250000002 0.2471078125 0.3692390625 0.2427078125 0.3791015625 0.2421875 0.3921875 0.2416671875 0.5375453125 0.233890625 0.561328125 0.2325515625 0.6050140625 0.2290015625 0.7923859375 0.21261875 0.9885703124999999 0.1892375 0.9883031250000001 0.1837109375 0.9443234374999999 0.1885859375 0.81843125 0.20259999999999997 0.7652875 0.2089171875 0.6973281250000001 0.21563906249999998 0.6209125 0.22183125
0 0.9351312500000001 0.2438640625 0.9355453125000001 0.2378171875 0.9224609375 0.2391953125 0.8431468750000001 0.246784375 0.6690328125 0.261690625 0.5614828125 0.2688859375 0.5614828125 0.273753125 0.57881875 0.272709375 0.6552609375 0.2690359375 0.747196875 0.260771875 0.8611890624999999 0.25137187499999997 0.9351312500000001 0.2438640625
0 0.8976421875 0.2549109375 0.9352750000000001 0.250253125 0.9354625000000001 0.24553124999999998 0.8449046875 0.254253125 0.8099890625 0.2576640625 0.6314203125 0.271240625 0.561415625 0.27630468750000003 0.5619140625 0.280859375 0.6346015625 0.27682656250000004 0.8093546875 0.264015625 0.8976421875 0.2549109375
0 0.2697640625 0.280559375 0.2166015625 0.2795578125 0.216896875 0.28390312500000003 0.2706 0.2841828125 0.2697640625 0.280559375
0 0.2903328125 0.280859375 0.2766609375 0.2809890625 0.27749531250000004 0.2844609375 0.29107656249999997 0.2841828125 0.2903328125 0.280859375
0 0.2873046875 0.2751296875 0.21474687499999998 0.2743484375 0.21428281249999998 0.2791671875 0.287734375 0.2791671875 0.2873046875 0.2751296875
0 0.287525 0.2605 0.21773281249999998 0.260221875 0.21767656249999998 0.2654953125 0.2881515625 0.26467968750000004 0.287525 0.2605
0 0.28906875 0.254884375 0.2149859375 0.2535015625 0.2156078125 0.2583546875 0.2898234375 0.2596640625 0.28906875 0.254884375
0 0.47685000000000005 0.2829390625 0.47663124999999995 0.2788875 0.361078125 0.280559375 0.301734375 0.280559375 0.301525 0.2844609375 0.348540625 0.28473906250000003 0.44137812500000007 0.28379374999999996 0.47685000000000005 0.2829390625
0 0.36748125 0.2748703125 0.303196875 0.2758546875 0.3038234375 0.2803125 0.43379531250000003 0.2780828125 0.47872031249999997 0.27752656249999996 0.47908125 0.2724515625 0.36748125 0.2748703125
0 0.487246875 0.2825515625 0.497575 0.2824671875 0.497565625 0.2789890625 0.48217968750000006 0.2791765625 0.48254062500000006 0.2829078125 0.487246875 0.2825515625
0 0.4982421875 0.2720046875 0.4816515625 0.2719765625 0.4816515625 0.27592812499999997 0.49802656250000005 0.27574062499999996 0.4982421875 0.2720046875
0 0.1944515625 0.2830734375 0.157715625 0.287890625 0.1580078125 0.2916671875 0.195215625 0.2869796875 0.1944515625 0.2830734375
0 0.1930890625 0.27610625 0.1558796875 0.28163593750000004 0.15617343749999998 0.2858625 0.19391875 0.280390625 0.1930890625 0.27610625
0 0.19168593750000001 0.2650984375 0.1565203125 0.270034375 0.1567859375 0.2742640625 0.192478125 0.2695046875 0.19168593750000001 0.2650984375
0 0.136809375 0.2650515625 0.1381578125 0.2693359375 0.1477953125 0.2674015625 0.19115625 0.259634375 0.19062812499999998 0.2546984375 0.1526875 0.26175000000000004 0.136809375 0.2650515625
0 0.101790625 0.259634375 0.103053125 0.2645984375 0.1439625 0.2571671875 0.1899671875 0.250115625 0.1890453125 0.24598124999999998 0.1415765625 0.25358125 0.101790625 0.259634375
0 0.18534062499999998 0.23989375000000002 0.10853281249999999 0.25135 0.108803125 0.256934375 0.15407656249999999 0.24940781250000002 0.18914999999999998 0.24252656250000001 0.1895703125 0.24236093749999998 0.18904062500000002 0.23936406250000003 0.18534062499999998 0.23989375000000002
0 0.2964734375 0.261428125 0.2964734375 0.26504374999999997 0.3652046875 0.26458750000000003 0.4358046875 0.2615390625 0.5292203125 0.2575515625 0.5393421875 0.2569953125 0.5391609374999999 0.2540359375 0.51721875 0.2542953125 0.44030625 0.2567390625 0.3943375 0.25901718749999997 0.3480109375 0.2607390625 0.2964734375 0.261428125
0 0.8730484374999999 0.22589062499999998 0.779346875 0.23605 0.690690625 0.24380000000000002 0.5827093750000001 0.2508625 0.5453125 0.2524734375 0.545071875 0.25591718750000003 0.5808500000000001 0.25505625 0.611075 0.25350625 0.67968125 0.24868281250000002 0.7301203125 0.24506718749999998 0.7788765625 0.2399015625 0.8358890625000001 0.2345625 0.8838968749999999 0.2289890625 0.9387921875 0.22261875 0.9380171875000001 0.21917343749999998 0.8730484374999999 0.22589062499999998
0 0.354296875 0.2576390625 0.44296875 0.255859375 0.5394453125 0.25367656250000004 0.539728125 0.24919531250000002 0.5263890625000001 0.24955781250000003 0.4366625 0.251203125 0.3719421875 0.2525875 0.29455 0.253971875 0.2942359375 0.25901718749999997 0.354296875 0.2576390625
0 0.744696875 0.23451249999999998 0.6652890625000001 0.240596875 0.5877578125 0.2468546875 0.54476875 0.2487140625 0.544896875 0.2522640625 0.6197703125 0.2480375 0.7159375 0.24144375 0.825290625 0.2307921875 0.934628125 0.22030937499999997 0.9448437500000001 0.21928593749999997 0.9442921875 0.21428281249999998 0.901621875 0.2187875 0.833884375 0.22588750000000002 0.744696875 0.23451249999999998