0 0.9240281250000001 0.3797125 0.769771875 0.39275000000000004 0.580321875 0.40187656250000003 0.580321875 0.40774375 0.6873921875 0.402528125 0.79421875 0.396009375 0.8883328125000001 0.38720937499999997 0.9247609375 0.38427656250000003 0.9240281250000001 0.3797125
0 0.9237765625 0.374171875 0.780771875 0.3865578125 0.6798140625 0.393075 0.5800796874999999 0.39763906250000003 0.5800796874999999 0.4022015625 0.6336125 0.4008984375 0.771728125 0.3920984375 0.9245171875 0.378409375 0.9237765625 0.374171875
0 0.9152203125 0.40611406250000004 0.9152171875 0.4014046875 0.8482406250000001 0.40676562499999996 0.6722359375 0.4178484375 0.5805671875 0.4198015625 0.5803234374999999 0.42404062500000006 0.616990625 0.42404062500000006 0.6991265624999999 0.4217578125 0.8191515624999999 0.41393593749999996 0.9152203125 0.40611406250000004
0 0.695215625 0.439359375 0.8616859375000001 0.428928125 0.9054421874999999 0.4259953125 0.9049531249999999 0.42110624999999996 0.754371875 0.4321890625 0.6086437499999999 0.43868437499999996 0.6138828125 0.44270624999999997 0.695215625 0.439359375
0 0.53931875 0.4075125 0.5399140625000001 0.4016984375 0.422971875 0.4022265625 0.2870078125 0.404078125 0.2872015625 0.40804062500000005 0.4277296875 0.40645468749999997 0.53931875 0.4075125
0 0.40027187499999994 0.4253078125 0.40092343750000003 0.42443749999999997 0.4017390625 0.4211796875 0.3548203125 0.4209625 0.3543328125 0.425090625 0.3867515625 0.4253078125 0.40027187499999994 0.4253078125
0 0.39897031250000003 0.426175 0.3644328125 0.42639375 0.365409375 0.4294328125 0.39978437499999997 0.42899843750000005 0.39897031250000003 0.426175
0 0.5388640625 0.4073234375 0.44276875000000004 0.4073234375 0.28712031250000003 0.408096875 0.28712031250000003 0.4109328125 0.288090625 0.412221875 0.4505 0.412221875 0.539353125 0.41197343750000004 0.5388640625 0.4073234375
0 0.27016249999999997 0.4265390625 0.21835468750000003 0.43374375 0.21915 0.4373453125 0.2698453125 0.430353125 0.27016249999999997 0.4265390625
0 0.26905 0.4199703125 0.21819687499999998 0.425690625 0.2188328125 0.42992968749999994 0.2707984375 0.423996875 0.26905 0.4199703125
0 0.2696859375 0.4119171875 0.216765625 0.4167921875 0.2175609375 0.4210296875 0.2706390625 0.4155203125 0.2696859375 0.4119171875
0 0.21819687499999998 0.41636875 0.271434375 0.410646875 0.2706390625 0.4057734375 0.2161296875 0.4125546875 0.21644843749999998 0.41615624999999995 0.21819687499999998 0.41636875
0 0.252521875 0.44179531250000004 0.26714375 0.4403125 0.266984375 0.4373453125 0.2477546875 0.43904062499999996 0.2477546875 0.44200625000000004 0.252521875 0.44179531250000004
0 0.2884390625 0.4210296875 0.4635953125 0.419640625 0.46397187500000003 0.41586249999999997 0.360259375 0.41586249999999997 0.28847187500000004 0.41687031250000006 0.2884390625 0.4210296875