1 0.25625 0.15640625 0.25593750000000004 0.16578125 0.2553125 0.1684375 0.252565625 0.1679015625 0.251671875 0.1590890625 0.24577812500000001 0.159565625 0.24577812500000001 0.1614703125 0.248109375 0.1665265625 0.2491703125 0.170996875 0.2557734375 0.1760671875 0.2561375 0.1902875 0.2645328125 0.19005 0.26471093749999997 0.178378125 0.27185625 0.178140625 0.27257031249999997 0.1767125 0.27310625 0.1650421875 0.2627453125 0.1650421875 0.2620328125 0.1571828125 0.26187499999999997 0.1559375 0.25625 0.15640625
0 0.0333828125 0.20742500000000003 0.07025624999999999 0.200734375 0.1566609375 0.182115625 0.24611875 0.1620421875 0.2454625 0.15680624999999998 0.1782609375 0.1719328125 0.08247499999999999 0.1922984375 0.0028375 0.2080078125 0.0028375 0.213534375 0.0333828125 0.20742500000000003
0 0.1732984375 0.18812656249999998 0.246884375 0.1723953125 0.246884375 0.16750625 0.236840625 0.1696328125 0.133053125 0.19088906249999998 0.0025796875 0.21788593750000002 0.0035359375 0.22213750000000002 0.0677859375 0.21002031250000003 0.1732984375 0.18812656249999998
0 0.24116718750000002 0.18153593750000002 0.24435625 0.1813234375 0.2440375 0.1779234375 0.229209375 0.1791984375 0.150134375 0.1985421875 0.06563593749999999 0.2174609375 0.0677859375 0.22235 0.15164375000000002 0.20321875 0.24116718750000002 0.18153593750000002
0 0.24371874999999998 0.1972671875 0.24355781250000003 0.19386562499999999 0.22881562500000002 0.1946078125 0.096884375 0.22426249999999998 0.0995953125 0.22766406250000001 0.1634 0.21459687500000002 0.2343109375 0.1979046875 0.24371874999999998 0.1972671875
0 0.24203437499999997 0.2089640625 0.24203437499999997 0.204603125 0.23072187500000002 0.2053296875 0.146228125 0.22440937500000002 0.14731875 0.22895156249999998 0.20482968750000002 0.216778125 0.23263124999999998 0.20932656249999998 0.24203437499999997 0.2089640625
0 0.180571875 0.2265890625 0.181253125 0.23113125 0.233175 0.21913906249999998 0.244078125 0.2178671875 0.24462343749999998 0.21387031250000002 0.2323578125 0.2140515625 0.180571875 0.2265890625
0 0.2731078125 0.16591875 0.3085671875 0.1648515625 0.353346875 0.16238593750000002 0.353875 0.15798125000000002 0.272990625 0.16215625 0.2731078125 0.16591875
0 0.3536765625 0.171721875 0.27240312499999997 0.17423125 0.27205 0.178778125 0.353559375 0.1761140625 0.3536765625 0.171721875
0 0.35191249999999996 0.1831703125 0.2771078125 0.18489375 0.277225 0.1894421875 0.3516765625 0.1874046875 0.35191249999999996 0.1831703125
0 0.299690625 0.20277343750000001 0.3318 0.20261562500000002 0.3319171875 0.20151875000000002 0.3319171875 0.1986953125 0.299571875 0.1986953125 0.299690625 0.20277343750000001
0 0.3545 0.1979109375 0.33932656250000004 0.1977546875 0.33932656250000004 0.20183281250000001 0.3545 0.201675 0.3545 0.1979109375
0 0.3319171875 0.20669374999999998 0.31992031249999997 0.20669374999999998 0.31992031249999997 0.20983125 0.3321515625 0.2099875 0.3319171875 0.20669374999999998
0 0.35779375 0.206065625 0.339209375 0.2065359375 0.3396796875 0.21030156249999998 0.35802812500000003 0.20983125 0.35779375 0.206065625
0 0.9987140625 0.0756765625 0.9982953125 0.071028125 0.9721500000000001 0.0738125 0.8878390625 0.0868625 0.7695921875 0.1032671875 0.6476921875 0.1183671875 0.561396875 0.1288078125 0.47511562500000004 0.13701093749999999 0.356509375 0.1465171875 0.261684375 0.154346875 0.262009375 0.1592234375 0.3228875 0.15455000000000002 0.4062421875 0.1486765625 0.48622812499999996 0.1411296875 0.5534250000000001 0.13441875 0.621596875 0.12686875 0.7149656249999999 0.115965625 0.8147015625 0.102753125 0.9404484375 0.084928125 0.9501968749999999 0.08332031250000001 0.9987140625 0.0756765625
0 0.359040625 0.15599687499999998 0.3595640625 0.1612359375 0.4403015625 0.15551874999999998 0.5878109375 0.14075312499999998 0.7570281249999999 0.1221765625 0.905803125 0.1016953125 0.9987640624999999 0.08812031249999999 0.9987640624999999 0.0828796875 0.871228125 0.1005046875 0.666165625 0.1267015625 0.4460671875 0.1500421875 0.359040625 0.15599687499999998
0 0.36648125 0.17076093750000002 0.3661859375 0.175525 0.51086875 0.1669515625 0.6770453125 0.1536140625 0.8613125 0.13265625 0.9992796875 0.1152703125 0.998921875 0.11026875 0.9857046875 0.1107453125 0.7961859375 0.1352765625 0.614334375 0.1536140625 0.48228593750000004 0.1629015625 0.36648125 0.17076093750000002
0 0.366303125 0.1855265625 0.45150468750000006 0.1807640625 0.6333578125 0.16647499999999998 0.8149875 0.14718437499999998 0.9993015625 0.1233671875 0.9991234375 0.1169375 0.8180015624999999 0.140515625 0.6177640625 0.1612359375 0.4573203125 0.17433437499999999 0.3666734375 0.18052656250000002 0.366303125 0.1855265625
0 0.5982031250000001 0.18219375 0.4626578125 0.19029218750000002 0.36895625 0.196721875 0.3691359375 0.201246875 0.43097812500000005 0.1986265625 0.60295625 0.1883859375 0.7288390625 0.1769546875 0.9129421875 0.1579015625 0.9991390625 0.14670624999999998 0.9985250000000001 0.140778125 0.9810984375 0.1421828125 0.827840625 0.1605203125 0.6328546875 0.17957343750000002 0.5982031250000001 0.18219375
0 0.38038125 0.203628125 0.38010625 0.2086296875 0.4985328125 0.203390625 0.637709375 0.1943390625 0.8022750000000001 0.1800515625 0.9418296875 0.1650453125 0.9988859375000001 0.15654531249999998 0.9990062500000001 0.150915625 0.8381375 0.16957187499999998 0.6730171875 0.185765625 0.50733125 0.196959375 0.38038125 0.203628125