1 0.7465828125 0 0.6201171875 0.001953125 0.5732421875 0.4186203125 0.5732421875 0.4251296875 0.5791015625 0.427734375 0.5922859375 0.41015625 0.6606453125 0.390625 0.681153125 0.390625 0.72216875 0.40234375 0.7602546875 0.3841140625 0.7797859375 0.3880203125 0.8034125 0.39382968749999997 0.8017578125 0.365234375 0.748046875 0.0266921875 0.744915625 0.011134375 0.756396875 0 0.7465828125 0
1 0.10546875 0.2376296875 0.11780781250000001 0.238334375 0.1191671875 0.23380312499999997 0.108125 0.22654843750000003 0.09375 0.208984375 0.09765625 0.189453125 0.095215625 0.1848953125 0.0766609375 0.1888015625 0.056185937500000005 0.1679515625 0.0493171875 0.1666671875 0.0474046875 0.16902343749999998 0.0548609375 0.20133593749999998 0.023701562500000002 0.2095046875 0.0033984374999999995 0.2120546875 0.00745625 0.21909062499999998 0.0412328125 0.21658593750000002 0.0546875 0.220703125 0.05859375 0.2584640625 0.055176562500000005 0.265625 0.04296875 0.2727859375 0.052246875000000005 0.2760421875 0.0576171875 0.2936203125 0.069825 0.30078125 0.076171875 0.310546875 0.083496875 0.3033859375 0.095215625 0.3046875 0.11425 0.2922390625 0.091796875 0.267578125 0.0908203125 0.2584640625 0.095215625 0.2369796875 0.1005859375 0.2389328125 0.1000421875 0.2612046875 0.10711875 0.262490625 0.10546875 0.2376296875
0 0.7900390625 0.0006515625 0.7834156250000001 0 0.76904375 0.0169265625 0.7599109375 0.0260125 0.751465625 0.02734375 0.7490234375 0.0319015625 0.75390625 0.0358078125 0.7680671875 0.0286453125 0.7900390625 0.0006515625
0 0.185315625 0.2028484375 0.19184218749999998 0.1987625 0.25937968749999996 0.14525 0.31406718749999996 0.1009796875 0.4164203125 0.0052765625 0.40934375 0.00071875 0.4011390625 0.0077203125 0.327625 0.0733578125 0.24065468750000002 0.14468281249999998 0.1788546875 0.1958640625 0.181946875 0.1993 0.185315625 0.2028484375
0 0.3078546875 0.3868203125 0.3417203125 0.3888734375 0.3413625 0.3825515625 0.3082125 0.3798734375 0.307809375 0.3809453125 0.3078546875 0.3868203125
0 0.35598593749999996 0.2485203125 0.2849015625 0.29031250000000003 0.288915625 0.30064375 0.330815625 0.277184375 0.427584375 0.2225515625 0.4332140625 0.21953125 0.43996250000000003 0.2162328125 0.6078640625 0.10746718749999999 0.60954375 0.0880640625 0.59163125 0.1000046875 0.506553125 0.154484375 0.42707187500000005 0.20747187500000003 0.35598593749999996 0.2485203125
0 0.5755359375 0 0.559728125 0.0119421875 0.45010312499999994 0.0953328125 0.434021875 0.10774999999999998 0.36438281250000004 0.1597078125 0.2720265625 0.22090625 0.1944 0.26423593749999996 0.193528125 0.2661734375 0.1961421875 0.273534375 0.22997499999999998 0.25749062500000003 0.294559375 0.21907656250000002 0.44274375 0.11642343749999999 0.581771875 0.005754687499999999 0.5875265625 0 0.5755359375 0
0 0.490665625 0.014124999999999999 0.48499687500000005 0.0013281249999999999 0.41688281250000003 0.06413593749999999 0.30536875 0.15976875 0.2348984375 0.2187234375 0.242215625 0.2304375 0.2671171875 0.21056875000000003 0.34633437499999997 0.1457625 0.4712140625 0.033459375 0.490665625 0.014124999999999999
0 0.57469375 0.4042921875 0.3439203125 0.38495625 0.34411562500000004 0.39130937499999996 0.5743046875 0.41000312499999997 0.57469375 0.4042921875
0 0.1542953125 0.1787515625 0.15753124999999998 0.18810312499999998 0.24870625 0.0963890625 0.28478593750000003 0.060354687500000004 0.3171859375 0.0243515625 0.337990625 0.0014390625 0.32895625 0 0.31808125 0.010573437500000001 0.281884375 0.0485546875 0.256528125 0.075528125 0.2416921875 0.08955625 0.1542953125 0.1787515625
0 0.191178125 0.073696875 0.091203125 0.177065625 0.0968890625 0.1886390625 0.147178125 0.1339609375 0.2244046875 0.0521453125 0.2675078125 0.000659375 0.25703125 0.000659375 0.191178125 0.073696875