1 0.6741546875 0 0.66796875 0.052734375 0.63671875 0.3404953125 0.6332125 0.389215625 0.65234375 0.3899734375 0.6723640625 0.3828125 0.71435625 0.3880203125 0.7338875 0.3802078125 0.7495125 0.3671875 0.76904375 0.3645828125 0.78466875 0.3697921875 0.7915046875 0.3828125 0.8667 0.36328125 0.9418953125 0.3671875 0.95654375 0.3815109375 0.9614265625 0.37890625 0.9653328125 0.3841140625 0.976075 0.3776046875 0.98779375 0.37890625 0.9985359375 0.37109375 1 0.1751296875 0.970703125 0.004557812499999999 0.966309375 0 0.9360359375 0.0013015625 0.915475 0 0.9050609375 0 0.8852546875 0.0013015625 0.6764187500000001 0 0.6741546875 0
1 0.0847265625 0.2634140625 0.051270312500000005 0.2369796875 0.0400390625 0.216796875 0.0434578125 0.1966140625 0.050293750000000005 0.1979171875 0.05254687500000001 0.223778125 0.0561703125 0.22558906250000002 0.05859375 0.193359375 0.0731578125 0.192671875 0.0693078125 0.1821015625 0.06523124999999999 0.185121875 0.0439453125 0.1595046875 0.0419921875 0.1516921875 0.049603125 0.1322734375 0.020996875 0.1341140625 0.0004890625 0.11328125 0 0.361328125 0.01123125 0.3776046875 0.0205078125 0.3821609375 0.0356453125 0.359375 0.053223437500000005 0.3567703125 0.05859375 0.3352859375 0.064453125 0.330078125 0.0673828125 0.302734375 0.0498046875 0.291015625 0.049946875 0.2696140625 0.07542499999999999 0.2663796875 0.08149062500000001 0.2693453125 0.0847265625 0.2634140625
0 0.41015625 0 0.3693359375 0.03671875 0.34312343749999996 0.0611125 0.279415625 0.115746875 0.24463437500000002 0.1457703125 0.1799140625 0.1930359375 0.1729125 0.19814375 0.1697421875 0.20078437500000001 0.1671609375 0.2026453125 0.16796875 0.2115890625 0.174365625 0.207653125 0.20725625 0.184934375 0.2593859375 0.1436515625 0.2911140625 0.1169265625 0.3547859375 0.0611984375 0.4212890625 0 0.41015625 0
0 0.6358234375 0.3550625 0.635196875 0.3496328125 0.506028125 0.3443625 0.39921875 0.33412031249999996 0.313165625 0.324821875 0.3114265625 0.3289421875 0.45004218749999997 0.3456 0.5715125 0.3540265625 0.5803609375 0.3544671875 0.6358234375 0.3550625
0 0.311190625 0.3338453125 0.3908375 0.34783437500000003 0.511975 0.362459375 0.6350203125 0.36881875000000003 0.63478125 0.36405 0.548459375 0.3599171875 0.5086125 0.356715625 0.4373359375 0.3487875 0.38709375 0.3415578125 0.3121453125 0.32939375000000004 0.311190625 0.3338453125
0 0.391025 0.12938125 0.2815 0.21488749999999998 0.288225 0.22193281250000002 0.4133625 0.126178125 0.5718859375 0.0009609375 0.5512312500000001 0.00032031249999999996 0.391025 0.12938125
0 0.0948921875 0.300821875 0.0725640625 0.2960203125 0.07184531250000001 0.3027421875 0.0934515625 0.30634375 0.1053359375 0.30634375 0.11865937499999998 0.30634375 0.1192 0.3022625 0.0948921875 0.300821875
0 0.2782390625 0 0.22774843749999998 0.0612625 0.17023125 0.126809375 0.10775468749999999 0.1949359375 0.114078125 0.20640156250000002 0.2375765625 0.0689265625 0.29493281250000003 0 0.2782390625 0
0 0.0714046875 0.18001406250000002 0.0770984375 0.190465625 0.1054609375 0.1677765625 0.135371875 0.141646875 0.1848796875 0.09076406249999999 0.2445734375 0.026845312500000003 0.2672515625 0.0011296875 0.25559375 0 0.2119359375 0.0486046875 0.1492015625 0.113315625 0.1034078125 0.1543 0.0714046875 0.18001406250000002
0 0.1446625 0 0.0909203125 0.078840625 0.0723171875 0.1059703125 0.04886875 0.134371875 0.0527265625 0.1433515625 0.07184531250000001 0.121509375 0.12080312499999998 0.052278124999999995 0.1545015625 0 0.1446625 0
0 0.06516875 0.051328125 0.013198437499999998 0.1246546875 0.0193359375 0.131690625 0.076646875 0.048775 0.11043906249999999 0.00023124999999999998 0.1020140625 0 0.06516875 0.051328125
0 0.3078078125 0.32770156250000004 0.298409375 0.32749375000000003 0.298253125 0.330834375 0.3073375 0.33125312500000004 0.3078078125 0.32770156250000004
0 0.3079640625 0.32394218750000003 0.2974703125 0.3233171875 0.2973125 0.32728437499999996 0.3074953125 0.32749375000000003 0.3079640625 0.32394218750000003