1 0.098990625 0.20421406250000002 0.095490625 0.20666406249999997 0.094025 0.21512812499999998 0.1028140625 0.23465937499999998 0.10037343750000001 0.23791406249999997 0.0882671875 0.2441765625 0.0536203125 0.248575 0.05581874999999999 0.257375 0.0964671875 0.25353906249999997 0.099884375 0.258096875 0.099884375 0.293253125 0.1184390625 0.29976250000000004 0.1440859375 0.3002703125 0.1473859375 0.272040625 0.1555484375 0.26851250000000004 0.154084375 0.26395625 0.14431875 0.26135156249999997 0.1321109375 0.24247187499999998 0.1358375 0.22547812500000003 0.1335765625 0.22228906249999997 0.1215375 0.2284109375 0.098990625 0.20421406250000002
1 0.0454109375 0 0.04296875 0.005859375 0.037109375 0.2858078125 0.044921875 0.2897140625 0.0478515625 0.2884109375 0.052734375 0.029296875 0.0546875 0.017578125 0.06591875 0 0.0454109375 0
1 0.6050578125 0 0.6000984375 0.0325515625 0.5629890625 0.05078125 0.5580640625 0.05341875 0.5532234375 0.0455734375 0.543415625 0.0484765625 0.5390625 0.06705781250000001 0.51171875 0.099609375 0.499646875 0.1117828125 0.506025 0.11828593750000001 0.5144640625 0.112534375 0.5184031250000001 0.1090328125 0.5219734375 0.10677031249999999 0.5258796875 0.09895781249999999 0.5312375 0.09648124999999999 0.5336921875 0.0859375 0.5375984375 0.08723906249999999 0.548340625 0.07421875 0.58545 0.08203125 0.5947265625 0.09049531250000001 0.5615234375 0.419921875 0.56591875 0.4296875 0.578125 0.4342453125 0.5751953125 0.439453125 0.5810546875 0.4537765625 0.58545 0.453125 0.59375 0.4654953125 0.5922859375 0.4713546875 0.6079109375 0.4700515625 0.6167 0.4635421875 0.625 0.470703125 0.6328125 0.4615890625 0.632325 0.4518234375 0.65185625 0.4544265625 0.654296875 0.4498703125 0.65234375 0.4368484375 0.642578125 0.4329421875 0.64404375 0.4270828125 0.653809375 0.4322921875 0.6613109374999999 0.4225140625 0.669434375 0.4205734375 0.669921875 0.4134109375 0.6792 0.40625 0.6840828125 0.4088546875 0.7016609375 0.3997390625 0.7216796875 0.3717453125 0.6875 0.1295578125 0.71045 0.11067656249999999 0.720215625 0.09375 0.73779375 0.08723906249999999 0.7451171875 0.07356718749999999 0.739746875 0.0703125 0.7250984375 0.07552031249999999 0.681153125 0.0390625 0.671875 0.0279953125 0.665528125 0 0.6050578125 0
0 0.70794375 0.1456421875 0.72265625 0.1282546875 0.740234375 0.09440156250000001 0.7402328125000001 0.0865609375 0.7383421875 0.0838125 0.7350796875000001 0.087934375 0.7197265625 0.12174531250000001 0.7048515625 0.13968750000000002 0.6879421875 0.1474515625 0.6915015624999999 0.153553125 0.70794375 0.1456421875
0 0.3824328125 0 0.35204843750000003 0.030259374999999998 0.2901546875 0.090028125 0.26783437499999996 0.11228437499999999 0.21119218750000002 0.1633015625 0.13541875 0.223821875 0.13504218750000002 0.22557187500000003 0.13766875 0.22807343750000003 0.20306406250000003 0.1810234375 0.2220703125 0.1648015625 0.24169999999999997 0.1471359375 0.3691171875 0.025507812499999998 0.39425 0 0.3824328125 0
0 0.466084375 0 0.442828125 0.02100625 0.3092859375 0.1440453125 0.25752031249999996 0.187309375 0.2205171875 0.21739375 0.21867343749999998 0.21964687500000002 0.2182125 0.2219 0.21851875 0.22374531250000002 0.2222078125 0.223334375 0.24903749999999997 0.20581875 0.26904374999999997 0.1888015625 0.31396562499999997 0.15234375 0.48052812500000003 0 0.466084375 0
0 0.5278562499999999 0 0.42151875 0.08940000000000001 0.38508749999999997 0.1171140625 0.33711250000000004 0.152315625 0.27734375 0.1946609375 0.28004375000000004 0.20085000000000003 0.292559375 0.1934015625 0.30739218749999997 0.183121875 0.32602031249999996 0.17070000000000002 0.386428125 0.12605312500000002 0.45519687500000006 0.072075 0.4719921875 0.0597140625 0.5407437500000001 0 0.5278562499999999 0
0 0.7984546875 0.0004578125 0.792615625 0 0.7477890625 0.05770625 0.7386859375 0.06870000000000001 0.7400609375 0.0741953125 0.779734375 0.02473125 0.7984546875 0.0004578125
0 0.7987984375 0 0.7678843750000001 0.040075 0.7412625 0.0735078125 0.744525 0.07625625 0.744696875 0.07694218750000001 0.7835125 0.027021875 0.805153125 0 0.7987984375 0
0 0.6923140625 0 0.6691296875 0.021296875 0.6725640625 0.0290828125 0.683728125 0.0222125 0.6933453125 0.027021875 0.7009015625 0.0261046875 0.7175609374999999 0.016715625 0.7304421875 0.0006875 0.725634375 0 0.716359375 0.0093890625 0.7094890625 0.0160296875 0.7007296875 0.020609375 0.69540625 0.020839062499999998 0.689565625 0.0178625 0.6917984374999999 0.009618749999999999 0.6978109375 0.009846875 0.7108625 0 0.6923140625 0
0 0.557228125 0 0.5486 0.047264062499999995 0.5531015625 0.047514062499999996 0.5621031249999999 0 0.557228125 0
0 0.540346875 0.0860265625 0.5319078125 0.10353125 0.5275937500000001 0.11128281250000001 0.5219671875 0.118534375 0.518778125 0.1215359375 0.5161515624999999 0.1240359375 0.5116468750000001 0.1247203125 0.5035875 0.1237859375 0.5024609375 0.113534375 0.5003984375 0.114284375 0.5000234375 0.120534375 0.499834375 0.1265375 0.5032125 0.1277875 0.5127765625 0.1292875 0.519528125 0.1255375 0.5300328125 0.116284375 0.537159375 0.10327968750000001 0.5480375000000001 0.075771875 0.5431609374999999 0.074521875 0.540346875 0.0860265625
0 0.520996875 0.2199890625 0.3609015625 0.30569999999999997 0.3624328125 0.3146796875 0.5020171875 0.2416203125 0.5840546875 0.194278125 0.5820531250000001 0.18320625 0.520996875 0.2199890625
0 0.247946875 0.307740625 0.383553125 0.22896875 0.5298734375 0.1334640625 0.5897609375 0.0892140625 0.5806875 0.0848953125 0.547934375 0.11060624999999999 0.45489687500000003 0.1731921875 0.3281484375 0.253865625 0.2464171875 0.302434375 0.2465671875 0.3072859375 0.247946875 0.307740625
0 0.3641609375 0.41739375 0.318659375 0.4106546875 0.3182953125 0.41702500000000003 0.36386093750000004 0.4230078125 0.3641609375 0.41739375
0 0.33557187499999996 0.23637812500000002 0.3384203125 0.24650781249999998 0.42185625 0.184003125 0.5003703125000001 0.121996875 0.496709375 0.11185624999999999 0.46156874999999997 0.1401375 0.33557187499999996 0.23637812500000002