1 0.6079109375 0 0.603028125 0.0078125 0.563965625 0.0247390625 0.5532234375 0.0104171875 0.544921875 0.0227859375 0.5380859375 0.044921875 0.5063484375 0.078125 0.501953125 0.09309843749999999 0.520996875 0.0859375 0.5493171875 0.0494796875 0.5922859375 0.0611984375 0.5986328125 0.068359375 0.560546875 0.4407546875 0.5693359375 0.455078125 0.5693359375 0.462890625 0.5825203125 0.4778640625 0.6474609375 0.478515625 0.6840828125 0.453125 0.7026375 0.44921875 0.7211921875 0.4361984375 0.7216796875 0.4264328125 0.7265625 0.4225265625 0.73828125 0.3899734375 0.6982421875 0.111328125 0.72216875 0.08854218750000001 0.7338875 0.0703125 0.7495125 0.06640625 0.765625 0.037109375 0.7368171875 0.0520828125 0.6792 0 0.6079109375 0
1 0.1059578125 0.22265625 0.0825203125 0.2018234375 0.080078125 0.2102859375 0.0869140625 0.2311203125 0.0844734375 0.2369796875 0.048340625 0.2421875 0.0419921875 0.248046875 0.055176562500000005 0.2526046875 0.071778125 0.2473953125 0.0844734375 0.2526046875 0.0869140625 0.291015625 0.069825 0.2981765625 0.0673828125 0.3040359375 0.0805671875 0.3138015625 0.0864265625 0.3255203125 0.103028125 0.328125 0.1201171875 0.3391921875 0.1318359375 0.3313796875 0.1328125 0.3118484375 0.1259765625 0.2975265625 0.1318359375 0.2688796875 0.14282343749999998 0.2680765625 0.1425734375 0.2623875 0.1333015625 0.2591140625 0.119140625 0.2376296875 0.126759375 0.217540625 0.1059578125 0.22265625
0 0.6997796875 0.1292203125 0.7014796875 0.13278281249999999 0.7141109375 0.1308390625 0.72236875 0.12306718750000001 0.7415578125 0.09391875 0.7558890625 0.059590624999999994 0.748475 0.063203125 0.7427718750000001 0.0786984375 0.730628125 0.0997484375 0.71726875 0.11659062499999999 0.707553125 0.12371406250000001 0.6997796875 0.1292203125
0 0.7833359375 0.000646875 0.7529734375 0.0430734375 0.7592890625 0.05181718749999999 0.7745921874999999 0.029795312499999997 0.7973296875 0 0.7833359375 0.000646875
0 0.39213906249999997 0.283034375 0.394475 0.2962703125 0.500759375 0.2332 0.5842671875 0.181421875 0.5833921875 0.166628125 0.5244109375 0.20361406249999997 0.39213906249999997 0.283034375
0 0.5865140625 0.0652015625 0.5181250000000001 0.11315625 0.47861562500000004 0.14215 0.33976875 0.2344796875 0.34299375 0.24121406250000002 0.483421875 0.1485171875 0.5944406250000001 0.0689015625 0.5865140625 0.0652015625
0 0.542365625 0.053143750000000003 0.5411390625 0.0639765625 0.540065625 0.066428125 0.5388390625 0.067859375 0.5314796875 0.0821671875 0.5221296875 0.0956578125 0.5161515624999999 0.100153125 0.5104796875 0.1017890625 0.5051125 0.10260625000000001 0.5026609375 0.09913125 0.5022015625 0.0927953125 0.5015875000000001 0.0866640625 0.4995953125 0.08973125 0.49898125000000004 0.098721875 0.49944062499999997 0.1046515625 0.5038875 0.10832968750000001 0.5114 0.109146875 0.5192171875 0.105878125 0.5296421875 0.0948390625 0.5399125 0.0752171875 0.546503125 0.053346875 0.542365625 0.053143750000000003
0 0.5533140624999999 0 0.5539203125000001 0.00969375 0.5539203125000001 0.0103 0.5525578125 0.0117140625 0.5508921875 0.014945312499999999 0.5502859375 0.0179734375 0.5543750000000001 0.018378125000000002 0.5554359375 0.014945312499999999 0.5563453125 0.010906250000000001 0.5563453125 0 0.5533140624999999 0
0 0.357378125 0.215528125 0.45320937499999997 0.1374921875 0.5010171875 0.101190625 0.4989265625 0.09748124999999999 0.47187812500000004 0.11801406249999999 0.4995953125 0.09605312499999999 0.49651562499999996 0.093196875 0.4757375 0.1062890625 0.39790156250000003 0.16741875 0.353253125 0.2039140625 0.357378125 0.215528125
0 0.3744109375 0.10571250000000001 0.24313437499999999 0.2073609375 0.2482125 0.21739531250000002 0.3484390625 0.14034375 0.4495078125 0.0584453125 0.5140015625000001 0.0014890625 0.5037078125 0 0.3744109375 0.10571250000000001
0 0.434303125 0 0.42089218749999996 0.0116765625 0.3294890625 0.10070937499999999 0.22631562500000002 0.19156718749999999 0.22959999999999997 0.20397343750000002 0.36533906250000003 0.080640625 0.44648750000000004 0 0.434303125 0
0 0.2462125 0.10510781250000001 0.1614421875 0.18753906250000002 0.16819062499999998 0.1943796875 0.30522499999999997 0.0621984375 0.36593593750000003 0 0.3520421875 0.000359375 0.2462125 0.10510781250000001