1 0.64875625 0.293678125 0.6588890625 0.293890625 0.6689453125 0.3131515625 0.67578125 0.4498703125 0.6799062499999999 0.45397187499999997 0.68359375 0.4524734375 0.6817453125 0.42489687500000006 0.677734375 0.306640625 0.6870125 0.2890625 0.7026375 0.2838546875 0.703125 0.2779953125 0.6782234375 0.2760421875 0.6704109375 0.26953125 0.6427453125 0.28755000000000003 0.64875625 0.293678125
1 0.8152046875 0.294590625 0.818096875 0.33363437500000004 0.8180953125 0.33837656250000003 0.8249328125 0.33754062500000004 0.8307921875 0.2802484375 0.8268859375 0.26332187500000004 0.829815625 0.25160312500000004 0.818584375 0.22230625 0.8149421875 0.224534375 0.80833125 0.24639375000000002 0.80833125 0.25550937500000004 0.8117890624999999 0.2669171875 0.811590625 0.280634375 0.8152046875 0.294590625
1 0.60498125 0.33984375 0.6005859375 0.349609375 0.6005859375 0.365234375 0.609375 0.458984375 0.615234375 0.4602859375 0.6142578125 0.3743484375 0.6103515625 0.3470046875 0.60498125 0.33984375
0 0.0003921875 0.0631421875 0.0626203125 0.061575000000000005 0.061340625 0.0533875 0.045834375 0.053160937500000005 0 0.053381250000000005 0.0003921875 0.0631421875
0 0 0.04998125 0.0611890625 0.050473437499999996 0.060271874999999996 0.042790625 0 0.04225625 0 0.04998125
0 0.41397500000000004 0.034378124999999995 0.5840953125 0.01574375 0.6594890625 0.005384375 0.65814375 0 0.496625 0.0176703125 0.4556609375 0.0224890625 0.4127703125 0.0269890625 0.372046875 0.030843749999999996 0.372428125 0.037940625 0.41397500000000004 0.034378124999999995
0 0.5596625000000001 0 0.4633859375 0.00939375 0.34531875 0.021534375 0.3470484375 0.029225 0.418553125 0.0224890625 0.5373546874999999 0.00730625 0.579275 0.0025703125 0.585884375 0.001565625 0.5882328125 0 0.5596625000000001 0
0 0.2971140625 0.3398421875 0.23733437500000001 0.33785937499999996 0.2370375 0.34341093749999996 0.2953296875 0.34539375 0.2971140625 0.3398421875
0 0.29635781250000004 0.3287765625 0.236353125 0.32837031250000004 0.23681093749999998 0.334478125 0.2971140625 0.334290625 0.29635781250000004 0.3287765625
0 0.22230625 0.33008125 0.16135 0.3275859375 0.16150625000000002 0.3340296875 0.2224625 0.336940625 0.22230625 0.33008125
0 0.34994375 0.3516578125 0.60103125 0.35153124999999996 0.6004125 0.344509375 0.41700312500000003 0.3461609375 0.3510140625 0.345334375 0.34994375 0.3516578125
0 0.5902140625000001 0.3164875 0.3501078125 0.32676875 0.3506578125 0.3338546875 0.5922984375 0.3238640625 0.5902140625000001 0.3164875
0 0.8621718749999999 0.20144687499999997 1 0.124809375 0.9984046875000001 0.10322187499999999 0.9366656250000001 0.138196875 0.800228125 0.21320624999999999 0.689721875 0.2701609375 0.7009000000000001 0.2815109375 0.7047390625000001 0.28321718749999997 0.8122484375000001 0.22728593749999998 0.8621718749999999 0.20144687499999997
0 0.13233124999999998 0.2817453125 0.14949062500000002 0.32969375 0.15207656249999998 0.328128125 0.1480796875 0.3159046875 0.13609218750000002 0.2808046875 0.13233124999999998 0.2817453125
0 0.1365640625 0.2801765625 0.15278125 0.3278140625 0.1570125 0.3265609375 0.139384375 0.2798640625 0.1365640625 0.2801765625
1 0.09428906249999999 0.397103125 0.0922015625 0.318703125 0.0817640625 0.318703125 0.08211093750000001 0.397103125 0.09428906249999999 0.397103125