0 0.647565625 0.0873328125 0.65078125 0.0720640625 0.65185625 0.0598953125 0.6491734375 0.061884375000000005 0.64415 0.0854578125 0.647565625 0.0873328125
0 0.6564359375000001 0.0571359375 0.6862203124999999 0.0004953125 0.6784078124999999 0.0004953125 0.6665140625 0.0232828125 0.6531390625 0.0502796875 0.6564359375000001 0.0571359375
0 0.6291265625 0.1649296875 0.6337328125 0.1666234375 0.6357421875 0.1595046875 0.6444093750000001 0.11220000000000001 0.639328125 0.112246875 0.6300796875 0.1600609375 0.6291265625 0.1649296875
0 0.5463875 0 0.5453609375 0.006393749999999999 0.5361390625 0.093690625 0.5357703125 0.09762499999999999 0.5380859375 0.09830781250000001 0.5405656249999999 0.097871875 0.5417140625 0.087903125 0.54406875 0.0688546875 0.55029375 0 0.5463875 0
0 0.5532046875 0.0605328125 0.5517578125 0.08919218749999999 0.556640625 0.08919218749999999 0.5571578125000001 0.060871875 0.5532046875 0.0605328125
0 0.55004375 0.187621875 0.5521015625000001 0.185934375 0.5544749999999999 0.11480937499999999 0.5493171875 0.11458281249999999 0.5470359375 0.18677656250000002 0.55004375 0.187621875
0 0.87354375 0 0.799575 0.085059375 0.70916875 0.181075 0.71308125 0.192034375 0.7647421875 0.14037187499999998 0.8574984375 0.038093749999999996 0.8911562500000001 0 0.8837203125 0 0.8081843750000001 0.08349375 0.8805890625 0 0.87354375 0
0 0.7890328125 0.0007921875 0.7795140625 0 0.757803125 0.030534375000000002 0.698321875 0.1134125 0.6783953125 0.143153125 0.6792875 0.1463265625 0.681071875 0.14830937500000002 0.738175 0.07296406250000001 0.7890328125 0.0007921875
0 0.664696875 0.1930890625 0.667871875 0.1850421875 0.6762875 0.161965625 0.6789640625 0.153153125 0.6742984375 0.1512453125 0.6705281249999999 0.1675125 0.6677703125 0.1751953125 0.6655031250000001 0.18234843750000002 0.663528125 0.187375 0.6644265625 0.1909640625 0.664696875 0.1930890625
1 0.5751953125 0 0.5556640625 0.0130203125 0.551675 0.013432812499999999 0.551675 0.030604687499999998 0.5525671875 0.061382812499999995 0.5567765625 0.061382812499999995 0.556640625 0.0377609375 0.5572859375 0.023125 0.5888671875 0.0234375 0.591796875 0.0299484375 0.587890625 0.06901093750000001 0.5732421875 0.08333281249999999 0.5556640625 0.08854218750000001 0.529296875 0.10546875 0.52760625 0.15244843749999998 0.53040625 0.1556078125 0.53463125 0.1511703125 0.5352375 0.1146 0.5859375 0.11588593750000001 0.583984375 0.16015625 0.542296875 0.193753125 0.542296875 0.2376140625 0.548684375 0.235909375 0.5517578125 0.2005203125 0.5791015625 0.1979171875 0.58203125 0.2018234375 0.576171875 0.38671875 0.568359375 0.48828125 0.56779375 0.520478125 0.57421875 0.51953125 0.5751953125 0.515625 0.6064453125 0.515625 0.642578125 0.5013015625 0.642578125 0.4388015625 0.634765625 0.3580734375 0.634765625 0.3059890625 0.626953125 0.2018234375 0.6572265625 0.1979171875 0.6611328125 0.2135421875 0.6642984375000001 0.2137671875 0.662109375 0.19140625 0.623046875 0.16015625 0.62109375 0.11588593750000001 0.6279296875 0.11197968750000001 0.6669921875 0.11197968750000001 0.671875 0.11588593750000001 0.6748046875 0.1510421875 0.677734375 0.1471359375 0.678384375 0.10385625000000001 0.6171875 0.07161406249999999 0.6162109375 0.0234375 0.6455078125 0.0234375 0.6484375 0.05859375 0.65234375 0.05859375 0.652603125 0.012767187499999999 0.6279296875 0 0.5751953125 0
0 0.5617203125 0.17598125 0.5649984375 0.1762 0.57243125 0.1441921875 0.5776234375 0.11673906249999999 0.5730328124999999 0.11630156250000001 0.5672953125 0.1453765625 0.5617203125 0.17598125
0 0.5299796875 0.1561765625 0.5284859375 0.2227453125 0.5319 0.22302968750000002 0.5333921875 0.1553234375 0.5299796875 0.1561765625
0 0.5439875 0.2390328125 0.5409703125 0.31451406249999997 0.5451734375 0.314915625 0.54873125 0.2384 0.5439875 0.2390328125
0 0.060145312500000006 0.10425312499999999 0.0002515625 0.037090625 0 0.045109375 0.01804375 0.0641546875 0.057639062500000005 0.10893125 0.060145312500000006 0.10425312499999999
0 0.059643749999999995 0.11862187500000002 0.0002515625 0.052460937500000006 0.0002515625 0.05981093750000001 0.057139062500000004 0.122965625 0.059643749999999995 0.11862187500000002
0 0.0673 0.1177 0.12602968750000001 0.1787375 0.1306203125 0.17631406249999998 0.0687828125 0.11220468750000001 0.0673 0.1177
0 0.11043750000000001 0.1700125 0.0674828125 0.1266984375 0.066453125 0.1280625 0.065621875 0.13124375 0.10571250000000001 0.1720765625 0.11043750000000001 0.1700125
1 0.3491828125 0.38632343750000003 0.34895624999999997 0.39385625 0.356640625 0.39476093749999996 0.356640625 0.40771875 0.3444359375 0.41344375 0.3451140625 0.41766249999999994 0.35731875 0.418265625 0.3577703125 0.5068609375 0.3638734375 0.5074640625 0.3638734375 0.41916875 0.3760765625 0.41314375 0.37652968750000004 0.408925 0.364325 0.409225 0.36364687500000004 0.39687031250000004 0.36929687499999997 0.394459375 0.3704265625 0.38541875000000003 0.3491828125 0.38632343750000003