1 0.6293953125 0 0.5584234375 0.0378171875 0.5582546875000001 0.0846921875 0.5631781250000001 0.092390625 0.5688484375 0.0442703125 0.6240234375 0.0462234375 0.62109375 0.103515625 0.5825203125 0.1302078125 0.576171875 0.1412765625 0.5743578125 0.190784375 0.5801203125 0.191284375 0.5810546875 0.1477859375 0.5844734375 0.1432296875 0.6157234375 0.1393234375 0.6181640625 0.1438796875 0.6123046875 0.337890625 0.6005859375 0.4720046875 0.6005859375 0.4928390625 0.6044921875 0.501953125 0.6118171875 0.4908859375 0.6840828125 0.4830734375 0.689453125 0.4759109375 0.66796875 0.146484375 0.6704109375 0.1419265625 0.7026375 0.1419265625 0.70465 0.1851640625 0.7086515624999999 0.1851640625 0.708984375 0.1360671875 0.6669921875 0.10221406250000001 0.6611328125 0.052734375 0.6625984375 0.0442703125 0.67529375 0.0416671875 0.7172859375 0.04296875 0.7199312499999999 0.0564203125 0.7202140625 0.0620625 0.7190859374999999 0.089896875 0.7241640625 0.0900859375 0.7255859375 0.07096406250000001 0.724609375 0.037109375 0.68310625 0.0130203125 0.661621875 0.006510937499999999 0.6567390625 0 0.6293953125 0
0 0.6918624999999999 0 0.687490625 0.0171140625 0.69140625 0.0162765625 0.6963765625 0 0.6918624999999999 0
0 0.68310625 0.0455734375 0.669153125 0.104003125 0.673384375 0.10682499999999999 0.6872078125 0.048334375 0.68310625 0.0455734375
0 0.7109375 0.130859375 0.713603125 0.130821875 0.7242453125 0.09162187499999999 0.7205015625 0.09049531250000001 0.708184375 0.1297859375 0.7109375 0.130859375
0 0.5698203125 0 0.5673828125 0.029296875 0.5719140625 0.0314546875 0.57470625 0.0154484375 0.575684375 0 0.5698203125 0
0 0.5859375 0.001953125 0.583984375 0.021484375 0.587890625 0.021484375 0.5903328125 0 0.5859375 0.001953125
0 0.607184375 0.092665625 0.6129921875 0.061367187499999996 0.615771875 0.046656249999999996 0.609453125 0.0453609375 0.6083984375 0.0501296875 0.59211875 0.121178125 0.5959578125 0.120471875 0.5998640625 0.1193390625 0.607184375 0.092665625
0 0.5810546875 0.0475265625 0.576765625 0.130434375 0.5808421874999999 0.1311140625 0.5842390625 0.12998125 0.584578125 0.10529999999999999 0.5864265625 0.0455734375 0.5810546875 0.0475265625
0 0.00195625 0.175334375 0 0.1748140625 0.0005796875 0.18615781250000002 0.09095468749999999 0.2502703125 0.1134984375 0.2656125 0.11545468750000001 0.258828125 0.00195625 0.175334375
0 0 0.012003125 0.13463125 0.1508078125 0.22425625 0.23691093749999997 0.22506875 0.230134375 0.0696640625 0.074621875 0 0.00165 0 0.012003125
0 0.0049484375 0 0.0497984375 0.0503140625 0.1512515625 0.155890625 0.20785468749999997 0.2119796875 0.2244046875 0.2284796875 0.22579531249999998 0.221465625 0.13393125 0.128671875 0.011753125 0 0.0074234375 0 0.0049484375 0
0 0 0.0695375 0.062771875 0.12824843749999998 0.15333593750000002 0.2119421875 0.16051875 0.2081953125 0.1296015625 0.17988125 0 0.060376562499999994 0 0.0695375
0 0.1349109375 0.1977859375 0.0003125 0.0753671875 0 0.0853609375 0.024046875000000002 0.1070125 0.12991406249999998 0.19986874999999998 0.1349109375 0.1977859375
0 0.11960781250000001 0.193621875 0.000625 0.091190625 0 0.09951875 0.118046875 0.19986874999999998 0.11960781250000001 0.193621875
0 0.711196875 0.1849328125 0.7135734375 0.190215625 0.769053125 0.1310375 0.829553125 0.0637578125 0.828759375 0.059178125000000005 0.7555796875 0.138434375 0.711196875 0.1849328125
0 0.771959375 0.1204703125 0.8292875000000001 0.0560078125 0.8258531250000001 0.0507234375 0.7101390624999999 0.178590625 0.711196875 0.1849328125 0.771959375 0.1204703125
0 0.7584546875 0.03243125 0.723128125 0.0810765625 0.7269890625000001 0.0854515625 0.76636875 0.0355203125 0.7908859374999999 0.000771875 0.7821984375000001 0 0.7584546875 0.03243125
0 0.5880140625 0.1458453125 0.5814984375 0.16823125 0.5830031250000001 0.1764171875 0.592525 0.1458453125 0.5880140625 0.1458453125
0 0.5558390625 0.22206718749999999 0.559853125 0.2235546875 0.56074375 0.1801515625 0.5629734375 0.0909671875 0.560521875 0.0909671875 0.5591828125 0.12753281249999998 0.5558390625 0.22206718749999999
0 0.7052546875 0.1976796875 0.707925 0.187465625 0.704990625 0.1855265625 0.6953843749999999 0.21312812499999997 0.6910921875 0.22514375000000003 0.6951703124999999 0.22600156249999998 0.7052546875 0.1976796875
1 0.3657359375 0.3801515625 0.36526562500000004 0.3876734375 0.3727875 0.387046875 0.3734921875 0.4892140625 0.37819375 0.4882734375 0.378428125 0.387359375 0.3854796875 0.38641875 0.38524375 0.37733125 0.37936875 0.3782703125 0.378428125 0.361034375 0.3725515625 0.3619734375 0.3725515625 0.3782703125 0.3657359375 0.3801515625