1 0.6064453125 0.1516921875 0.65185625 0.1484375 0.6548734375 0.18388437500000002 0.657715625 0.1861984375 0.6611328125 0.173828125 0.6586921875 0.140625 0.6025390625 0.11002656250000001 0.6040046875 0.06770781249999999 0.62841875 0.06770781249999999 0.6313015625 0.09980781250000001 0.6321125000000001 0.1092734375 0.63623125 0.10416718750000001 0.6376953125 0.099609375 0.63671875 0.0618484375 0.61328125 0.0436203125 0.62109375 0.0266921875 0.6167 0.0247390625 0.59716875 0.0390625 0.58154375 0.0390625 0.560059375 0.0260421875 0.55859375 0.0319015625 0.564453125 0.0436203125 0.54265 0.0608578125 0.5416359374999999 0.1025125 0.5473171875 0.10440468750000001 0.5485328125 0.069784375 0.5766609375 0.06770781249999999 0.580078125 0.07356718749999999 0.5771484375 0.11262968749999999 0.521484375 0.1438796875 0.521484375 0.1790359375 0.5219406249999999 0.190525 0.5258796875 0.1888015625 0.5297859375 0.1497390625 0.5751953125 0.1516921875 0.5732421875 0.197265625 0.5357765624999999 0.2242296875 0.535115625 0.2365578125 0.5353375 0.2685484375 0.5390796875 0.2688421875 0.540528125 0.2291671875 0.5712890625 0.232421875 0.56640625 0.3951828125 0.55859375 0.5006515625 0.5570390625 0.53161875 0.571778125 0.5169265625 0.6157234375 0.5169265625 0.6298828125 0.5071609375 0.611328125 0.2337234375 0.6394546875 0.2292203125 0.6425359375 0.2653203125 0.647378125 0.2659078125 0.6469390625 0.22393749999999998 0.6103515625 0.197265625 0.6064453125 0.1516921875
1 0.3528328125 0.40502031250000003 0.358865625 0.40777343750000006 0.3575953125 0.42217031250000003 0.3509265625 0.4215359375 0.351403125 0.42725156249999996 0.3595015625 0.42936874999999997 0.358865625 0.5024124999999999 0.365234375 0.501953125 0.36410624999999996 0.4304265625 0.37595625 0.426228125 0.3761734375 0.422171875 0.364740625 0.42217031250000003 0.3661703125 0.40544375 0.3749046875 0.4037515625 0.3749046875 0.39866875 0.3595015625 0.39930468750000003 0.35314999999999996 0.40015156249999995 0.3528328125 0.40502031250000003
1 0.43445 0.508340625 0.434396875 0.498778125 0.4351015625 0.4443328125 0.429209375 0.44482499999999997 0.42857500000000004 0.508128125 0.43445 0.508340625
0 0.684071875 0 0.6439015625 0.0815734375 0.6391953125 0.0916578125 0.64453125 0.09440156250000001 0.692871875 0 0.684071875 0
0 0.53125 0.1360671875 0.5454109375 0 0.541015625 0.0006515625 0.539578125 0.015101562499999999 0.5276078125 0.13968750000000002 0.53125 0.1360671875
0 0.6171546875 0.182521875 0.613390625 0.1994453125 0.6176468749999999 0.200640625 0.627221875 0.1531984375 0.6254890625 0.15165625 0.62361875 0.15058125 0.6171546875 0.182521875
0 0.54015 0.221253125 0.5415796875 0.2207765625 0.5454109375 0.1510421875 0.5410015625 0.1512875 0.536578125 0.21982343750000002 0.54015 0.221253125
0 0.5232296875 0.31785625 0.52543125 0.19077187499999998 0.5221296875 0.19282656250000002 0.5194875 0.3199109375 0.52256875 0.32284531250000004 0.5232296875 0.31785625
0 0.9020546875000001 0 0.8131265624999999 0.0992 0.74576875 0.1696734375 0.71055 0.204859375 0.713190625 0.2095546875 0.7589750000000001 0.16494375 0.8338171875 0.083353125 0.9068968749999999 0.0005875 0.9020546875000001 0
0 0.8087234375 0.0915703125 0.7079078125 0.20016250000000002 0.7109890625 0.20427187500000002 0.77790625 0.13324687500000001 0.846584375 0.056937499999999995 0.895590625 0.0008359375000000001 0.8901671875 0 0.8087234375 0.0915703125
0 0.71903125 0.114965625 0.733990625 0.09479531249999999 0.8004515624999999 0.000659375 0.79564375 0 0.7734125 0.0314953125 0.7270328125 0.0969046875 0.718359375 0.108690625 0.6992375 0.1318453125 0.7015890625 0.1341953125 0.7027640625 0.1349796875 0.71903125 0.114965625
0 0.7896234375 0 0.7457546875000001 0.063196875 0.7163421875 0.1030875 0.6971812500000001 0.1279265625 0.7001203125 0.131453125 0.718190625 0.10891406249999999 0.7565125 0.054232812500000005 0.7934890625000001 0.00044843749999999994 0.7896234375 0
0 0.598353125 0 0.5896125 0.043028125 0.5923015625 0.0432515625 0.60205 0 0.598353125 0
0 0.594990625 0 0.5854109375000001 0.0419078125 0.5897796875 0.042803125 0.5990249999999999 0 0.594990625 0
0 0.560846875 0 0.553065625 0.05314218750000001 0.556084375 0.0539890625 0.5597359375 0.029217187500000002 0.564975 0 0.560846875 0
0 0.655940625 0.185565625 0.6447234374999999 0.22206874999999998 0.6479546875 0.2230828125 0.6610734375 0.1850578125 0.655940625 0.185565625
0 0.5630640625 0.1529640625 0.5506140625 0.213140625 0.5554203125 0.2136984375 0.56784375 0.15349531249999998 0.5630640625 0.1529640625
0 0.08414374999999999 0.0927921875 0.1527890625 0.173771875 0.1682890625 0.190221875 0.1710046875 0.1876 0.0758390625 0.077115625 0.0111078125 0 0.005378125 0.00042187500000000005 0.08414374999999999 0.0927921875
0 0 0.045434375 0.044929687499999996 0.09591875 0.0732359375 0.1275859375 0.145434375 0.2072703125 0.1682328125 0.23214218749999999 0.17030625 0.227075 0.06770781249999999 0.1156109375 0.0010359375 0.0405328125 0 0.045434375
0 0.1418578125 0.21573125 0.1696234375 0.2453484375 0.17038124999999998 0.2399640625 0.1135875 0.179046875 0.014640624999999999 0.07033906250000001 0.00075625 0.054521875 0 0.06024375 0.05679375 0.12519843749999998 0.1418578125 0.21573125
0 0 0.11267968749999999 0.0677875 0.1815609375 0.140053125 0.25084062500000004 0.1457265625 0.24845156249999997 0.0456890625 0.15209843750000002 0 0.10630781250000002 0 0.10949374999999999 0 0.11267968749999999
0 0.137065625 0.256415625 0.14184531250000001 0.254425 0.068384375 0.1851453125 0.0005984375 0.1194484375 0 0.12581875 0.0949609375 0.21859062499999998 0.137065625 0.256415625
0 0 0.146125 0.057634375 0.19987656250000002 0.12034375 0.25482343749999997 0.1215375 0.2496453125 0.04718125 0.18395 0 0.140153125 0 0.146125
0 0 0.2066703125 0.025834375 0.22733750000000003 0.09543281249999999 0.283665625 0.0996875 0.28001875 0.049540625 0.240709375 0 0.1993765625 0 0.2066703125
0 0.0879515625 0.2866171875 0.09244843750000001 0.2839953125 0.06462812500000001 0.2633875 0.00028125 0.2135578125 0 0.21842812500000003 0.0216375 0.2352875 0.0879515625 0.2866171875
0 0.6317234375 0.109003125 0.6295984375 0.12457499999999999 0.632359375 0.12570781250000002 0.6349078125000001 0.108153125 0.6317234375 0.109003125
0 0.5434859375000001 0.10868437500000001 0.542859375 0.1320328125 0.5461953125 0.1309203125 0.5466125 0.10840468750000001 0.5434859375000001 0.10868437500000001