1 0.3423171875 0.4428078125 0.34779375 0.453659375 0.34128125 0.46411875 0.34690468750000003 0.471221875 0.34695468749999997 0.50210625 0.3515625 0.5032546875 0.3526765625 0.4700390625 0.360225 0.4655 0.35326875 0.45563281250000004 0.3572640625 0.44458281250000004 0.3537125 0.44103125 0.353515625 0.4173171875 0.3534171875 0.4094578125 0.34695468749999997 0.4105875 0.3455734375 0.43392656250000006 0.3423171875 0.4428078125
0 0.5404921875 0 0.5187125 0.1398421875 0.517578125 0.146484375 0.5224609375 0.146484375 0.544434375 0 0.5404921875 0
0 0.9235453124999999 0 0.770096875 0.16715312499999999 0.7823078125 0.1774640625 0.8856921874999999 0.066209375 0.9422703125 0.0021703125 0.937384375 0 0.8825484375 0.06120625 0.8482546875000001 0.091928125 0.9296515624999999 0 0.9235453124999999 0
0 0.7614265625 0.0659578125 0.6772953125 0.183809375 0.6827453125 0.1906640625 0.76261875 0.0820921875 0.8187609374999999 0.0007 0.8054765625 0 0.7614265625 0.0659578125
0 0.6373765625 0.10075937500000001 0.5807609375 0.1996453125 0.5836453125000001 0.20772343750000002 0.6274984375 0.1342515625 0.6843343749999999 0.028465625 0.696740625 0.00076875 0.687821875 0 0.6676828125000001 0.0416859375 0.6373765625 0.10075937500000001
0 0.575209375 0 0.559709375 0.0741359375 0.5422421875000001 0.161721875 0.5491312500000001 0.16040937500000002 0.5565125 0.1289171875 0.5793921875 0.02361875 0.5840671875 0.00196875 0.584559375 0 0.579634375 0 0.56610625 0.06823125 0.5786781249999999 0 0.575209375 0
0 0.516740625 0 0.5058078125 0.1219921875 0.496984375 0.2158515625 0.500628125 0.2166125 0.50350625 0.183109375 0.511178125 0.0997421875 0.521153125 0 0.516740625 0
1 0.588365625 0.3427234375 0.58785625 0.30766875 0.5615234375 0.2942703125 0.55859375 0.2877609375 0.55859375 0.25390625 0.5615234375 0.25 0.5888671875 0.25 0.59375 0.25390625 0.59375 0.2747390625 0.5966796875 0.2786453125 0.599609375 0.2721359375 0.5966796875 0.2421875 0.5615234375 0.2265625 0.552734375 0.21484375 0.552734375 0.1888015625 0.5556640625 0.1848953125 0.5712890625 0.1848953125 0.576171875 0.1940109375 0.576171875 0.2122390625 0.580078125 0.2122390625 0.580078125 0.1783859375 0.564453125 0.1653640625 0.5654296875 0.1484375 0.5419921875 0.1614578125 0.5185546875 0.1510421875 0.517578125 0.16796875 0.50390625 0.1809890625 0.50390625 0.2096359375 0.5068359375 0.2135421875 0.509765625 0.2096359375 0.51171875 0.19140625 0.5166015625 0.1848953125 0.5302734375 0.1848953125 0.533203125 0.1888015625 0.53125 0.2200515625 0.5009765625 0.234375 0.48754375000000005 0.24169999999999997 0.486328125 0.2486984375 0.486328125 0.2721359375 0.4892578125 0.2760421875 0.4951171875 0.25 0.5263671875 0.25 0.529296875 0.25390625 0.52734375 0.2903640625 0.49997968750000005 0.304409375 0.498046875 0.31640625 0.4983859375 0.341184375 0.5009765625 0.3411453125 0.5068359375 0.3098953125 0.5202125 0.3097109375 0.525390625 0.3111984375 0.5234375 0.4231765625 0.517578125 0.48828125 0.517578125 0.5455734375 0.525390625 0.5455734375 0.5341796875 0.5364578125 0.5576171875 0.5286453125 0.5703125 0.4856765625 0.560546875 0.3033859375 0.5646265625 0.307328125 0.56666875 0.30834843749999996 0.583984375 0.31640625 0.583984375 0.33203125 0.5847921875 0.3457875 0.588365625 0.3427234375
0 0 0.062417187500000006 0.0652015625 0.14984843750000001 0.06594531249999999 0.1481140625 0.0670609375 0.14365624999999999 0.0027859375 0.058453124999999995 0 0.062417187500000006
0 0.068175 0.13399531250000002 0.0027859375 0.0490421875 0 0.0539953125 0.06624375 0.1396203125 0.068175 0.13399531250000002
0 0.06613125 0.19368749999999998 0.0033437500000000004 0.11591562500000001 0.00045468749999999996 0.120953125 0.0641953125 0.1983515625 0.06613125 0.19368749999999998
0 0.0668734375 0.1860109375 0.0035296875 0.1079890625 0.0003703125 0.11195312500000001 0.06483124999999999 0.1914578125 0.0668734375 0.1860109375