1 0.5745218750000001 0.3491609375 0.5518828124999999 0.33069375 0.5510546875 0.3067671875 0.5766609375 0.307059375 0.5783625 0.32709062499999997 0.583334375 0.328875 0.582378125 0.301853125 0.5649421875 0.2888296875 0.548828125 0.284271875 0.5466249999999999 0.2582609375 0.5551765625 0.260184375 0.562296875 0.255628125 0.5644046875 0.281715625 0.5693765625 0.280440625 0.5673828125 0.25041875 0.5556640625 0.241303125 0.5542 0.2302359375 0.5356453125 0.236746875 0.5219734375 0.2263296875 0.515459375 0.2276703125 0.517578125 0.2321890625 0.5208140625000001 0.2416921875 0.507046875 0.2488296875 0.50685625 0.2799296875 0.5122078125 0.2784125 0.51335625 0.25800625 0.5278765625 0.260775 0.52734375 0.2829703125 0.51904375 0.291434375 0.4936640625 0.30006875 0.4929 0.31103125 0.4938546875 0.3286203125 0.49863437499999996 0.328365625 0.501953125 0.3090125 0.509278125 0.30575625 0.52295 0.3044546875 0.52734375 0.31291875 0.5244328125 0.3385875 0.5062156250000001 0.346471875 0.5014093749999999 0.3539359375 0.49938125 0.3880578125 0.5067390625 0.3874765625 0.511428125 0.35422031249999997 0.5242640625 0.353246875 0.517578125 0.4939078125 0.5161296875 0.5544328125 0.5209859375 0.5540265625 0.528809375 0.5232046875 0.5532234375 0.5075796875 0.560546875 0.4939078125 0.5551953125 0.35314843749999997 0.5676640625 0.358575 0.56968125 0.3846640625 0.5773546875 0.38291718750000003 0.576540625 0.35615312499999996 0.5745218750000001 0.3491609375
0 0.52781875 0 0.5254125000000001 0.0219359375 0.5089234375 0.205078125 0.505615625 0.2441578125 0.5108765625 0.2454421875 0.5328484375 0 0.52781875 0
0 0.5529671875 0 0.551634375 0.007748437499999999 0.51995625 0.226165625 0.525596875 0.225746875 0.5575140625 0 0.5529671875 0
0 0.9396015625 0.0166375 0.9028734375 0.059328124999999995 0.905228125 0.06278125 0.928771875 0.037040625 0.9591421875 0.000628125 0.9534921875 0.000628125 0.9396015625 0.0166375
0 0.917940625 0.0240453125 0.9020703125 0.042079687500000004 0.903815625 0.050853125 0.9228859375 0.0282515625 0.9447812499999999 0.0009421875 0.9379531249999999 0.0009421875 0.917940625 0.0240453125
0 0.8899265625 0.0740828125 0.8602609375 0.10735625 0.8642640625 0.1133203125 0.8929859375 0.07690781249999999 0.8899265625 0.0740828125
0 0.8760359375 0.0734546875 0.8560234375 0.0963703125 0.8586140625 0.1023328125 0.8805093749999999 0.07659375 0.8922796875 0.066234375 0.89063125 0.0608984375 0.8760359375 0.0734546875
0 0.046621875 0.10345 0.0003484375 0.0663390625 0 0.07654375 0.052884375 0.11876093750000001 0.13325625000000002 0.18324218750000001 0.1377796875 0.1776765625 0.046621875 0.10345
0 0.14125937500000002 0.1707171875 0.00104375 0.0552046875 0.0013921875 0.06587499999999999 0.138128125 0.1772125 0.14125937500000002 0.1707171875
0 0 0.1367828125 0.1242453125 0.2163203125 0.1249078125 0.20266718749999998 0 0.12197499999999999 0 0.1367828125
0 0.809475 0.16383281249999998 0.7388874999999999 0.24404374999999998 0.7404515625 0.250165625 0.8120390625 0.1701 0.8547781249999999 0.12109375 0.8502906250000001 0.1182453125 0.809475 0.16383281249999998
0 0.735234375 0.2377109375 0.737609375 0.2447734375 0.7986203125 0.17316875 0.8526890625 0.1120359375 0.8490359375000001 0.1086265625 0.8126859375000001 0.14856875 0.735234375 0.2377109375
0 0.77295 0.084103125 0.719715625 0.1626484375 0.6783265625 0.2222765625 0.682203125 0.2314640625 0.741040625 0.1498328125 0.8105765625 0.0471734375 0.84055625 0.0014890625 0.8349703125 0.0014890625 0.8053625 0.046925 0.7749328125 0.0910859375 0.815790625 0.026814062500000003 0.8321578125 0.0007296875000000001 0.8283046875 0 0.77295 0.084103125
0 0.6596968750000001 0.11173124999999999 0.62995625 0.17460625000000002 0.634465625 0.1842828125 0.6915281249999999 0.0645453125 0.72196875 0.0004359375 0.7178609375 0.0004359375 0.7053734375 0.028259374999999996 0.703878125 0.026446874999999998 0.7151265625 0.00026250000000000004 0.71293125 0.0004359375 0.7112890625 0.0004359375 0.696665625 0.033954687500000004 0.6596968750000001 0.11173124999999999
0 0.64124375 0 0.6316171875000001 0.028489062500000002 0.5919359375 0.15152656250000002 0.595928125 0.15402968749999998 0.6250421875 0.0641796875 0.6457046875 0 0.64124375 0
0 0.5929953125 0.000284375 0.58956875 0.000284375 0.572865625 0.0868046875 0.5533765625 0.1910265625 0.5448109375 0.23328593749999998 0.5475953125 0.23328593749999998 0.548553125 0.22917656250000001 0.5615140625 0.1636140625 0.5929953125 0.000284375
0 0.5848578125 0 0.57008125 0.083375 0.5490875 0.197253125 0.5425328125 0.23149531250000002 0.544596875 0.2330015625 0.5531625 0.1933109375 0.5884984375 0 0.5848578125 0
1 0.171875 0.27734375 0.171875 0.2591140625 0.173828125 0.2486984375 0.1902796875 0.236778125 0.19226875000000002 0.2569859375 0.19861562500000002 0.2557328125 0.1965 0.22783906250000002 0.1748046875 0.2317703125 0.171875 0.2278640625 0.173265625 0.19505 0.18117343749999998 0.1907078125 0.18359375 0.2096359375 0.1875 0.20703125 0.18839375 0.1949125 0.1868640625 0.18145625 0.1748046875 0.1822921875 0.171875 0.1731765625 0.1741109375 0.15648125 0.1748046875 0.1432296875 0.17470625 0.13469375 0.1547984375 0.1350890625 0.15625 0.1809890625 0.1335078125 0.18083125 0.1328125 0.1888015625 0.1323328125 0.200940625 0.13262968749999998 0.21001093750000002 0.137090625 0.20886875 0.139665625 0.19148125 0.1562875 0.197840625 0.15625 0.23046875 0.1533203125 0.234375 0.1279296875 0.234375 0.123046875 0.2408859375 0.12302968750000001 0.2545890625 0.12535625 0.25955 0.127865625 0.2579265625 0.1298828125 0.2421875 0.1416015625 0.2421875 0.1533203125 0.2447921875 0.158203125 0.2591140625 0.1552734375 0.2838546875 0.1337890625 0.28125 0.12890625 0.28515625 0.126953125 0.2981765625 0.1281015625 0.3137109375 0.135153125 0.310890625 0.1377390625 0.2920875 0.1435546875 0.2942703125 0.15625 0.30078125 0.1555796875 0.49344374999999996 0.15625 0.5455734375 0.167165625 0.545525 0.167496875 0.4872640625 0.16796875 0.36328125 0.171875 0.2981765625 0.1787109375 0.2916671875 0.18498281249999998 0.295534375 0.18615781250000002 0.31120468749999997 0.1936796875 0.3080703125 0.193359375 0.2903640625 0.1884765625 0.28125 0.171875 0.27734375
1 0.38780625 0.45707812499999995 0.388665625 0.4527265625 0.383340625 0.4527265625 0.38316875 0.4410484375 0.3857453125 0.44081875000000004 0.3859171875 0.4362375 0.382653125 0.4355515625 0.3817953125 0.42822343749999997 0.3771578125 0.428453125 0.3769859375 0.4332625 0.37458125 0.43303281250000003 0.3744109375 0.4383 0.37767343750000004 0.4387578125 0.3775015625 0.45226875 0.374925 0.45226875 0.375096875 0.4568484375 0.379390625 0.4568484375 0.379390625 0.467840625 0.37355 0.4682984375 0.37355 0.4733359375 0.3783609375 0.47379375 0.379046875 0.535853125 0.37921875 0.53745625 0.3812796875 0.537684375 0.384028125 0.537684375 0.383340625 0.4740234375 0.38832187500000004 0.4733359375 0.38849374999999997 0.468528125 0.38316875 0.4689859375 0.382825 0.45707812499999995 0.38780625 0.45707812499999995