1 0.32177812499999997 0.5078125 0.3131515625 0.50833125 0.31269375 0.511996875 0.319259375 0.5126078125 0.3194125 0.547621875 0.31865 0.627221875 0.324909375 0.6280359375 0.3236875 0.5252296875 0.3268890625 0.520640625 0.3268890625 0.5179046875 0.323509375 0.518709375 0.32399374999999997 0.51606875 0.3245953125 0.5109874999999999 0.3280953125 0.5105046875 0.328215625 0.5072859375000001 0.3245953125 0.5076078125000001 0.32177812499999997 0.5078125
1 0.79140625 0.5055984375 0.7905656249999999 0.50658125 0.790271875 0.5248468749999999 0.784375 0.5259109375000001 0.784375 0.5311203124999999 0.7916015625 0.5333328125000001 0.7919890625 0.598434375 0.79313125 0.6220749999999999 0.8025921874999999 0.6254609375 0.8039984375 0.6180718749999999 0.797278125 0.5326625 0.8044281249999999 0.529803125 0.8038546875 0.5258 0.7971359375 0.524465625 0.79670625 0.5099765625 0.7970703125 0.5057296874999999 0.7959968749999999 0.5055984375 0.794140625 0.5055984375 0.79140625 0.5055984375
0 0.311821875 0.5134484375 0.319115625 0.5112671875 0.318571875 0.5067421875 0.29766875000000004 0.5110859375000001 0.26794375000000004 0.5156109375 0.166146875 0.5230312500000001 0.10736562499999999 0.5241156250000001 0.058637499999999995 0.523934375 0.008821875 0.5219453125 0.000678125 0.5219453125 0 0.525384375 0.033576562500000004 0.5268359375 0.099825 0.5282875 0.16333124999999998 0.528646875 0.20579687500000002 0.5245640625 0.258675 0.5212984374999999 0.27521249999999997 0.51803125 0.3021484375 0.5150671874999999 0.311821875 0.5134484375
0 0.05235625000000001 0.5318859375 0.034568749999999995 0.5318859375 0.0007171875 0.5293984375 0.00014375 0.5339890625 0.035717187500000004 0.537240625 0.0820484375 0.53743125 0.08276718749999999 0.5330328125 0.05235625000000001 0.5318859375
0 0.11403749999999999 0.53360625 0.097253125 0.5343718749999999 0.09854531250000001 0.5385796875 0.11489687500000001 0.53743125 0.11403749999999999 0.53360625
0 0.149221875 0.5331312500000001 0.13659375 0.532640625 0.13659375 0.53721875 0.1493453125 0.5380359375 0.149221875 0.5331312500000001
0 0.26238125 0.5243265625 0.20102812499999997 0.5308546875 0.202659375 0.53629375 0.2581390625 0.5304171875 0.31639062500000004 0.52128125 0.3154125 0.516059375 0.26238125 0.5243265625
0 0.7150015625 0.5200859375 0.774575 0.5125109375 0.7910046875 0.5096453125 0.7908515625 0.5047312500000001 0.7306578125 0.5131249999999999 0.6386859375 0.5217234375 0.6172140625 0.52273125 0.5536234375 0.523053125 0.49466093750000006 0.5223375 0.4140484375 0.517425 0.3489484375 0.5104640625 0.32780468749999997 0.5079296875 0.327459375 0.512921875 0.37444375 0.518040625 0.421371875 0.523215625 0.4412359375 0.524590625 0.49743281250000004 0.5282765625 0.5533187500000001 0.528684375 0.622259375 0.52745625 0.67845625 0.52315625 0.7150015625 0.5200859375
0 0.7369375 0.5225703125 0.6552781249999999 0.5307828125 0.6037 0.533028125 0.544753125 0.5334453124999999 0.486128125 0.532515625 0.44291875 0.5300734375 0.4053796875 0.5262828125000001 0.327275 0.5167984375 0.327009375 0.5209625 0.330103125 0.5213875 0.3965875 0.5299875000000001 0.44894999999999996 0.5361296875 0.5212453125 0.5392328125 0.567978125 0.539253125 0.644440625 0.5372609374999999 0.7059046875 0.53158125 0.7885625 0.5201578125 0.7882 0.51533125 0.7369375 0.5225703125
0 0.9790218749999999 0.5367609375 0.9788125000000001 0.531596875 0.9286546875000001 0.5285 0.8388578125 0.52031875 0.7978515625 0.5151046874999999 0.7978515625 0.5200515625000001 0.8470375000000001 0.5262687500000001 0.8920296875 0.5309796875 0.9433421875000001 0.5351921875000001 0.9790218749999999 0.5367609375
0 0.971415625 0.525525 0.9985359375 0.526171875 0.9989265625 0.5213546874999999 0.9479906250000001 0.5188328125 0.8845921875 0.5151140625 0.8226828125000001 0.507925 0.797584375 0.5051984375 0.7972125 0.5099078125000001 0.8687906249999999 0.5190796875 0.9243781249999999 0.52329375 0.971415625 0.525525
0 0.9846375 0.5386015625 0.999503125 0.534334375 0.9992953124999999 0.5291046875000001 0.991759375 0.53130625 0.9843265625000001 0.5328203125 0.9846375 0.5386015625
1 0.9829109375 0.5856765625 0.9837328125000001 0.531596875 0.979440625 0.5317359374999999 0.978603125 0.5863203125 0.9829109375 0.5856765625