1 0.324271875 0.5376765625 0.3251953125 0.5110671875 0.32452187499999996 0.5075062499999999 0.32177812499999997 0.5078125 0.319525 0.5076921875 0.3181359375 0.5152796875 0.318303125 0.53915625 0.31927500000000003 0.62836875 0.324271875 0.62929375 0.324271875 0.5376765625
1 0.7834703125 0.5302718750000001 0.78721875 0.5321234375 0.792215625 0.5319390625 0.7926328125000001 0.6015312500000001 0.79296875 0.6204421875 0.794853125 0.624296875 0.8016546874999999 0.62355625 0.8041546875 0.6189281249999999 0.797490625 0.5319390625 0.8038765625 0.5306437500000001 0.80443125 0.525090625 0.7965187499999999 0.5252749999999999 0.7963875 0.5052078125 0.791634375 0.5044546875 0.79055 0.5249046875000001 0.78333125 0.525090625 0.7834703125 0.5302718750000001
1 0.979478125 0.532309375 0.978515625 0.59765625 0.982421875 0.59765625 0.9833984375 0.53125 0.979478125 0.532309375
0 0 0.5348953125 0.0195953125 0.5354953124999999 0.0771921875 0.538009375 0.1138765625 0.5370953125 0.1148765625 0.533496875 0.1144765625 0.5329625 0.099609375 0.5334640625 0.038792187500000005 0.5312296875 0.010896875 0.529896875 0 0.5295578125 0 0.5348953125
0 0.1799625 0.530290625 0.1806625 0.53615625 0.21834531250000003 0.53398125 0.28857499999999997 0.5263015625 0.316534375 0.521625 0.317034375 0.5160265625 0.2905671875 0.5191921875000001 0.2591703125 0.5231453125 0.2255859375 0.5270828125 0.21240312499999997 0.528125 0.1830078125 0.5299484375 0.1799625 0.530290625
0 0.14857499999999998 0.533090625 0.1345765625 0.533221875 0.13545000000000001 0.5376296875000001 0.14873125 0.5375 0.14857499999999998 0.533090625
0 0.16925625 0.5230859375 0.118775 0.524346875 0.000040625 0.52106875 0.000378125 0.5256062499999999 0.09945000000000001 0.5291359375 0.1655734375 0.5283796875 0.195634375 0.5271203125 0.24460312499999998 0.5223296875 0.318378125 0.5122453124999999 0.3189453125 0.5069515625000001 0.30022812499999996 0.5099781250000001 0.2457765625 0.5167843750000001 0.1920078125 0.521784375 0.16925625 0.5230859375
0 0.6979421875 0.51620625 0.6497734375 0.520278125 0.5857515624999999 0.5230546875 0.5280859375 0.523425 0.46938593749999996 0.5223140625 0.414196875 0.5182421875000001 0.3249375 0.5080625000000001 0.32496562500000004 0.51139375 0.36355624999999997 0.516390625 0.40311874999999997 0.5215734375000001 0.46461406250000004 0.5263859375 0.555578125 0.528421875 0.6496125 0.526015625 0.736590625 0.51713125 0.79110625 0.5099125 0.79055 0.504915625 0.761796875 0.5089875 0.6979421875 0.51620625
0 0.7974625 0.5045453125 0.7970734375 0.50954375 0.845521875 0.5156515625 0.8830515625 0.5199078125 0.9257562500000001 0.5223140625 0.9774625 0.5256453125 0.9993953125000001 0.526015625 0.99911875 0.5204640625 0.954696875 0.5189812500000001 0.8890375 0.5149109375 0.843965625 0.5108390625 0.7974625 0.5045453125
0 0.9993281250000001 0.5297171875 0.9843359375 0.531753125 0.984059375 0.53675 0.9994671875 0.535825 0.9993281250000001 0.5297171875
0 0.9790609375000001 0.5369359375 0.97863125 0.5311984375 0.935621875 0.5286062499999999 0.8531656249999999 0.52101875 0.7970843750000001 0.514540625 0.79694375 0.5200921875 0.8409484375 0.52583125 0.8992328125 0.5315671875 0.9524078125000001 0.5354546874999999 0.9790609375000001 0.5369359375
0 0.3264265625 0.5167625 0.3260109375 0.5213875 0.37517187500000004 0.528421875 0.4386109375 0.5350843750000001 0.5015390625 0.5386015625 0.582234375 0.5386015625 0.6437296875 0.53675 0.69685 0.5321234375 0.743353125 0.52675625 0.7893 0.521203125 0.7893828125 0.5195375 0.7889671875000001 0.5150953125 0.7443562499999999 0.5215734375000001 0.666184375 0.5300874999999999 0.5903671875 0.5336046875 0.50524375 0.5337890625 0.4453921875 0.5306437500000001 0.36835 0.5224984375 0.3264265625 0.5167625