1 0.3190765625 0.5095765625 0.31886875 0.6296578125 0.323465625 0.6304937500000001 0.32421875 0.509765625 0.3190765625 0.5095765625
0 0 0.525090625 0.0559671875 0.5285249999999999 0.140315625 0.5282953125 0.1696859375 0.528065625 0.1971921875 0.5278515625 0.2427265625 0.5223328125 0.30444375 0.51480625 0.3183671875 0.512296875 0.31987187499999997 0.5072796875 0.18703125 0.5233359375 0.10725156250000001 0.5248406250000001 0.0218265625 0.522834375 0 0.5203249999999999 0 0.525090625
0 0 0.535165625 0.012 0.535853125 0.0183546875 0.53608125 0.0602609375 0.5379125 0.083790625 0.5379125 0.08224375 0.5331046875000001 0.0310640625 0.531959375 0 0.53173125 0 0.5333328125000001 0 0.535165625
0 0.11267968749999999 0.533575 0.0974125 0.534796875 0.0977171875 0.5386656249999999 0.1131375 0.5382578125 0.11267968749999999 0.533575
0 0.14840781249999999 0.53316875 0.13481875000000001 0.5337796875 0.135278125 0.5370359375 0.1496296875 0.537240625 0.14840781249999999 0.53316875
0 0.3166484375 0.5158265625 0.29268125 0.519571875 0.24361875 0.5263125 0.2003625 0.53105625 0.20242343749999997 0.5353 0.265153125 0.528309375 0.31739687499999997 0.5205703125000001 0.3166484375 0.5158265625
0 0.700446875 0.5224671875 0.7138421875 0.5202359375000001 0.768625 0.5135359375 0.789915625 0.509709375 0.789915625 0.50524375 0.6937484375 0.5173640625 0.5707875 0.52438125 0.46887656250000004 0.5227859375 0.3978328125 0.5164078125 0.3453890625 0.5089828125 0.324628125 0.5074765625000001 0.32556250000000003 0.51300625 0.34869374999999997 0.5156890625 0.3795828125 0.52009375 0.42354531250000005 0.524309375 0.46664843749999996 0.52775625 0.5213875 0.5290984375 0.583740625 0.5292890625 0.64375 0.526934375 0.700446875 0.5224671875
0 0.7727968749999999 0.516734375 0.7175421875 0.5241281250000001 0.6728625 0.528009375 0.636996875 0.5301578124999999 0.58675 0.5328453125 0.520121875 0.5335609375 0.46324375 0.5309875 0.40915 0.527190625 0.3672375 0.5227625 0.3253578125 0.5157421875 0.3245796875 0.5181125 0.32380156250000003 0.52063125 0.327325 0.5208140625000001 0.37015312499999997 0.52820625 0.4231140625 0.5333046875 0.5043640625 0.5386578125 0.5802640625000001 0.5391671875 0.6617124999999999 0.5350890625 0.718115625 0.5307546875 0.788475 0.520559375 0.788284375 0.5146953125 0.7727968749999999 0.516734375
0 0.8257515625 0.5081953125 0.7974609375 0.505078125 0.797559375 0.5102859375000001 0.8612437500000001 0.5182249999999999 0.9104296875 0.522340625 0.9762046874999999 0.5259406249999999 0.9991578125 0.5264546875 0.998828125 0.521484375 0.9704171875000001 0.521053125 0.882846875 0.5146234375 0.8257515625 0.5081953125
1 0.79604375 0.5156515625 0.79604375 0.5109874999999999 0.7977328124999999 0.5105046875 0.7977328124999999 0.5050343749999999 0.79049375 0.5047125 0.7900109375000001 0.510665625 0.7913375 0.510665625 0.791309375 0.5151046874999999 0.7900390625 0.5170578124999999 0.790234375 0.5209640624999999 0.791309375 0.5223953125 0.791096875 0.52659375 0.7845796875 0.52659375 0.7851828125 0.531903125 0.7917 0.5317703125000001 0.79326875 0.6221609375 0.8040078125000001 0.620584375 0.797265625 0.5309890625 0.8038875000000001 0.5307765625 0.8038875000000001 0.52659375 0.79568125 0.5253062500000001 0.79568125 0.5217671875 0.7967671875 0.5209625 0.797009375 0.5154921875 0.79604375 0.5156515625
0 0.8003234375 0.5206906250000001 0.8714437500000001 0.528603125 0.9579875 0.5350640624999999 0.9780765625000001 0.536384375 0.9778796875 0.531240625 0.92891875 0.5283390625 0.845034375 0.520821875 0.7979515625 0.5152828125 0.7978515625 0.5201828125 0.799121875 0.5204421875 0.8003234375 0.5206906250000001
1 0.9827109374999999 0.5933937499999999 0.9833734375000001 0.5312953125 0.9795265625 0.53165 0.9780656249999999 0.5939265625 0.9827109374999999 0.5933937499999999
0 0.9989328125 0.5306765625 0.9833734375000001 0.5321796875 0.9836390625 0.53695625 0.99903125 0.5351874999999999 0.9989328125 0.5306765625