1 0.318659375 0.5459046875 0.3190453125 0.632253125 0.3241953125 0.6325968750000001 0.3248390625 0.5098546875000001 0.3191734375 0.5095109375 0.3187875 0.5198109375 0.318659375 0.5459046875
1 0.79106875 0.524365625 0.7838765624999999 0.526009375 0.7836703125 0.5310765625 0.7917875000000001 0.5320359375 0.7912734375 0.5358703125 0.791015625 0.53985 0.7921984375 0.585321875 0.79250625 0.621075 0.8017578125 0.6257875 0.8042187500000001 0.625184375 0.804115625 0.6208015625 0.7974375 0.533815625 0.7973343749999999 0.5310765625 0.8042187500000001 0.52970625 0.804321875 0.5257359375 0.796821875 0.5246390625 0.7965140625 0.506009375 0.790965625 0.506009375 0.79106875 0.524365625
0 0 0.534375 0.0060546875 0.5346359374999999 0.013575 0.5350265624999999 0.015740625 0.5364718749999999 0.0250265625 0.5367734375000001 0.08040312499999999 0.5385859375 0.1136234375 0.53845 0.1141828125 0.5335984375 0.08227812500000001 0.5335984375 0.0249078125 0.5324796875 0.0145328125 0.53065625 0 0.5302156250000001 0 0.5328125 0 0.534375
0 0.149903125 0.5350265624999999 0.13642656250000001 0.534375 0.13601093749999998 0.53845 0.15009843750000001 0.5388015625 0.149903125 0.5350265624999999
0 0.7894390625 0.52064375 0.7901609374999999 0.517553125 0.78950625 0.513725 0.7779296875 0.5162765625 0.7053859375 0.5258 0.6375609375 0.5315875 0.6047046875000001 0.5328578125 0.5456984375 0.5331828125 0.4818296875 0.5315875 0.425821875 0.527121875 0.39296875 0.5248703124999999 0.34759531250000003 0.5188296875 0.3251953125 0.5165359375 0.32534687500000004 0.5194671875 0.3259765625 0.521484375 0.3984375 0.53125 0.4813484375 0.5380203125 0.564746875 0.5395828125000001 0.6124031249999999 0.5385421874999999 0.6201171875 0.5385421874999999 0.68110625 0.5341609375 0.7451203125 0.5274421874999999 0.7894390625 0.52064375
0 0.7996046875 0.5144484375 0.7988875 0.5198703124999999 0.8028796874999999 0.5205078125 0.81364375 0.521784375 0.8576171875 0.5272140624999999 0.8940390624999999 0.5308265624999999 0.9733124999999999 0.5371671874999999 0.9789 0.5373390625 0.9783203125 0.53125 0.9149421875 0.5266921875 0.8533203125 0.520703125 0.8158609374999999 0.51655625 0.7996046875 0.5144484375
0 0.9989625 0.5305640625 0.9842546875 0.5325109375 0.984765625 0.5380203125 0.9990343749999999 0.5361125 0.9989625 0.5305640625
1 0.978515625 0.5872390625 0.978515625 0.5924484375 0.9794921875 0.59375 0.9814453125 0.59375 0.982421875 0.5924484375 0.9829390625000001 0.560684375 0.9834828124999999 0.54850625 0.984375 0.5325515625 0.9833984375 0.53125 0.9814453125 0.53125 0.978515625 0.53515625 0.978515625 0.57421875 0.9780453124999999 0.5792453125 0.9780453124999999 0.584609375 0.978515625 0.5872390625
0 0.0000390625 0.521565625 0 0.5258406250000001 0.07298281250000001 0.5282828125 0.12096875 0.5290984375 0.17623906250000002 0.5274687499999999 0.23395468749999998 0.5236 0.3176234375 0.51321875 0.31731875 0.50751875 0.235175 0.5183078125 0.1686046875 0.5227859375 0.1104296875 0.5246187499999999 0.0000390625 0.521565625
0 0.3161203125 0.52055 0.31561875 0.5151953125000001 0.265921875 0.5245671875 0.2020453125 0.5315937500000001 0.20305 0.5366140625 0.2688078125 0.5290828125 0.299303125 0.5238968749999999 0.3161203125 0.52055
0 0.8480328125 0.516584375 0.89910625 0.5219406249999999 0.9487359375000001 0.5248078125 0.9982546875 0.5259875 0.9983718749999999 0.5209578125000001 0.9334093749999999 0.5189140625 0.87551875 0.5145125 0.79664375 0.5047671874999999 0.79668125 0.5093156249999999 0.8480328125 0.516584375
0 0.7365375000000001 0.512109375 0.6574625000000001 0.5197406250000001 0.6134734374999999 0.5235578125 0.549459375 0.5229546875 0.4857453125 0.5231546875 0.4300171875 0.5205437500000001 0.3260921875 0.50809375 0.32503906250000003 0.512109375 0.3792625 0.519540625 0.42701093749999997 0.5247625 0.48138437500000003 0.527775 0.5560921875 0.5291796875 0.614834375 0.5281765625 0.689840625 0.5227546875 0.7430140625 0.5165265625 0.7909125 0.5094984375 0.790309375 0.50508125 0.7365375000000001 0.512109375