1 0.685834375 0.5620609375 0.6861578125000001 0.5771421875 0.6915828125 0.575771875 0.6912125 0.5720078125 0.6895171875 0.5563765625 0.6736625 0.54660625 0.6719234375 0.5383640625 0.68061875 0.5378484375 0.681196875 0.5427421875 0.681584375 0.55124375 0.6864125 0.5509859374999999 0.685353125 0.534246875 0.6707046875 0.518621875 0.6665609375 0.49675 0.6607078125 0.49689375 0.6599625 0.518621875 0.6533781249999999 0.528575 0.6589859375 0.659246875 0.6599468749999999 0.6867359375000001 0.6834 0.670965625 0.6756562500000001 0.5826265625 0.674821875 0.579578125 0.68255 0.5857609375 0.6837093750000001 0.5999265625 0.6888453125 0.5980671875 0.6864125 0.5818953125 0.6748578125 0.57083125 0.675334375 0.5646125 0.685834375 0.5620609375
0 0.9997078125 0.3553390625 1 0.3485671875 0.837403125 0.4791671875 0.7853765625 0.5161765625 0.7741234375 0.524453125 0.7779859375 0.528575 0.85970625 0.472678125 0.874196875 0.46185937499999996 0.9935546875 0.3727859375 0.9994140625 0.368359375 0.998828125 0.361328125 0.9700203125 0.383984375 0.8837890625 0.44908906249999997 0.97060625 0.3799484375 0.988575 0.3645828125 0.9997078125 0.3553390625
0 0.873346875 0.2387 0.8071296875 0.3227 0.7434578125 0.402715625 0.6926593750000001 0.4623015625 0.66743125 0.492075 0.6695046875 0.4968921875 0.714584375 0.445346875 0.8318453124999999 0.3025671875 0.8348531250000001 0.2982234375 0.8393921875 0.2921359375 0.859059375 0.267215625 0.9024374999999999 0.2104921875 0.9594859375 0.13591718749999998 1 0.08072968750000001 0.9993171875 0.07421875 0.873346875 0.2387
0 1 0.19584375 0.9042859375000001 0.301428125 0.8424703125 0.36835625 0.8255343749999999 0.3852171875 0.771153125 0.440090625 0.76099375 0.45064843750000005 0.7236171875 0.4853203125 0.67650625 0.52525625 0.680671875 0.53001875 0.75341875 0.466015625 0.8312296874999999 0.3891328125 0.8344234374999999 0.385896875 0.9011484375000001 0.3123875 0.9194875 0.293084375 0.9291937499999999 0.2821859375 1 0.20321093750000002 1 0.19584375
0 0.9619828125 0.326503125 0.82674375 0.44374062500000006 0.7334968749999999 0.5157546875000001 0.8280375 0.4320125 1 0.2631515625 0.999871875 0.255578125 0.87875625 0.3743171875 0.8239203125 0.427309375 0.7644109375 0.479934375 0.7296359375 0.5109859375 0.7073734375 0.5295124999999999 0.7018453124999999 0.533496875 0.6945234375 0.538678125 0.6866453124999999 0.5447859375 0.6866453124999999 0.5478515625 0.68765 0.5494359375 0.708359375 0.5366125 0.723659375 0.5293140625 0.7515625 0.5095046875 0.8003109374999999 0.4721375 0.8591843750000001 0.42312656249999997 0.9687078124999999 0.32869375 0.9846718750000001 0.313353125 1 0.2986984375 0.9998046875 0.2920578125 0.9619828125 0.326503125
0 0.9984375 0.429296875 0.9567390625 0.4546875 0.96171875 0.45846406249999994 0.9991218749999999 0.43541718749999997 0.9984375 0.429296875
0 0.79248125 0.5579421875 0.8218421875 0.5442875 0.822228125 0.5373328125 0.7826171875 0.555859375 0.783396875 0.5620609375 0.79248125 0.5579421875
0 0.891196875 0.4968921875 0.837103125 0.5293484375 0.83865 0.5342421875000001 0.882696875 0.507453125 0.9470296875 0.46778437500000003 0.945678125 0.46288906250000006 0.891196875 0.4968921875
0 0.6870296875 0.597409375 0.6869015625 0.59775 0.68766875 0.600815625 0.704178125 0.59693125 0.7035828125 0.5925671875 0.6949484375 0.5948546875 0.6870296875 0.597409375
0 0.7026109375 0.572375 0.6862625 0.5810593749999999 0.6867734375000001 0.5846375 0.703378125 0.5764625 0.7026109375 0.572375
0 0.7035828125 0.5644 0.6910859375 0.5704828125 0.691978125 0.5743171874999999 0.704271875 0.568290625 0.7035828125 0.5644