1 0.7278421875000001 0.5229796875 0.728928125 0.5391421875 0.7338125 0.5374546875 0.7326234375 0.51844375 0.711740625 0.501753125 0.7110171875 0.4940328125 0.721321875 0.49355312500000004 0.7221015625 0.5086578125 0.728221875 0.50883125 0.7265625 0.490234375 0.708984375 0.4720046875 0.7048890625 0.44611875 0.7026375 0.4453125 0.6977234375 0.44520781249999997 0.697265625 0.4733078125 0.6885109375 0.4812984375 0.6805515625 0.48721249999999994 0.680209375 0.507684375 0.6840765625 0.5075328125 0.684759375 0.49403593749999997 0.6958015625 0.49337968749999994 0.6956703125 0.504315625 0.6771390625 0.517084375 0.677253125 0.5374046875 0.6815734375 0.5371015625 0.681346875 0.52254375 0.6965874999999999 0.5229984375 0.6953359375 0.535434375 0.6914687500000001 0.5390734375 0.6890796875 0.5411953125 0.6829390625 0.547715625 0.6833953125 0.572584375 0.68794375 0.570309375 0.6876015625 0.553175 0.6960171875000001 0.5533265625 0.694190625 0.6137125 0.694365625 0.6265515625 0.694178125 0.6367 0.694715625 0.6489625 0.6950375 0.6517734374999999 0.69944375 0.6510625 0.70305 0.65081875 0.710490625 0.65081875 0.71345 0.6515296875 0.7146421875 0.555609375 0.714590625 0.544071875 0.721815625 0.5421453125 0.7147718750000001 0.531065625 0.7139109375 0.5234625 0.7278421875000001 0.5229796875
0 0.8481234375 0.27933281249999997 0.8785140625000001 0.24057343750000001 0.98128125 0.112359375 0.9994859375 0.0876953125 1 0.07858125 0.818028125 0.305365625 0.8018421874999999 0.3271453125 0.8049625 0.33218281250000004 0.8095703125 0.3259765625 0.8481234375 0.27933281249999997
0 0.7193125 0.4825421875 0.765046875 0.44317031250000005 0.798896875 0.412921875 0.796915625 0.40740156250000004 0.716071875 0.4796609375 0.7193125 0.4825421875
0 0.7785 0.5097125 0.7806671875 0.5149234375 0.787371875 0.5107265625 0.8037703125 0.49901249999999997 0.8035953125 0.4975109375 0.8016578125 0.4937921875 0.7785 0.5097125
0 0.9992828125000001 0.3549671875 0.9197015625 0.414065625 0.8112796875000001 0.48988750000000003 0.8134171875 0.49548125 0.8239625 0.488459375 0.9876968749999999 0.374903125 0.9997640625 0.3660890625 0.9992828125000001 0.3549671875
0 0.7372046875 0.502753125 0.7966421875 0.46362812499999995 0.8023515625 0.4590140625 0.8015984375 0.4527734375 0.7670265625 0.4763 0.801778125 0.448453125 0.798175 0.44317031250000005 0.7272359374999999 0.5000671875 0.7284828125 0.5077890625 0.7372046875 0.502753125
0 0.9720734375 0.44670468750000003 0.96969375 0.44392812499999995 0.8935656249999999 0.48583125000000005 0.816165625 0.5269515625000001 0.8173078125 0.5330515625000001 0.8622078125 0.5109375 0.9732640625 0.44888593749999994 0.9720734375 0.44670468750000003
0 0.9627625 0.33151406250000004 1 0.2989734375 0.998609375 0.293209375 0.9472546875000001 0.3372765625 0.8615796874999999 0.40710468750000006 0.810734375 0.44574687500000004 0.8117515624999999 0.45117031250000006 0.8559875 0.4172734375 0.9627625 0.33151406250000004
0 0.84886875 0.40744218749999994 0.938865625 0.3257515625 0.9996265624999999 0.26914375 0.9993718749999999 0.262703125 0.9810671875000001 0.2803296875 0.8881859375 0.364753125 0.8381078125 0.4085 0.8079375000000001 0.4352390625 0.810225 0.439984375 0.84886875 0.40744218749999994
0 0.8809015625000001 0.3328703125 0.97140625 0.238975 0.9996265624999999 0.2077890625 0.998609375 0.20270468749999998 0.963271875 0.24066875 0.8842062500000001 0.322021875 0.8074296875 0.39761250000000004 0.8077515625 0.4004984375 0.8084468749999999 0.4037140625 0.8809015625000001 0.3328703125
0 0.8045359375000001 0.532159375 0.7963250000000001 0.5379984375 0.7971468749999999 0.5432890625 0.8052203125 0.537815625 0.8045359375000001 0.532159375
0 0.69840625 0.4558234375 0.6943109375 0.451578125 0.6726203125 0.493346875 0.6517640625000001 0.532509375 0.6529390625 0.538996875 0.6791859375 0.49161093749999996 0.69840625 0.4558234375
0 0.681634375 0.5687546875 0.6556234375 0.605896875 0.6571343749999999 0.6123859375 0.6836484375 0.574796875 0.681634375 0.5687546875
0 0.672740625 0.5195328124999999 0.65428125 0.5562265625 0.6567984375 0.5607 0.677253125 0.5228484375 0.672740625 0.5195328124999999
0 0.676825 0.53688125 0.6552390625 0.572009375 0.6574484375 0.579034375 0.6793734375 0.5425484375 0.676825 0.53688125
0 0.7917875000000001 0.33917031249999996 0.701246875 0.44337499999999996 0.705221875 0.44866406249999996 0.7945375 0.3439671875 0.7917875000000001 0.33917031249999996