0 0.972459375 0.02489375 0.9060796874999999 0.1253375 0.8653546875 0.187496875 0.796875 0.2897140625 0.690121875 0.44239375000000003 0.6591796875 0.4850265625 0.643321875 0.5070484375000001 0.64575625 0.5130796875 0.688375 0.456078125 0.700384375 0.4393375 0.8065078124999999 0.28706875 0.8107656249999999 0.280371875 0.866775 0.19419375 0.9106640625000001 0.12926875 0.9890062500000001 0.0095625 0.9934890624999999 0.0019921875 0.9894546875 0 0.972459375 0.02489375
0 0.8723656249999999 0.2683921875 0.8374828125 0.3161703125 0.757534375 0.42150156250000004 0.7497984375 0.432359375 0.7344593749999999 0.45190625000000006 0.7078546875 0.4853859375 0.70274375 0.49114218750000005 0.6933328125 0.5031218749999999 0.6718390624999999 0.5283953125 0.668696875 0.5323046875 0.6440609375 0.55976875 0.6447390625 0.562665625 0.6473187499999999 0.5637515625 0.673828125 0.5345046875 0.711928125 0.48773906250000004 0.7591640625 0.429103125 0.7812875 0.4003265625 0.8476625 0.311828125 0.8706015624999999 0.279975 0.9850265625000001 0.121075 1 0.0991765625 0.9995125 0.09114531249999999 0.9396906250000001 0.174284375 0.8723656249999999 0.2683921875
0 1 0.2291203125 0.9594734375 0.2734375 0.887296875 0.3549015625 0.787803125 0.46294531250000004 0.791015625 0.4654953125 0.7929625 0.46547968749999996 0.9555718750000001 0.28721406250000003 0.9650734375000001 0.2768984375 1 0.2378078125 1 0.2291203125
0 1 0.16288125 0.942134375 0.236540625 0.887975 0.3040453125 0.7669546875 0.44921875 0.7545484375 0.4647546875 0.7576703124999999 0.46765156250000006 0.758653125 0.4680984375 0.8176656250000001 0.39761250000000004 0.85879375 0.34802343750000003 0.8923187499999999 0.3060359375 0.95543125 0.2265625 0.9927625000000001 0.17953125 1 0.1706640625 1 0.16288125
0 1 0.38252031249999996 0.94873125 0.42578125 0.9449046875 0.4294015625 0.9474171874999999 0.43455468750000004 1 0.3899921875 1 0.38252031249999996
0 0.8286031250000001 0.533984375 0.9058796875 0.47035937499999997 0.9287109375 0.4485671875 0.926253125 0.444846875 0.91748125 0.4518234375 0.9004625 0.466565625 0.8286140625 0.5260421875 0.8150796874999999 0.5365593750000001 0.8172046875 0.5445453125 0.8286031250000001 0.533984375
0 0.817871875 0.484375 0.811421875 0.49045468750000004 0.8144078125 0.49606562500000007 0.99995625 0.3203328125 0.9994140625 0.311646875 0.9346687499999999 0.3748078125 0.817871875 0.484375
0 1 0.279975 0.99995625 0.2725546875 0.8286140625 0.453125 0.8088421875 0.4736234375 0.8088421875 0.4799578125 0.8369390624999999 0.45208750000000003 0.9467484374999999 0.33825 1 0.279975
0 0.737609375 0.483853125 0.7204078125 0.503709375 0.7235406249999999 0.5064953125 0.7417578125000001 0.48731093750000004 0.737609375 0.483853125
0 0.7097515624999999 0.516525 0.701371875 0.5263 0.6616796875000001 0.56916875 0.6622046874999999 0.5746140625 0.7012671874999999 0.5328640625000001 0.7114265625 0.52015625 0.7112171875 0.519178125 0.7097515624999999 0.516525
0 0.6662359375 0.582278125 0.6680359375 0.5858734375 0.6725296875 0.5809078125 0.7097796875 0.54716875 0.707853125 0.5416890624999999 0.6655953125 0.581078125 0.6662359375 0.582278125
0 0.6870640625 0.6036343750000001 0.7110546875 0.5840953125 0.7097578125 0.579425 0.6865453125000001 0.5984468749999999 0.6865453125000001 0.5987921875 0.6870640625 0.6036343750000001
0 0.7071640625 0.571990625 0.6856375 0.591184375 0.6874515625 0.5956796875 0.7094984375 0.576659375 0.7071640625 0.571990625
0 0.709040625 0.52726875 0.6804546874999999 0.5575984375 0.6814281249999999 0.564896875 0.7112296875 0.53391875 0.709040625 0.52726875