1 1 0.2545578125 0.994140625 0.2415359375 0.994140625 0.2311203125 1 0.228515625 0.999834375 0.196140625 0.982925 0.180125 0.979959375 0.162621875 0.9995125 0.16015625 0.9998640625 0.143234375 0.9720828125000001 0.11661406249999999 0.9579390625 0.0585359375 0.9497078125 0.0572921875 0.943540625 0.0585359375 0.9431625 0.060728125 0.9451812500000001 0.08299999999999999 0.9437515624999999 0.1211203125 0.9131890625000001 0.1471875 0.9078250000000001 0.1507625 0.90836875 0.160809375 0.9109093749999999 0.1939109375 0.9188359374999999 0.1897234375 0.9171421875 0.15904374999999998 0.94091875 0.1627609375 0.9443359375 0.1829421875 0.94091875 0.1901046875 0.9019875 0.216253125 0.9035171875 0.24338593749999998 0.9045875000000001 0.25787031250000003 0.9120609375000001 0.26030625 0.9114734375 0.225434375 0.938965625 0.23046875 0.9453125 0.2376296875 0.9453125 0.259765625 0.918809375 0.28483593749999997 0.9197015625 0.313890625 0.9204890625000001 0.324546875 0.9232734375 0.32484531250000004 0.9292 0.32421875 0.9284171875 0.2968234375 0.9462890625 0.298828125 0.9489546875 0.5476593750000001 0.9541015625 0.5436203125 0.962403125 0.5325515625 0.9736328125 0.5305984375 0.990234375 0.4759109375 1 0.462890625 1 0.2545578125
0 0.95859375 0.05 0.95390625 0.0563796875 0.957715625 0.058073437500000005 1 0.005723437499999999 0.9989874999999999 0 0.9633796875 0.0438796875 0.95859375 0.05
0 0.9391640625000001 0.08451093750000001 0.9451171875 0.0760421875 0.943759375 0.06915312500000001 0.935546875 0.080078125 0.75425625 0.3576359375 0.754590625 0.3610671875 0.7551765625 0.3653640625 0.922178125 0.1113859375 0.9391640625000001 0.08451093750000001
0 0.757715625 0.42213593749999995 0.7754890624999999 0.3984375 0.8468249999999999 0.29436249999999997 0.8527203125 0.2862640625 0.8664734375 0.266259375 0.9147000000000001 0.1943359375 0.9105921875 0.1921921875 0.8530765625000001 0.2772140625 0.756640625 0.41692656250000004 0.757159375 0.4184421875 0.757715625 0.42213593749999995
0 0.9995125 0.10286406249999999 0.9812359374999999 0.122678125 0.9853515625 0.1256515625 1 0.10999375 0.9995125 0.10286406249999999
0 0.761671875 0.4561 0.8525406249999999 0.3372296875 0.9023749999999999 0.27078437499999997 0.908984375 0.2612578125 0.9066625 0.255303125 0.901840625 0.26173437499999996 0.847896875 0.33508593750000004 0.7732359375 0.4324921875 0.7618031249999999 0.44749531249999996 0.759375 0.45091093750000005 0.761671875 0.4561
0 0.80235 0.5439484375 0.94684375 0.40855312499999996 0.9453171875 0.40090624999999996 0.80810625 0.5299484375 0.800809375 0.5373859375000001 0.80235 0.5439484375
0 0.94524375 0.3450890625 0.8071296875 0.4856765625 0.7940359375 0.49975312499999996 0.7947875 0.5067765625 0.8021703125 0.4989375 0.8777265625 0.4232046875 0.9453125 0.3509109375 0.94524375 0.3450890625
0 0.9230953124999999 0.32437031250000004 0.81591875 0.4479171875 0.7801109375 0.48821250000000005 0.78538125 0.488459375 0.7894890625000001 0.48584062499999997 0.9163078125 0.3400875 0.9289890625 0.325321875 0.9230953124999999 0.32437031250000004
0 0.9175578124999999 0.30436406250000003 0.7609109375 0.48607812499999997 0.7662687499999999 0.488459375 0.7766609375 0.476953125 0.913575 0.3177078125 0.9209515625 0.31031718750000004 0.9175578124999999 0.30436406250000003
0 0.7495125 0.4270828125 0.6848640625 0.5134109375 0.64453125 0.5631515625 0.6370125 0.5725265625 0.6397437499999999 0.5785296875 0.6895515624999999 0.515625 0.7495125 0.43671875 0.7495125 0.4270828125
0 0.6922859375 0.4466140625 0.636571875 0.52315 0.6397437499999999 0.5268484375 0.6437578125 0.5223515625 0.70703125 0.435546875 0.7463875 0.3779953125 0.7455078125 0.3694015625 0.6922859375 0.4466140625
0 0.92109375 0.187890625 0.926953125 0.1815109375 0.9419281249999999 0.1650796875 0.9391640625000001 0.162621875 0.919259375 0.1827609375 0.92109375 0.187890625
0 0.7530281249999999 0.46770781250000004 0.7504796875 0.4624921875 0.7008062500000001 0.5222015625 0.6861328125 0.539453125 0.63683125 0.59445625 0.6383375 0.6009781249999999 0.6530125 0.5854234375 0.6689453125 0.5682296874999999 0.7041921875 0.5272203125 0.730371875 0.4947921875 0.73671875 0.48723906250000004 0.7530281249999999 0.46770781250000004
0 0.673046875 0.5850265625 0.6886593750000001 0.5692609375 0.70039375 0.5566171875 0.6996828125000001 0.5499796875 0.6627734375000001 0.5870984375 0.638965625 0.6076828125 0.6398921875 0.6152328125000001 0.673046875 0.5850265625
0 0.6498078125 0.6626890624999999 0.6510796875 0.663365625 0.6592140625 0.6548921875 0.6938703125 0.6334140625 0.692484375 0.6263875 0.649553125 0.6562484375000001 0.649553125 0.658959375 0.6498078125 0.6626890624999999
0 0.945065625 0.309840625 0.930596875 0.3203203125 0.9309546875000001 0.325321875 0.9447078125000001 0.3155578125 0.945065625 0.309840625
0 0.6821390625 0.607821875 0.7007484374999999 0.5921765625 0.6993171874999999 0.589453125 0.6729499999999999 0.6080734375 0.700275 0.5798484375 0.698734375 0.5749484375 0.653575 0.61856875 0.6400609375 0.6312125 0.6408921875 0.63895625 0.6821390625 0.607821875
0 0.938034375 0.228496875 0.9113546875 0.251271875 0.9131890625000001 0.2563546875 0.9425515624999999 0.23132031249999999 0.938034375 0.228496875
0 0.9984375 0.1760421875 0.988184375 0.1846359375 0.9901375 0.1880203125 1 0.180078125 0.9984375 0.1760421875