0 0.9940218749999999 0.1398265625 1 0.13294062499999998 0.999971875 0.12530625 0.8830578125 0.270425 0.86674375 0.2902625 0.8579984375 0.30000781249999997 0.8625890625 0.30340781250000004 0.9870609375000001 0.14865937499999998 0.9940218749999999 0.1398265625
0 0.720925 0.46249531250000003 0.6542984374999999 0.533596875 0.6562234375 0.5361171875 0.65693125 0.5374375 0.665628125 0.529596875 0.7078656249999999 0.4849 0.748959375 0.4385203125 0.7667984375 0.41737812500000004 0.833340625 0.3397921875 0.84735625 0.3222359375 0.844525 0.317328125 0.8392875 0.32336875 0.8305515625 0.33430312500000003 0.7513375 0.42706406250000006 0.720925 0.46249531250000003
0 0.9689828125 0.050101562499999995 1 0.004175 0.996815625 0.00231875 0.9636234375000001 0.048890625 0.89664375 0.14504062499999998 0.851909375 0.2079453125 0.85234375 0.2151046875 0.8886109375 0.16422343749999999 0.9689828125 0.050101562499999995
0 0.9515874999999999 0.25665781249999997 1 0.20263593750000003 0.999196875 0.1956984375 0.9681390625 0.23059218750000002 0.903503125 0.30374218750000004 0.8593609375 0.351878125 0.8598328125 0.3567140625 0.8803281249999999 0.3361140625 0.9515874999999999 0.25665781249999997
0 1 0.25259375 0.9982703125000001 0.2510203125 0.9562296874999999 0.2933875 0.90069375 0.3505671875 0.861746875 0.388809375 0.8624484375 0.392559375 0.8995124999999999 0.358203125 0.94034375 0.315878125 0.9448640625 0.3119078125 0.9571921874999999 0.2993046875 1 0.25589531249999997 1 0.25259375
0 0.8754546875000001 0.42704531250000005 0.9028234375 0.40210156250000006 0.955309375 0.35429374999999996 1 0.3122578125 0.9989593749999999 0.306715625 0.9691656249999999 0.3358171875 0.9205453125 0.3802171875 0.8781453125 0.41903125 0.875359375 0.42173125 0.8749796875 0.42341875 0.8754546875000001 0.42704531250000005
0 0.9825640625000001 0.351696875 0.9987656250000001 0.33752031250000003 0.99699375 0.3327953125 0.9633265625 0.363003125 0.91333125 0.4053625 0.8821937500000001 0.4316890625 0.8837125 0.4348953125 0.9314296875 0.39489843750000003 0.9825640625000001 0.351696875
0 0.847603125 0.3660890625 0.8060703124999999 0.40971250000000003 0.7804296875000001 0.43713281249999997 0.7840359375 0.440871875 0.826903125 0.3945765625 0.84706875 0.3737453125 0.8493390625 0.37089531249999996 0.847603125 0.3660890625
0 0.83725625 0.41823437500000005 0.8521421874999999 0.403659375 0.8515640624999999 0.398109375 0.811628125 0.4356359375 0.8128859374999999 0.4400375 0.83725625 0.41823437500000005
0 0.702509375 0.56980625 0.65706875 0.602090625 0.6580125 0.60649375 0.6828546875 0.5909796875 0.72295 0.56058125 0.7226343749999999 0.5536640625 0.702509375 0.56980625
0 0.657540625 0.573159375 0.6968484375 0.5442296875 0.7242078125 0.5217984375 0.7212203125000001 0.5173953124999999 0.65596875 0.5691765625 0.657540625 0.573159375
0 0.680859375 0.537109375 0.656440625 0.5601625 0.6565984375 0.5656140625 0.6858421875 0.5389875 0.7253078125 0.5002046874999999 0.722021875 0.496596875 0.680859375 0.537109375
0 0.6988875 0.42730781249999994 0.7777078125 0.3215203125 0.8411796875 0.2313421875 0.8393578125 0.227528125 0.8146453125 0.2590890625 0.7626203125 0.33192656249999997 0.6960265625 0.42210468749999996 0.6518046875 0.4800265625 0.6536265625000001 0.48522968750000006 0.6988875 0.42730781249999994