0 0.8827093749999999 0.468040625 0.9267109375 0.44196562500000003 0.9682671875000001 0.4178484375 0.9682671875000001 0.4116546875 0.882465625 0.461196875 0.8827093749999999 0.468040625
0 0.942496875 0.354659375 0.8749125 0.403628125 0.8761109375 0.408721875 0.91424375 0.38166875 1 0.3187625 0.99906875 0.3125703125 0.942496875 0.354659375
0 0.8736078125000001 0.40420625 0.945321875 0.350603125 1 0.30771875 0.9993000000000001 0.3017140625 0.8710000000000001 0.40101875 0.8736078125000001 0.40420625
0 1 0.2358734375 0.9989984375000001 0.2306578125 0.902728125 0.31555625 0.8321 0.37582499999999996 0.8349249999999999 0.37812812500000004 0.8925140624999999 0.33147812499999996 0.9674875000000001 0.263675 1 0.2358734375
0 0.8344421875 0.3541921875 0.932728125 0.25873124999999997 0.9999953125 0.1933265625 0.999634375 0.18659375 0.9695171874999999 0.21640937500000001 0.8926921875 0.29143281249999997 0.8272281250000001 0.3541921875 0.8057671875000001 0.37415 0.808653125 0.3760734375 0.8344421875 0.3541921875
0 0.7206453125000001 0.5470359375 0.6831343750000001 0.5633874999999999 0.6834953125000001 0.5672359375 0.7208265625 0.5516046875 0.7206453125000001 0.5470359375
0 0.68241875 0.5397015625 0.71848125 0.5155375 0.7475171875 0.497021875 0.7448109374999999 0.4922140625 0.68241875 0.53305 0.68241875 0.5397015625
0 0.6805656250000001 0.492953125 0.6801375000000001 0.49903437500000003 0.7295953125 0.46235625 0.7478374999999999 0.4490546875 0.747125 0.44430312499999997 0.723646875 0.461490625 0.6805656250000001 0.492953125
0 0.7228953125 0.44943437499999994 0.6811359375 0.48573125 0.6817046875 0.48972187500000003 0.7287390625 0.45019375000000006 0.7893140625 0.39584375 0.7867484375 0.3924234375 0.7228953125 0.44943437499999994
0 0.758053125 0.373953125 0.6899328125 0.440290625 0.6760109375 0.4546453125 0.6764796875 0.4587921875 0.6799203125 0.45656406250000003 0.72689375 0.41208437499999995 0.78091875 0.3574125 0.849121875 0.28575 0.932453125 0.1942140625 0.95785 0.1669015625 1 0.1200703125 0.9988484375000001 0.11351875 0.9541328124999999 0.1641046875 0.8540906250000001 0.27250312499999996 0.758053125 0.373953125
0 0.696746875 0.378075 0.7552078125 0.3021109375 0.823415625 0.21160625 0.88166875 0.135028125 0.9405609374999999 0.0550546875 0.979896875 0.001159375 0.9755109375 0.0008828124999999999 0.95883125 0.023121875 0.882375 0.1268359375 0.82969375 0.196196875 0.77386875 0.271940625 0.7109484375 0.352753125 0.67081875 0.401415625 0.672634375 0.4067 0.696746875 0.378075
0 0.10940625 0.605096875 0.07828281249999999 0.6046734375 0.0786015625 0.6086968749999999 0.10940625 0.60933125 0.10940625 0.605096875