1 0.7381984375 0.4336125 0.74110625 0.4579359375 0.7456 0.4586421875 0.7451171875 0.4381515625 0.7431640625 0.4290359375 0.712815625 0.4064671875 0.7138734375 0.39553906250000004 0.7292078125 0.39271875 0.7310578125 0.4156328125 0.7368765625 0.41457499999999997 0.7353515625 0.3873703125 0.7119140625 0.365234375 0.704090625 0.32785312499999997 0.69603125 0.327503125 0.6953125 0.3678390625 0.6829390625 0.3779125 0.689284375 0.41105 0.6953125 0.5813796875 0.69505 0.5924421875 0.703125 0.5891921875 0.720215625 0.5859375 0.732421875 0.576171875 0.724978125 0.48120312500000006 0.733703125 0.47838281250000003 0.736346875 0.4998875 0.7408421875 0.49918281249999996 0.7384625 0.4685125 0.7194265625 0.448065625 0.7178390625 0.43466875 0.7381984375 0.4336125
0 0.852734375 0.12011093749999999 0.789065625 0.20602031250000002 0.7000515625 0.3251125 0.704784375 0.327353125 0.76000625 0.25485 0.8128421875 0.1842859375 0.8797328125 0.0935578125 0.9034187499999999 0.06108125 0.916525 0.0425265625 0.944546875 0.0044046875 0.9451078125000001 0.0018328125 0.9411296874999999 0.0006078125000000001 0.9275484374999999 0.01811875 0.852734375 0.12011093749999999
0 0.7298875 0.3541125 0.7177671875 0.3677640625 0.720275 0.3708296875 0.72265625 0.369140625 0.7733390625000001 0.3179875 0.7859546875000001 0.30470625 0.9417687499999999 0.13763281249999998 1 0.07188125 0.9999984375000001 0.0636921875 0.921559375 0.15035156249999998 0.8895296874999999 0.18471875 0.84754375 0.231875 0.7806640625 0.30145625 0.7298875 0.3541125
0 1 0.1418125 0.9809578125 0.16286875 0.74560625 0.38682656249999997 0.7353203125000001 0.3945125 0.73761875 0.40064062500000003 0.9141875 0.2345890625 0.9998609374999999 0.1504484375 1 0.1418125
0 0.9996265624999999 0.18745 0.833984375 0.330078125 0.841796875 0.3313796875 1 0.1932140625 0.9996265624999999 0.18745
0 0.97216875 0.3674453125 0.9363234374999999 0.389815625 0.938865625 0.393884375 0.97369375 0.372190625 0.97216875 0.3674453125
0 0.8966625 0.3532078125 0.9998796875 0.2782953125 0.9993718749999999 0.27185625 0.9401375 0.314565625 0.896409375 0.34710625 0.8966625 0.3532078125
0 0.9988640625 0.2593125 0.8961546874999999 0.3403265625 0.896409375 0.34575 0.931746875 0.318971875 0.9996265624999999 0.2667703125 0.9988640625 0.2593125
0 0.7370078125 0.49795 0.7278546875 0.507440625 0.7288734375 0.512184375 0.7370078125 0.5043890625 0.7591265625 0.4918484375 0.758109375 0.48710156250000003 0.7370078125 0.49795
0 0.758109375 0.44167968750000003 0.7441265625 0.45354218749999997 0.745396875 0.458628125 0.7591265625 0.44608593750000003 0.758109375 0.44167968750000003
0 0.7394984375 0.41457187500000003 0.74535 0.406490625 0.7850515625 0.3764015625 0.807409375 0.3588484375 0.8076187499999999 0.35299843750000004 0.80365 0.3552265625 0.7898578125 0.366928125 0.7649921875000001 0.3858734375 0.740334375 0.405096875 0.7369921875000001 0.41289999999999993 0.7394984375 0.41457187500000003
0 0.6865046875 0.3572609375 0.6897671875 0.3497765625 0.69511875 0.34159843749999996 0.6947265625 0.3360296875 0.6885921875000001 0.3445578125 0.6868953125 0.34908125 0.6848078125 0.35360625 0.6835015624999999 0.3567390625 0.68389375 0.3612625 0.6865046875 0.3572609375