0 0.968359375 0.0010421875000000001 0.8892578125 0.1084640625 0.85078125 0.159765625 0.82421875 0.196484375 0.7492156249999999 0.294784375 0.7313484375 0.3186203125 0.69335 0.366828125 0.67169375 0.394446875 0.675271875 0.400221875 0.72563125 0.3365359375 0.7421875 0.3151046875 0.8134765625 0.21953125 0.8798828125 0.131640625 0.9005859375 0.1026046875 0.95740625 0.0239265625 0.9602906250000001 0.020365625000000002 0.9737406249999999 0.0018328125 0.973046875 0.0009109375 0.968359375 0.0010421875000000001
0 1 0.22374375 0.8337546874999999 0.36801249999999996 0.8375718750000001 0.36957968750000003 0.8394812500000001 0.37036250000000004 1 0.23059531249999998 1 0.22374375
1 0.6820359375 0.4775359375 0.6801546875 0.4641640625 0.68935 0.4638859375 0.6901859375 0.48478125 0.694990625 0.48366718750000004 0.6943359375 0.4602859375 0.678484375 0.4466109375 0.6787109375 0.455078125 0.6812 0.537159375 0.69269375 0.5360437499999999 0.6931109375 0.5561046875 0.6981265624999999 0.55526875 0.695409375 0.52824375 0.6837484375 0.5170984375 0.6834515624999999 0.5024265625 0.6962390625 0.500840625 0.696834375 0.5182890625 0.7020953125 0.5170984375 0.700425 0.494253125 0.6937390625 0.4895171875 0.6820359375 0.4775359375
0 0.792865625 0.4001671875 0.7734234375 0.416475 0.776771875 0.41750468749999997 0.7792171875 0.41802031250000005 0.7937796875 0.40627812499999993 0.792865625 0.4001671875
0 0.07161875 0.6061546875 0.0719625 0.61165 0.10467656249999999 0.61131875 0.10438125000000001 0.6064265625 0.07161875 0.6061546875
0 0.9661859375 0.3373078125 1 0.311378125 0.999496875 0.3056171875 0.9616859375000001 0.33442500000000003 0.8966843750000001 0.38268125 0.87921875 0.3956453125 0.8821 0.3987671875 0.9128890625 0.37667968749999997 0.9661859375 0.3373078125
0 0.9507015624999999 0.333465625 0.8772390624999999 0.39084375 0.878859375 0.3966046875 0.936478125 0.35243281249999997 1 0.3029765625 0.9998578124999999 0.296734375 0.9507015624999999 0.333465625
0 0.9521328125 0.41584843749999995 0.9361265624999999 0.42558749999999995 0.9378359375 0.42973125 0.9527546875 0.4206140625 0.9521328125 0.41584843749999995
0 0.730653125 0.5423703125 0.751378125 0.53228125 0.751378125 0.5265796875000001 0.7240734375 0.5393 0.7240734375 0.5458796875 0.730653125 0.5423703125
0 0.7133812500000001 0.5445625 0.699071875 0.5500453125 0.700059375 0.554871875 0.7148625 0.5491671874999999 0.7133812500000001 0.5445625
0 0.7005250000000001 0.5154109375 0.6888468750000001 0.524403125 0.6921359375 0.52813125 0.70689375 0.5182859375 0.7487203124999999 0.48975156249999996 0.7470749999999999 0.4844875 0.7005250000000001 0.5154109375
0 0.69518125 0.48238125 0.7403375 0.4483125 0.750746875 0.440740625 0.749665625 0.436234375 0.6938296875 0.47841562499999996 0.69518125 0.48238125
0 0.7228859375 0.44214843750000005 0.6937609375 0.468434375 0.69536875 0.473490625 0.7519546874999999 0.42414375 0.8330125 0.3495109375 0.9272203125 0.2589734375 0.9998453125 0.18739531250000002 1 0.1806421875 0.9678546875 0.2118109375 0.9394578125 0.24011718750000002 0.8173937499999999 0.3558765625 0.75271875 0.4152609375 0.7228859375 0.44214843750000005
0 1 0.1057296875 0.9444515625 0.16649687500000002 0.8515515625000001 0.2681 0.8417 0.2779953125 0.774109375 0.3486234375 0.6987875 0.4239453125 0.679071875 0.443840625 0.6803140625 0.4495234375 0.705378125 0.42610468749999997 0.7885515625 0.3420796875 0.9101125 0.2119875 0.9810375 0.13276875 1 0.11197968750000001 1 0.1057296875