1 0.57551455625 0.35731402968750003 0.5669799859375 0.3567450578125 0.568359375 0.5345046875 0.5684024140624999 0.5504798156249999 0.5746610984375 0.5510487859375 0.580919784375 0.551333271875 0.580919784375 0.5373934734375 0.576171875 0.3717453125 0.57551455625 0.35731402968750003
1 0.44721150937500004 0.5308503015625 0.44749599375000004 0.52032433125 0.4469270234375 0.50069481875 0.44635805156249997 0.4406683375 0.4466425375 0.42132331093750003 0.4506253375 0.40738351249999993 0.455078125 0.404296875 0.45263749999999997 0.3971359375 0.44775468749999997 0.3984375 0.4404296875 0.412109375 0.4375 0.4381515625 0.4383924515625 0.5294278734375 0.44721150937500004 0.5308503015625
0 0.08038125 0.234346875 0.18211875 0.2608703125 0.3379875 0.2984515625 0.4522828125 0.325434375 0.45375 0.32 0.3945640625 0.3058703125 0.3079890625 0.2856515625 0.24081562500000003 0.268478125 0.1958015625 0.2578125 0.0490640625 0.2202109375 0.011275 0.211125 0.0115765625 0.2130421875 0.0123921875 0.217390625 0.08038125 0.234346875
0 0.6088526625 0.363043775 0.6084682859375 0.3697703671875 0.6591796875 0.3860671875 0.65882163125 0.3791875953125 0.6088526625 0.363043775
0 0.8994171874999999 0.4646640625 0.8990406249999999 0.45746875 0.8954015625 0.4564640625 0.8325261125000001 0.43822803125 0.8332828125 0.44441718750000003 0.8994171874999999 0.4646640625
0 0.452884375 0.37459375 0.332821875 0.348084375 0.0836453125 0.2876234375 0.0165125 0.2708234375 0.011006249999999999 0.2723625 0.011315625 0.27621093750000003 0.025634374999999997 0.279753125 0.1005765625 0.298075 0.212196875 0.32460468750000004 0.2672046875 0.339028125 0.3253375 0.3521921875 0.419859375 0.37382499999999996 0.453 0.3810609375 0.452884375 0.37459375
0 0.44408125 0.3915359375 0.41866875 0.3862375 0.26466406249999996 0.35273125 0.2456546875 0.348084375 0.1408765625 0.32460468750000004 0.021571874999999997 0.297015625 0.012125 0.29591875 0.0118859375 0.3017125 0.029676562499999996 0.30407812500000003 0.07436406250000001 0.3153171875 0.2033484375 0.3442625 0.2813484375 0.3631515625 0.4025265625 0.388509375 0.452175 0.397459375 0.4535578125 0.393378125 0.44408125 0.3915359375
0 0.28395625 0.3909328125 0.437771875 0.4265796875 0.43869375 0.4216640625 0.384578125 0.4088109375 0.156778125 0.3549953125 0.3169734375 0.384478125 0.4456609375 0.4038609375 0.448165625 0.399153125 0.445084375 0.398565625 0.3830203125 0.389009375 0.32098125 0.3791078125 0.25498750000000003 0.366971875 0.1444 0.347496875 0.088509375 0.336790625 0.0125765625 0.321140625 0.011018749999999999 0.3286453125 0.0574890625 0.3363109375 0.13414062499999999 0.3553140625 0.28395625 0.3909328125
0 0.158046875 0.38154374999999996 0.38589531250000003 0.42669687500000003 0.43739531249999997 0.436278125 0.4372765625 0.4342015625 0.43760000000000004 0.42967656249999997 0.3772875 0.41793593749999997 0.25445937500000004 0.39445625 0.1461609375 0.37156406249999996 0.0798859375 0.3578703125 0.0334578125 0.347496875 0.0123359375 0.34301875000000004 0.011006249999999999 0.3486703125 0.158046875 0.38154374999999996
0 0.438040625 0.4672421875 0.437890625 0.46171875 0.38433125 0.4490453125 0.2904703125 0.4291484375 0.18974375000000002 0.40560937499999994 0.0295828125 0.3711234375 0.027785937500000003 0.371921875 0.028175 0.376259375 0.071740625 0.3869328125 0.1985484375 0.4144140625 0.39209062499999997 0.45677031250000005 0.438040625 0.4672421875
0 0.4391453125 0.47960156249999997 0.4391453125 0.472865625 0.387853125 0.46372187499999995 0.2520515625 0.44049531249999996 0.14748125 0.420871875 0.024618750000000002 0.39761406250000003 0.0242953125 0.40291875 0.0766609375 0.4147140625 0.085546875 0.41640625 0.2817546875 0.45256718749999997 0.4126953125 0.47512968750000006 0.4391453125 0.47960156249999997
0 0.6611453125 0.43065156250000003 0.6073140625 0.4116171875 0.6076109375 0.41796249999999996 0.6388390625 0.42906562499999995 0.6599546875 0.43580625 0.6611453125 0.43065156250000003
0 0.620191775 0.4397269234375 0.6278343750000001 0.4262890625 0.6269421875 0.42430781250000005 0.6090984374999999 0.436996875 0.6088 0.44056562499999996 0.6082062500000001 0.4437375 0.6242671875 0.4480984375 0.6608468750000001 0.45602968749999995 0.6608468750000001 0.4500828125 0.6361625 0.44294374999999997 0.6495453125 0.43303125 0.6462749999999999 0.4302546875 0.6290250000000001 0.44294374999999997 0.620191775 0.4397269234375
0 0.609990625 0.45444375 0.660253125 0.467134375 0.6614421875 0.45959843749999996 0.6111796875 0.447703125 0.609990625 0.45444375
0 0.6346059000000001 0.46990049218749996 0.6113511109374999 0.46451921875 0.609621415625 0.47028486875000003 0.661740625 0.482996875 0.663821875 0.4766515625 0.6346059000000001 0.46990049218749996
0 0.6144261249999999 0.4835458640625 0.663821875 0.49925312499999996 0.6632265625 0.49172031250000003 0.610584375 0.4766515625 0.61019798125 0.482392734375 0.6144261249999999 0.4835458640625
0 0.887475 0.507184375 0.9041296875 0.51194375 0.9034328125 0.5049875 0.8733046874999999 0.49660937499999996 0.833940625 0.485375 0.8345359374999999 0.49330625 0.887475 0.507184375
0 0.9038328124999999 0.5210640625 0.8369156249999999 0.5040125 0.8366187500000001 0.5123390624999999 0.8548375 0.5172515625 0.9048140625000001 0.5294171875 0.9038328124999999 0.5210640625
0 0.843128125 0.544696875 0.9074015624999999 0.557546875 0.9069015625000001 0.5528953125 0.843525 0.5398031249999999 0.8434578125 0.541684375 0.843128125 0.544696875
0 0.84435 0.5583390625 0.8460046875 0.5592421875 0.8810156250000001 0.5667796875 0.9077937500000001 0.5718062500000001 0.907496875 0.56611875 0.879725 0.5604328125 0.844615625 0.55355625 0.84435 0.5583390625
0 0.9053156250000001 0.54464375 0.8438234375 0.5320953125 0.8438234375 0.5372828125 0.90631875 0.54983125 0.9053156250000001 0.54464375
0 0.9050640624999999 0.53745 0.8434550265625 0.523087834375 0.841690625 0.5279125 0.905440625 0.5424703125 0.9050640624999999 0.53745
0 0.84739375 0.5720703125 0.8471953125 0.5769624999999999 0.8884546875 0.5846328125 0.9085999265625 0.58801844375 0.9075953125 0.5825171874999999 0.8829 0.5788140625 0.84739375 0.5720703125