0 0.14553906249999998 0.23653749999999998 0.2951125 0.265153125 0.40276093749999997 0.2857234375 0.580834375 0.316128125 0.6029687499999999 0.321046875 0.60441875 0.3143703125 0.6006203125 0.31344531249999996 0.41885625 0.2816984375 0.28202812499999996 0.2557640625 0.1529171875 0.23117187499999997 0.047615625 0.21015625 0.0108640625 0.2041640625 0.0114515625 0.2088625 0.14553906249999998 0.23653749999999998
0 0.7641796875 0.3459640625 0.7644390624999999 0.3525265625 0.8038000000000001 0.363575 0.8183 0.3684078125 0.8185593750000001 0.3625390625 0.8118265625 0.3601203125 0.7641796875 0.3459640625
0 0.82244375 0.41674531249999996 0.7670265625 0.39775625 0.7670265625 0.4046609375 0.8157125000000001 0.4188171875 0.8216671874999999 0.4208890625 0.82244375 0.41674531249999996
0 0.8216671874999999 0.442296875 0.82244375 0.44022500000000003 0.822703125 0.4378078125 0.8043171875 0.43228437499999994 0.816746875 0.42296093749999997 0.813121875 0.41950937499999996 0.801209375 0.429521875 0.7874859375 0.42848593749999997 0.799396875 0.41398437499999996 0.7947359374999999 0.41260312499999996 0.78049375 0.42779531249999997 0.7678046875 0.423996875 0.768321875 0.433665625 0.8216671874999999 0.442296875
0 0.7696171875 0.4440234375 0.8237390625 0.45507187499999996 0.8239984375 0.45265468750000004 0.8239984375 0.4481671875 0.770653125 0.4374640625 0.7696171875 0.4440234375
0 0.7689515625000001 0.45901875 0.8241937500000001 0.46881562499999996 0.8236078125 0.46333437499999997 0.810246875 0.4609859375 0.76869375 0.4534953125 0.7689515625000001 0.45901875
0 0.82595625 0.47899375 0.7722234375 0.46744531250000004 0.7716890624999999 0.474753125 0.8250343750000001 0.4851109375 0.82595625 0.47899375
0 0.81338125 0.4985765625 0.77295625 0.4930875 0.7725171875 0.4987640625 0.8144171874999999 0.504446875 0.81338125 0.4985765625
1 0.73828125 0.3502609375 0.7333984375 0.3463546875 0.73046875 0.3502609375 0.73046875 0.3684890625 0.73828125 0.54296875 0.7412109375 0.546875 0.751953125 0.5455734375 0.740234375 0.3580734375 0.73828125 0.3502609375
1 0.6044921875 0.53125 0.609375 0.5299484375 0.611328125 0.52734375 0.609375 0.4466140625 0.607421875 0.4440109375 0.607421875 0.4049484375 0.6044921875 0.4036453125 0.599609375 0.4153640625 0.599609375 0.4908859375 0.6015625 0.4934890625 0.6015625 0.52734375 0.6044921875 0.53125
0 0.30831875000000003 0.31759218749999996 0.1905453125 0.295978125 0.08335781249999999 0.27392343750000003 0.0224859375 0.2620125 0.01156875 0.2620125 0.012240625 0.266865625 0.0178640625 0.266865625 0.0526015625 0.27348125 0.1716984375 0.29862500000000003 0.32055781250000004 0.32685624999999996 0.4684375 0.3537625 0.606821875 0.3767265625 0.6065484375 0.37015937499999996 0.5680171875 0.3643484375 0.46049843749999997 0.3458234375 0.30831875000000003 0.31759218749999996
0 0.2279203125 0.327296875 0.1385984375 0.3118578125 0.032290625 0.2917125 0.0118921875 0.289803125 0.0125609375 0.2946546875 0.03141875 0.29641875 0.1505140625 0.3197984375 0.2739125 0.34229375 0.42310625 0.3674359375 0.6070453125 0.3956671875 0.6070828125000001 0.3907859375 0.5834734375 0.386575 0.45685000000000003 0.3674359375 0.3410609375 0.3471453125 0.2279203125 0.327296875
0 0.5762046875 0.423015625 0.5994046875000001 0.428140625 0.59836875 0.420809375 0.5652874999999999 0.41419218750000003 0.3590265625 0.377409375 0.42468593749999994 0.3846390625 0.5179078125000001 0.39591875 0.5265203125 0.39711875 0.589121875 0.4029453125 0.6059609375 0.40397343750000003 0.6057046875000001 0.399346875 0.5072375 0.3887203125 0.414103125 0.37846406250000003 0.3261046875 0.36920000000000003 0.2159390625 0.351115625 0.0766125 0.325646875 0.0113109375 0.3139921875 0.0110546875 0.31999062500000003 0.1690375 0.3484421875 0.0118109375 0.32597343749999996 0.01115 0.33170625 0.1699453125 0.353321875 0.2576046875 0.3657546875 0.33668593750000003 0.3797875 0.4471828125 0.400078125 0.5762046875 0.423015625
0 0.5511265625 0.4309546875 0.59975625 0.438453125 0.59975625 0.4313953125 0.58123125 0.428309375 0.38604375 0.3996375 0.2527234375 0.38022812500000003 0.117415625 0.3586140625 0.01188125 0.34141093749999996 0.011256249999999999 0.346753125 0.0849234375 0.3595546875 0.093365625 0.360659375 0.2110359375 0.3811109375 0.29085625 0.392884375 0.2978078125 0.3939875 0.3652015625 0.4040484375 0.392496875 0.40833281250000003 0.5511265625 0.4309546875
0 0.600084375 0.462190625 0.5587 0.45556718749999997 0.373471875 0.42389687499999995 0.3294265625 0.417384375 0.2599984375 0.4044890625 0.06704375 0.3732390625 0.0115875 0.3648515625 0.0117203125 0.37077031250000003 0.056615625 0.377875 0.16770625 0.39699062500000004 0.318565625 0.421690625 0.39233281249999996 0.4346 0.51110625 0.4543328125 0.5640375 0.46227343750000005 0.5991046875 0.46844843750000004 0.600084375 0.462190625
0 0.6017453125000001 0.4746234375 0.5081203125 0.4640375 0.3172328125 0.43977656249999997 0.23221250000000002 0.4274265625 0.0648140625 0.40228437499999997 0.0122125 0.39434375 0.0112140625 0.40095937499999995 0.045950000000000005 0.40669374999999997 0.2176578125 0.4327203125 0.3076421875 0.44639375000000003 0.38108437500000003 0.45609687499999996 0.4988578125 0.47021406250000003 0.5646921875 0.4777125 0.6010828125 0.482121875 0.6017453125000001 0.4746234375