1 0.86179375 0.32919375 0.857109375 0.329640625 0.8547671875 0.3399 0.8661578125 0.5279953125 0.8778765625 0.5305984375 0.8817828125 0.5266921875 0.8641359375000001 0.3399 0.86179375 0.32919375
1 0.732421875 0.4934890625 0.728515625 0.4466140625 0.7265625 0.4309890625 0.7197265625 0.4192703125 0.716934375 0.42242187500000006 0.716796875 0.44140625 0.720703125 0.50390625 0.72265625 0.5169265625 0.73046875 0.5169265625 0.732421875 0.4934890625
0 0.9352218750000001 0.3338890625 0.8789453125 0.32093125 0.87849375 0.32545156249999996 0.9355984375 0.338896875 0.9352218750000001 0.3338890625
0 0.9023843749999999 0.408465625 0.8924593749999999 0.4127109375 0.887965625 0.4127109375 0.887590625 0.41545624999999997 0.8889015625000001 0.4157078125 0.8950812499999999 0.41695625 0.8990140625 0.41595624999999997 0.9040687500000001 0.413709375 0.9119343750000001 0.40871562499999997 0.9252296875000001 0.3959828125 0.9284125 0.3907390625 0.9229828124999999 0.3892421875 0.921109375 0.3934859375 0.9117468750000001 0.40222499999999994 0.9023843749999999 0.408465625
0 0.9413328125 0.399478125 0.9271015625000001 0.409465625 0.9319703125000001 0.41071406250000003 0.944703125 0.40247343750000003 0.9413328125 0.399478125
0 0.9072531250000001 0.4129609375 0.911371875 0.413959375 0.930659375 0.41595624999999997 0.9445171875 0.4179546875 0.9454515625000001 0.413709375 0.91373125 0.40835156250000004 0.9072531250000001 0.4129609375
0 0.905003125 0.406159375 0.8885578125 0.4021109375 0.8874187499999999 0.40666562500000003 0.8994359375000001 0.4097015625 0.905003125 0.406159375
0 0.8885578125 0.41880937500000004 0.8880515625 0.4225203125 0.8909609375 0.42319531250000003 0.9452296875 0.43213437499999996 0.9445984375 0.42741093750000003 0.8933640625000001 0.418640625 0.8885578125 0.41880937500000004
0 0.8900750000000001 0.4377 0.947634375 0.44798906250000003 0.94624375 0.4422546875 0.9014609374999999 0.4350015625 0.8903281249999999 0.43398906249999997 0.8900750000000001 0.4377
0 0.9500375 0.4599640625 0.8899484375 0.448496875 0.8899484375 0.45321875 0.9491515625 0.4641828125 0.9500375 0.4599640625
0 0.9505437499999999 0.4820609375 0.8928578125 0.47497656250000003 0.8924796875000001 0.47902500000000003 0.9504171875 0.48644687500000006 0.9505437499999999 0.4820609375
0 0.2709609375 0.23579218750000003 0.047248437500000004 0.200509375 0.01143125 0.19525937499999999 0.0118125 0.19983125 0.09581406249999999 0.21428281249999998 0.3099796875 0.2465953125 0.493490625 0.2728359375 0.6235015625 0.290771875 0.7152234375 0.301396875 0.71533125 0.2961921875 0.7053843750000001 0.2948375 0.5922156249999999 0.2801734375 0.4142171875 0.2558609375 0.2709609375 0.23579218750000003
0 0.0422390625 0.2609390625 0.1488296875 0.27859375000000003 0.2759453125 0.2983671875 0.2906421875 0.3003078125 0.44570156250000004 0.3237546875 0.584975 0.341840625 0.6881375000000001 0.3550859375 0.717940625 0.3578875 0.716875 0.3529203125 0.5792609375 0.33597968749999996 0.3749921875 0.30752812500000004 0.160690625 0.2748921875 0.031089062499999997 0.2531359375 0.0117828125 0.2521234375 0.0113875 0.25581875 0.019332812499999998 0.2570546875 0.0422390625 0.2609390625
0 0.6020390625 0.36743125 0.6900015625 0.3771296875 0.7190984375 0.3802859375 0.71960625 0.375325 0.679853125 0.371715625 0.51239375 0.352078125 0.44859218749999996 0.3430734375 0.3039234375 0.323825 0.26271875 0.318209375 0.171528125 0.305165625 0.052634375 0.28733125 0.0118796875 0.281115625 0.0118671875 0.28691093749999996 0.0519578125 0.29255 0.18727812500000002 0.312171875 0.3019625 0.3284109375 0.3961078125 0.3418703125 0.40558125 0.3432734375 0.506803125 0.3563796875 0.534375 0.358859375 0.6020390625 0.36743125
0 0.24155625 0.33986875 0.0824796875 0.316859375 0.028249999999999997 0.3085296875 0.011215625 0.30796250000000003 0.0111 0.31169531250000004 0.0206640625 0.311990625 0.027337499999999997 0.31406718749999996 0.115196875 0.3259296875 0.2446578125 0.3452078125 0.31286875 0.35495625 0.3467515625 0.35825625 0.349421875 0.35499375 0.24155625 0.33986875
0 0.577065625 0.3935953125 0.6653640625 0.40606093750000005 0.7159203125 0.41252500000000003 0.7167859375 0.40629218749999996 0.6847562500000001 0.4023671875 0.5997453125 0.39105625 0.5072921874999999 0.378359375 0.4846109375 0.3737421875 0.63783125 0.3857453125 0.6925421875 0.38920781249999997 0.7181625 0.3903375 0.7188578125 0.3857453125 0.69583125 0.3841296875 0.60374375 0.37704375 0.557978125 0.373409375 0.47793125 0.3697734375 0.45047031249999997 0.3674359375 0.3505625 0.3565296875 0.3030421875 0.3536734375 0.1719671875 0.342246875 0.06076406250000001 0.3293875 0.011490625 0.3258875 0.011278125 0.32988125 0.0121421875 0.3305734375 0.0519640625 0.33380624999999997 0.0891890625 0.338190625 0.1984359375 0.349271875 0.2825859375 0.35781406250000003 0.397525 0.367046875 0.4847796875 0.37951250000000003 0.577065625 0.3935953125
0 0.7158234375 0.4229421875 0.71639375 0.4173609375 0.697175 0.416346875 0.6917328125 0.41570156249999995 0.623915625 0.408734375 0.499475 0.3957953125 0.381690625 0.3833625 0.197665625 0.360275 0.043575 0.3389640625 0.011765625 0.3353328125 0.0111890625 0.3394703125 0.0690359375 0.34784375 0.179965625 0.3633203125 0.30441562499999997 0.37879687500000003 0.388903125 0.3894515625 0.4939484375 0.40061562500000003 0.619728125 0.41507812499999996 0.6834749999999999 0.42116718750000004 0.7158234375 0.4229421875
0 0.7171515625 0.4549125 0.7123953125 0.449584375 0.6522593750000001 0.44172031250000005 0.48138437500000003 0.420153125 0.3695015625 0.40492812499999997 0.20261718750000002 0.383109375 0.0540046875 0.3638265625 0.0248890625 0.3600203125 0.012140624999999999 0.3592609375 0.010865625 0.364590625 0.030275000000000003 0.3653515625 0.1061953125 0.3762625 0.2283546875 0.3919921875 0.37829999999999997 0.4122890625 0.5278625 0.431825 0.6313328125 0.44501875 0.70896875 0.45313593750000003 0.7171515625 0.4549125
0 0.7103328125 0.4681046875 0.71928125 0.46886406249999996 0.71889375 0.463284375 0.69244375 0.4612546875 0.6041546875 0.45389843750000003 0.489221875 0.44375 0.3562109375 0.43030156249999996 0.26430625 0.420915625 0.1455875 0.40619843749999995 0.0361734375 0.3924984375 0.01105625 0.39046875000000003 0.01140625 0.395290625 0.0441359375 0.39909531249999997 0.1558265625 0.413303125 0.273978125 0.42700468750000004 0.3734921875 0.43816875 0.4674875 0.4480625 0.5930765625000001 0.4594796875 0.6235671875000001 0.46201406250000004 0.7103328125 0.4681046875
0 0.682965625 0.44696718750000003 0.6818531250000001 0.43510312500000003 0.682409375 0.42564843750000003 0.6838 0.4217546875 0.6795109375 0.4209125 0.678684375 0.428809375 0.678940625 0.4379109375 0.6797015625 0.4467921875 0.682965625 0.44696718750000003
0 0.493046875 0.40610468749999995 0.49238125000000005 0.401003125 0.48689218749999996 0.399671875 0.4862265625 0.42029843749999996 0.491715625 0.4207421875 0.490884375 0.40610468749999995 0.493046875 0.40610468749999995
0 0.0329234375 0.34724374999999996 0.033540625000000004 0.34280468750000004 0.026389062499999998 0.3414890625 0.025525 0.360890625 0.0299640625 0.3607265625 0.029840625 0.34724374999999996 0.0329234375 0.34724374999999996
0 0.02330625 0.294959375 0.0231828125 0.308934375 0.027990625 0.30910000000000004 0.027990625 0.3081125 0.028115624999999998 0.3043328125 0.0256484375 0.3015359375 0.0265125 0.29315156249999996 0.028239062500000002 0.2893703125 0.020962500000000002 0.28871250000000004 0.02145625 0.2923296875 0.02330625 0.294959375
0 0.5318343750000001 0.3585203125 0.5319640625 0.36283125 0.5339031249999999 0.3662765625 0.5349375000000001 0.37196562499999997 0.538428125 0.371621875 0.5386859375 0.359728125 0.5318343750000001 0.3585203125
0 0.9434578124999999 0.38771875 0.8843343750000001 0.37390625 0.8829062499999999 0.379384375 0.9436359375000001 0.393434375 0.9434578124999999 0.38771875