0 0.9892468750000001 0.3330109375 0.9891265625000001 0.32695625 0.9748296875 0.3239546875 0.9304937499999999 0.3146078125 0.9296765625000001 0.31999062500000003 0.9892468750000001 0.3330109375
1 0.779765625 0.4858171875 0.7738203125 0.421246875 0.7676421875 0.4220140625 0.7683609375 0.4365734375 0.7726140625 0.5073859374999999 0.7733140625 0.5171734375 0.78125 0.5186499999999999 0.7828703124999999 0.5120265625 0.7839750000000001 0.49363437499999996 0.8005421875 0.45419687499999994 0.8056640625 0.4379203125 0.8064328125 0.42948437500000003 0.8042 0.42945781250000004 0.801665625 0.431325 0.800459375 0.434315625 0.794921875 0.45224374999999994 0.779765625 0.4858171875
0 0.7608328125 0.30047812500000004 0.7612515625 0.2934296875 0.5766046874999999 0.27189687500000004 0.4976984375 0.2630421875 0.388325 0.24872343749999998 0.26736875000000004 0.2342296875 0.1502203125 0.21705468749999998 0.0355140625 0.20083281249999999 0.010603125 0.1992890625 0.011615625000000001 0.206771875 0.034240625000000004 0.20982343750000002 0.1531171875 0.22555156250000002 0.313590625 0.2479515625 0.3883640625 0.257315625 0.4804375 0.270353125 0.6061515625 0.283484375 0.7295484375 0.296615625 0.7608328125 0.30047812500000004
0 0.7358171875 0.355084375 0.74835625 0.3556546875 0.7520609375 0.3560359375 0.7648015625 0.35671875000000003 0.7631578125 0.35014375000000003 0.7402 0.348453125 0.5437015625 0.32658125 0.4306875 0.31288125 0.3065765625 0.2958953125 0.12411093749999999 0.27014218749999996 0.0424859375 0.256990625 0.0110953125 0.25425156250000003 0.0120796875 0.261334375 0.0246359375 0.26192187499999997 0.09549375 0.2724796875 0.27121875 0.2986359375 0.41835625 0.318909375 0.48328906250000003 0.32658125 0.5946390625 0.3399890625 0.70375625 0.35204375 0.7358171875 0.355084375
0 0.695878125 0.373525 0.7657421875 0.37845625 0.7656171875 0.3726875 0.61613125 0.3581125 0.5212203125 0.347221875 0.3234375 0.3250296875 0.13285625 0.30064531250000004 0.047168749999999995 0.28862187499999997 0.011621875 0.283659375 0.010559375 0.29065625 0.014881249999999999 0.29167343749999997 0.0751328125 0.3004875 0.11047031249999999 0.30523125 0.2877953125 0.3274953125 0.3479203125 0.3350609375 0.5068343750000001 0.3527015625 0.60135625 0.3642078125 0.695878125 0.373525
0 0.012243750000000001 0.338159375 0.0706765625 0.342471875 0.13849375 0.349921875 0.22807499999999997 0.35836250000000003 0.324240625 0.3643890625 0.34409531250000003 0.36505624999999997 0.46774062499999997 0.3753515625 0.49828124999999995 0.3793328125 0.5769875 0.389596875 0.7175374999999999 0.4071296875 0.7635296874999999 0.4126203125 0.767709375 0.41289999999999993 0.7676765624999999 0.40603437500000006 0.7471265625 0.404390625 0.587796875 0.3836453125 0.6978109375 0.38795156249999996 0.7583640625 0.39015625 0.7672640625 0.390690625 0.7664984375 0.3840546875 0.7011625 0.3813421875 0.51493125 0.3709640625 0.43922812499999997 0.365534375 0.3476546875 0.3528828125 0.1643640625 0.32986875000000004 0.058095312499999996 0.31689531249999997 0.012306250000000001 0.3117859375 0.0125125 0.3173484375 0.0476609375 0.32165 0.1298546875 0.332059375 0.2510890625 0.347403125 0.35355625 0.3608 0.1827203125 0.345784375 0.1379125 0.3426796875 0.012243750000000001 0.33241875 0.012243750000000001 0.338159375
0 0.6900000000000001 0.4180890625 0.7487234375 0.42207812499999997 0.7672625 0.422471875 0.7672625 0.41644531249999994 0.681659375 0.4104609375 0.664828125 0.40865156249999995 0.6584484374999999 0.4079265625 0.59665 0.40319843750000006 0.511584375 0.394715625 0.33985781249999997 0.377540625 0.17012812500000002 0.35836250000000003 0.0620609375 0.344640625 0.011537500000000001 0.3395171875 0.0118390625 0.344078125 0.0518 0.35035625000000004 0.0808859375 0.3543171875 0.1701109375 0.3662140625 0.330815625 0.384115625 0.47057031250000003 0.39854218750000003 0.543284375 0.40603437500000006 0.6106828125 0.412609375 0.6900000000000001 0.4180890625
0 0.76963125 0.44987187500000003 0.7029703125 0.4434 0.585015625 0.4298265625 0.5411734375 0.424215625 0.481103125 0.4173 0.3065609375 0.3972671875 0.08113125 0.37170625 0.0108625 0.364921875 0.011571874999999999 0.3699109375 0.07373125 0.37655 0.23989375000000002 0.39671875 0.3763375 0.412609375 0.5214078125 0.429596875 0.636478125 0.4432953125 0.728946875 0.4526109375 0.7692203125 0.45535 0.76963125 0.44987187500000003
0 0.587865625 0.45932500000000004 0.6873703124999999 0.46552812499999996 0.7061859375 0.4665609375 0.7556468749999999 0.46992500000000004 0.7711078125 0.471090625 0.7704296875 0.46421250000000003 0.63635625 0.4554421875 0.54829375 0.44794062500000004 0.443046875 0.4383640625 0.29752968750000003 0.42656875000000005 0.2175765625 0.41690468750000004 0.09895000000000001 0.4044890625 0.0893140625 0.4030421875 0.011773437500000001 0.3938875 0.0113859375 0.39854218750000003 0.012746875 0.40002343749999997 0.062012500000000005 0.40733593749999997 0.150009375 0.4170109375 0.24958125 0.42725 0.36964687500000004 0.43914687499999994 0.41115781250000005 0.443028125 0.4227953125 0.4438015625 0.587865625 0.45932500000000004
0 0.993925 0.3820703125 0.9622078125 0.3744796875 0.9338875 0.3680984375 0.9342359374999999 0.3748546875 0.9942390624999999 0.3875 0.993925 0.3820703125
0 0.9995796875 0.42387031249999996 0.9398734375 0.4139921875 0.9397796875 0.41856406249999994 0.9894828125 0.4271546875 1 0.4288015625 0.9995796875 0.42387031249999996
0 0.9433296875 0.4518375 1 0.46269687499999995 0.9989640625 0.455175 0.9828640625 0.45243124999999995 0.9421890625 0.44516875 0.9433296875 0.4518375
0 1 0.47882187500000006 0.984315625 0.47648124999999997 0.9440687499999999 0.470925 0.943821875 0.47783437500000003 0.9754156249999999 0.48112656249999997 0.9973812499999999 0.48375781250000005 0.9996031249999999 0.4827703125 1 0.47882187500000006
0 0.9985843750000001 0.44655781250000004 0.9414578125 0.43760937499999997 0.9414578125 0.443159375 0.9981875 0.4526140625 0.9985843750000001 0.44655781250000004
0 0.99430625 0.43766875 0.9906234375 0.437403125 0.9411734375 0.4310359375 0.9408734375 0.43554531250000006 0.96435625 0.43886250000000004 0.9985843750000001 0.4443015625 0.998384375 0.4380671875 0.99430625 0.43766875
0 0.993509375 0.39773593749999997 0.9842562499999999 0.40635937499999997 0.9597796875 0.40357343749999997 0.9378890625 0.3974703125 0.93679375 0.40145 0.9540078125000001 0.4055625 0.9567937499999999 0.409278125 0.985846875 0.4114 0.9967921875 0.4148484375 0.997190625 0.409278125 0.9906234375 0.40675625000000004 0.994803125 0.4030421875 0.993509375 0.39773593749999997
0 0.98505 0.3865890625 0.980078125 0.3850265625 0.9755984375000001 0.3907015625 0.9626625000000001 0.40317187499999996 0.9667421875000001 0.40463125 0.971915625 0.40158125 0.97898125 0.3934890625 0.98505 0.3865890625
0 0.95703125 0.43046875 0.95234375 0.43112031249999994 0.953028125 0.43463593749999996 0.9600593749999999 0.43411406250000006 0.9626953125 0.42942656250000005 0.963671875 0.425390625 0.96328125 0.4109375 0.958496875 0.41106718750000004 0.9591796875 0.41575468750000005 0.9594734375 0.42265625 0.9594734375 0.4264328125 0.95859375 0.42877656249999996 0.95703125 0.43046875
1 0.91796875 0.3346359375 0.915221875 0.3210046875 0.908203125 0.3216140625 0.908203125 0.3450515625 0.921875 0.5143234375 0.9240187499999999 0.527246875 0.935546875 0.52734375 0.921875 0.3684890625 0.91796875 0.3346359375