0 0.9547984375 0.3323171875 0.8955828125 0.318934375 0.8949140625 0.3242875 0.9554671875 0.33811562500000003 0.9547984375 0.3323171875
0 0.9005546875 0.37775781249999996 0.9626453125 0.391446875 0.9626453125 0.3885125 0.9616671875 0.3855796875 0.9015328125 0.371890625 0.9005546875 0.37775781249999996
0 0.9107703125000001 0.4730171875 0.9102781249999999 0.47826562499999997 0.9523484375000001 0.48416875 0.9707984375 0.48449687499999994 0.96956875 0.47990468750000004 0.950871875 0.4785921875 0.9107703125000001 0.4730171875
0 0.9676 0.45727031250000005 0.9088015625000001 0.4477578125 0.9090484375000001 0.453334375 0.96883125 0.463503125 0.9676 0.45727031250000005
0 0.92011875 0.43398125 0.9056031250000001 0.4320125 0.9060953125 0.4372625 0.9673546875 0.446446875 0.967109375 0.44349375 0.9668640625 0.44185468749999995 0.92011875 0.43398125
0 0.9038812500000001 0.42184375 0.940784375 0.42676406250000004 0.9641562499999999 0.431028125 0.9639109375 0.424796875 0.9038812500000001 0.41626874999999997 0.9038812500000001 0.42184375
0 0.93783125 0.41364375000000003 0.963665625 0.41659687500000003 0.963665625 0.411346875 0.946196875 0.40937812500000004 0.9247921874999999 0.4060984375 0.904865625 0.40019375 0.9051109374999999 0.4054421875 0.93783125 0.41364375000000003
0 0.9365328125 0.39590468749999996 0.9267296875 0.4042390625 0.9297859374999999 0.40716093750000004 0.937403125 0.40221406249999997 0.9471875000000001 0.3900328125 0.9424984375 0.3885171875 0.9365328125 0.39590468749999996
0 0.95358125 0.40840781249999997 0.9562796875 0.407459375 0.9605421875 0.4048078125 0.9619624999999999 0.403103125 0.960115625 0.399125 0.95546875 0.40221406249999997 0.9501953125 0.40481718750000006 0.9458015625 0.4075515625 0.94931875 0.4097328125 0.95358125 0.40840781249999997
0 0.01191875 0.20253593749999999 0.09756875000000001 0.2155578125 0.324471875 0.24959375 0.5468359375 0.279846875 0.730565625 0.3021640625 0.7298078125 0.2961109375 0.4912453125 0.2662328125 0.2759953125 0.23683749999999998 0.1643859375 0.2199390625 0.011728125 0.1969875 0.01191875 0.20253593749999999
0 0.5132875 0.3319296875 0.673590625 0.352453125 0.733040625 0.358115625 0.732509375 0.352453125 0.6205093749999999 0.3397140625 0.5028140624999999 0.32475468749999997 0.3052125 0.2965421875 0.011840625 0.252278125 0.0113375 0.258659375 0.30415000000000003 0.3036203125 0.47686875000000006 0.32785156249999997 0.5132875 0.3319296875
0 0.0114234375 0.286034375 0.011821874999999999 0.2885140625 0.11610781249999999 0.30371875 0.4007484375 0.34185468750000003 0.5784828125 0.3640984375 0.7357640625 0.380434375 0.7351 0.3747671875 0.6009562500000001 0.3604671875 0.2706765625 0.3200625 0.099759375 0.295546875 0.01155625 0.283909375 0.0114234375 0.286034375
0 0.30372656249999996 0.361778125 0.387884375 0.3681734375 0.469509375 0.3772140625 0.47318125 0.3776046875 0.4756765625 0.37858281250000003 0.573021875 0.3901765625 0.693225 0.408071875 0.7343640625 0.4135171875 0.7355296874999999 0.40768281249999994 0.643715625 0.39488124999999996 0.5065015625 0.37695 0.578565625 0.380840625 0.6564640625 0.3862859375 0.7101468750000001 0.3893984375 0.7361140625 0.3909546875 0.7364046875 0.3855078125 0.7145234375 0.3839515625 0.533053125 0.3734484375 0.4659484375 0.369559375 0.3264765625 0.3524421875 0.18293125 0.3314359375 0.058059375 0.315096875 0.0118765625 0.30958593749999996 0.0116734375 0.3112078125 0.0114859375 0.31393593750000004 0.1919796875 0.33805 0.3209359375 0.3578890625 0.1009515625 0.33649375 0.011965625 0.327934375 0.011090625 0.332603125 0.09015625000000001 0.34155156249999996 0.30372656249999996 0.361778125
0 0.2997671875 0.3797421875 0.5086109375000001 0.4029265625 0.6742390625 0.4188203125 0.73446875 0.42188749999999997 0.7347625 0.4171578125 0.695171875 0.4152609375 0.5656 0.40254218750000004 0.42988125000000005 0.3886484375 0.32355 0.37653593750000003 0.1124828125 0.3501765625 0.011223437499999999 0.3369953125 0.0106890625 0.3416265625 0.2997671875 0.3797421875
0 0.4294015625 0.417865625 0.6136515625000001 0.4411125 0.73570625 0.45632343750000004 0.734853125 0.4505828125 0.666834375 0.44369531249999994 0.508196875 0.4227453125 0.33664218749999997 0.4012203125 0.2042625 0.385434375 0.0748921875 0.3693640625 0.01139375 0.36017968749999996 0.0120390625 0.36620625 0.0962015625 0.3771125 0.2679671875 0.3977765625 0.4294015625 0.417865625
0 0.1487203125 0.414134375 0.3273796875 0.43365 0.48214218750000004 0.4488609375 0.651975 0.46407187499999997 0.7336078125000001 0.47113750000000004 0.736953125 0.47113750000000004 0.7384078125 0.47113750000000004 0.7382703125 0.46407187499999997 0.6125703125 0.4546015625 0.4233734375 0.43766875 0.22211875 0.41700312500000003 0.0122515625 0.3908875 0.0124671875 0.39835 0.1487203125 0.414134375