0 0.36119218750000004 0.21276250000000002 0.1284078125 0.1937 0.0112515625 0.18270312500000002 0.01105 0.18966875 0.1286875 0.19941718749999998 0.3394546875 0.2165765625 0.5485015625 0.231828125 0.73324375 0.2440296875 0.9457140624999999 0.25394375 0.9462859375000001 0.24936875 0.8873765625000001 0.2459359375 0.744675 0.2390734375 0.5825375 0.229159375 0.36119218750000004 0.21276250000000002
0 0.164334375 0.2495515625 0.0117125 0.2332125 0.01141875 0.24026874999999998 0.11279999999999998 0.251409375 0.3581796875 0.2755484375 0.5244578125 0.28817499999999996 0.7659359375 0.30562812500000003 0.924128125 0.31379843749999997 0.9227359375 0.30785625 0.8592328124999999 0.30488593750000004 0.634196875 0.2907734375 0.38018593749999996 0.271090625 0.164334375 0.2495515625
0 0.218915625 0.2878015625 0.0341234375 0.2700875 0.011542187499999999 0.26941875 0.0116984375 0.2748046875 0.126725 0.285575 0.33840625 0.30377031250000003 0.5183234375 0.3152828125 0.6887749999999999 0.3267953125 0.92609375 0.33859374999999997 0.9256249999999999 0.33359375 0.81875 0.32796875000000003 0.64143125 0.31825468749999997 0.4528734375 0.3063703125 0.218915625 0.2878015625
0 0.1481265625 0.33053125 0.0881484375 0.327859375 0.063415625 0.3263796875 0.0120171875 0.32420781249999997 0.0120171875 0.32894999999999996 0.1244203125 0.34033281249999997 0.281159375 0.3536125 0.4673109375 0.366259375 0.61338125 0.3741640625 0.7200921874999999 0.37890625 0.893909375 0.3852296875 0.9284375 0.38625 0.9295312499999999 0.380625 0.8408953125 0.3777671875 0.766803125 0.3744796875 0.5787546875 0.3662578125 0.37742343749999996 0.3536109375 0.14811093749999998 0.3365375 0.30273125 0.3422296875 0.41607656249999997 0.345390625 0.5026296875 0.349184375 0.5858546875 0.350765625 0.6864 0.3536109375 0.7741328125 0.36214843750000003 0.844571875 0.36784218750000003 0.896725 0.37043125 0.92843125 0.3737828125 0.9286562500000001 0.366846875 0.8250609375 0.3593078125 0.74091875 0.3517671875 0.83863125 0.35357656249999997 0.899346875 0.351521875 0.92843125 0.3529734375 0.9282046875000001 0.34754375 0.9270734375 0.34724374999999996 0.875728125 0.347846875 0.75086875 0.34729375 0.6746390625 0.3469265625 0.5722765625 0.3395890625 0.387896875 0.325278125 0.14241718750000001 0.3076671875 0.0120625 0.2969890625 0.01179375 0.3017609375 0.071534375 0.3080234375 0.2624265625 0.3219953125 0.4165515625 0.334009375 0.49409375000000005 0.33938437499999996 0.5329828125 0.343178125 0.5249203125 0.34286249999999996 0.35917187500000003 0.33938437499999996 0.1481265625 0.33053125
0 0.9052328125000001 0.41681718749999996 0.9042187500000001 0.38468749999999996 0.89920625 0.384675 0.899515625 0.4172296875 0.9052328125000001 0.41681718749999996
0 0.739034375 0.328784375 0.73775625 0.32975781249999997 0.73684375 0.33389375 0.73866875 0.3377890625 0.7419546875 0.33851875 0.742684375 0.3470359375 0.7466999999999999 0.3470359375 0.744509375 0.32708125 0.739034375 0.328784375
0 0.22833593749999997 0.3139390625 0.22833593749999997 0.3141828125 0.23253437500000002 0.3134515625 0.23125625 0.308340625 0.23143906250000001 0.2993375 0.23308125 0.2937390625 0.2259625 0.2937390625 0.22541562499999998 0.29860625 0.22778749999999998 0.3000671875 0.22833593749999997 0.3139390625
0 0.23290000000000002 0.348253125 0.23125625 0.3672359375 0.23709687499999998 0.3684515625 0.238009375 0.34873906250000003 0.23290000000000002 0.348253125
0 0.9110265625 0.419440625 0.9339390625 0.42135625 0.9330140625000001 0.415978125 0.8330718750000001 0.40812968749999995 0.7266390625 0.401896875 0.6005953125 0.3919703125 0.5379203125 0.3887375 0.41188125 0.3797359375 0.2595234375 0.3691171875 0.12050000000000001 0.358959375 0.011600000000000001 0.3524953125 0.0114265625 0.35734374999999996 0.0960875 0.3640390625 0.24498437499999998 0.3725796875 0.40513281250000005 0.38550625 0.5252859375 0.3926625 0.6244890625 0.39981875 0.7318328125 0.40720625000000005 0.8360609374999999 0.41528593750000004 0.9110265625 0.419440625
0 0.071425 0.38448906250000003 0.0119703125 0.3801484375 0.0117984375 0.384946875 0.07022500000000001 0.3913421875 0.200103125 0.4018515625 0.3144 0.4096203125 0.41515 0.416015625 0.57124375 0.42332656249999995 0.5883812500000001 0.4253828125 0.712778125 0.43109374999999994 0.84728125 0.43612031250000005 0.9336609375 0.437375 0.9341296874999999 0.4313234375 0.915625 0.43086562500000003 0.7821546875000001 0.42725156249999996 0.6815687500000001 0.4240125 0.5744859375 0.4187578125 0.43981875 0.41144687500000005 0.32159218749999996 0.4041359375 0.16874687500000002 0.3931703125 0.071425 0.38448906250000003
1 0.9484141015625 0.49016549375 0.9582442640625001 0.489968890625 0.9492005140625001 0.39953139375 0.9484141015625 0.3894395125 0.9466446718749999 0.3823617953125 0.9450718453125001 0.369189378125 0.9460548624999999 0.360538834375 0.9505767374999999 0.35483733906250003 0.955885025 0.3546407359375 0.955885025 0.347366415625 0.9545088015625 0.33576682343750003 0.9492005140625001 0.336356634375 0.9486107046875001 0.3400920953125 0.94723448125 0.3463834 0.94192619375 0.3536577203125 0.9399601609375001 0.3634878828125 0.9393703515625 0.3946163125 0.94271260625 0.43082394687500003 0.9362247 0.43118451718750006 0.937207715625 0.4394418546875 0.94271260625 0.43809826718749995 0.947037878125 0.4900015265625 0.9484141015625 0.49016549375