0 0.08563593750000001 0.1955984375 0.0110296875 0.188425 0.012493750000000001 0.19470937500000002 0.2118296875 0.2121078125 0.34002656249999996 0.22429375000000001 0.6449078125 0.2472484375 0.9256624999999999 0.2630296875 0.9256624999999999 0.2572921875 0.8514171875000001 0.252509375 0.6656203125 0.24294375 0.44036875000000003 0.225728125 0.2893640625 0.21425 0.08563593750000001 0.1955984375
0 0.30406093749999996 0.26954218750000003 0.0955828125 0.2490125 0.01069375 0.2395359375 0.0120953125 0.246290625 0.1746375 0.2640984375 0.49433906250000004 0.29218125 0.7498265625 0.3132390625 0.9148687499999999 0.3216625 0.9128953125000001 0.3153453125 0.753775 0.306921875 0.5242 0.2897609375 0.518434375 0.2897609375 0.49987343749999996 0.2873578125 0.30406093749999996 0.26954218750000003
0 0.011079687500000001 0.27905156249999996 0.2219984375 0.29996093749999997 0.43886562500000004 0.3172671875 0.564059375 0.32627968749999997 0.709525 0.335653125 0.8449921874999999 0.343584375 0.9155640625 0.34587500000000004 0.9139375 0.3410609375 0.83498125 0.336375 0.7008687499999999 0.32916406249999997 0.555115625 0.3201515625 0.3931453125 0.30789218749999997 0.226040625 0.2938328125 0.09787812500000001 0.281575 0.010809375 0.274003125 0.011079687500000001 0.27905156249999996
0 0.0116890625 0.307228125 0.0729703125 0.312221875 0.375446875 0.33655 0.5293875 0.3493390625 0.5703265625 0.3493390625 0.5706078125 0.34716874999999997 0.21275624999999998 0.3185015625 0.0111046875 0.30274531250000003 0.0116890625 0.307228125
0 0.9187375 0.38894531250000003 0.8509765625 0.38623124999999997 0.570025 0.3722703125 0.33299687499999997 0.356759375 0.220734375 0.34706562500000004 0.1579140625 0.3424109375 0.1567515625 0.3408609375 0.46475 0.355596875 0.5793468749999999 0.355596875 0.6578265625 0.35929375 0.7312624999999999 0.36483125 0.7843703125 0.37007500000000004 0.8820609375 0.3776515625 0.9168109375 0.379690625 0.9174671875 0.375028125 0.7813109375 0.365121875 0.735853125 0.359003125 0.8687578125 0.36035625 0.901075 0.359003125 0.9161390624999999 0.3601140625 0.9167375 0.35493125000000003 0.8916140625000001 0.353734375 0.6598109375 0.353734375 0.5767671875 0.3491875 0.46396249999999994 0.34840312500000004 0.287246875 0.3421234375 0.1177 0.335059375 0.0117953125 0.3290734375 0.01209375 0.3348484375 0.0235609375 0.33581875 0.2303328125 0.3552078125 0.4263609375 0.36878125 0.6444859375 0.38235312499999996 0.856790625 0.3924359375 0.8969265625 0.39282343750000004 0.9184468750000001 0.3935984375 0.9187375 0.38894531250000003
0 0.8927109375000001 0.42215781249999995 0.89099375 0.392728125 0.88711875 0.3932546875 0.8882671875 0.421946875 0.8927109375000001 0.42215781249999995
0 0.6852609375000001 0.40492656250000003 0.68625625 0.3850453125 0.6811203124999999 0.3846046875 0.6811203124999999 0.4064734375 0.6852609375000001 0.40492656250000003
0 0.1913328125 0.3749171875 0.4016046875 0.3899953125 0.6372515625 0.4075171875 0.8295015625 0.4221875 0.9214984375 0.4274859375 0.9233218750000001 0.4221875 0.8823671875000001 0.420559375 0.6702609374999999 0.4050734375 0.5550296875 0.3957 0.29555625 0.37817500000000004 0.16138125 0.36758125 0.0119234375 0.35739375 0.0103953125 0.3622828125 0.1913328125 0.3749171875
0 0.01129375 0.39121562499999996 0.2261546875 0.4087390625 0.449584375 0.42463281249999996 0.5868140625 0.4323765625 0.8404234374999999 0.4426109375 0.8464578125 0.4426109375 0.9227109375 0.44460156250000005 0.9233375 0.44378593750000006 0.9238484375 0.4388546875 0.8564031249999999 0.43644999999999995 0.66964375 0.4295234375 0.4489671875 0.4193359375 0.2771984375 0.40629375 0.11093125 0.392846875 0.0115984375 0.3842890625 0.01129375 0.39121562499999996
0 0.22668750000000001 0.37294062499999997 0.2274671875 0.35266875 0.2233734375 0.35266875 0.22259531250000003 0.3719 0.22668750000000001 0.37294062499999997
0 0.22278906250000002 0.318621875 0.223178125 0.29913124999999996 0.217721875 0.29913124999999996 0.217915625 0.31914375 0.22278906250000002 0.318621875