0 0.8662140624999999 0.249434375 0.9734859374999999 0.25103593750000003 0.9730578124999999 0.245971875 0.932459375 0.244671875 0.7440828125000001 0.237309375 0.497896875 0.225184375 0.2133765625 0.20656406249999998 0.01169375 0.1922734375 0.012296875 0.1976234375 0.14517968750000002 0.2074296875 0.368959375 0.22172031250000002 0.6291296875 0.2390421875 0.8662140624999999 0.249434375
0 0.9493937499999999 0.3118796875 0.951525 0.31030156249999996 0.9510515625 0.30525 0.8520890624999999 0.302409375 0.7010359375 0.29451875 0.41123750000000003 0.27589375 0.178509375 0.25758437500000003 0.012310937499999999 0.24180156249999998 0.0121203125 0.24780000000000002 0.12268281249999999 0.2591625 0.2850890625 0.27210625 0.47969531249999997 0.28631093750000003 0.618621875 0.29615468749999996 0.7656796875 0.304303125 0.8532718750000001 0.3096703125 0.9316375000000001 0.3115640625 0.9493937499999999 0.3118796875
0 0.9555671875 0.3384859375 0.9559515624999999 0.33281875 0.8207125 0.32818281250000003 0.5225609375 0.3137734375 0.36275 0.3039890625 0.219278125 0.292940625 0.012357812499999999 0.27715625 0.0115484375 0.2827703125 0.11511249999999999 0.2907484375 0.25932187500000003 0.3017515625 0.411984375 0.311928125 0.5127515625 0.31839375 0.5602796875 0.32096874999999997 0.7557984375 0.32972812500000004 0.9319953125 0.33745625 0.9555671875 0.3384859375
0 0.0115515625 0.3049515625 0.0119390625 0.3112609375 0.181353125 0.3210703125 0.3803953125 0.33485624999999997 0.5583609375 0.3462578125 0.598925 0.3481125 0.60001875 0.3432375 0.569640625 0.342796875 0.21782343750000002 0.319034375 0.0115515625 0.3049515625
0 0.81325625 0.3830953125 0.9260921874999999 0.3853578125 0.9596218750000001 0.385446875 0.960240625 0.3796609375 0.9111765625 0.38045625 0.6710765624999999 0.3725375 0.3721109375 0.35830937500000004 0.23043906249999999 0.3497515625 0.19059375 0.3453234375 0.2094109375 0.345028125 0.362375 0.34945624999999997 0.50139375 0.3524078125 0.6255796874999999 0.354178125 0.6747203125000001 0.3535890625 0.72585625 0.3565390625 0.7621578125 0.3589015625 0.79780625 0.3630328125 0.9304015625 0.370115625 0.9576296875000001 0.369821875 0.9576296875000001 0.3656890625 0.793378125 0.35595 0.7931578125 0.354178125 0.9558578125 0.35034062499999996 0.95519375 0.3453234375 0.6902171874999999 0.34945624999999997 0.64528125 0.34620937500000004 0.606565625 0.3459171875 0.586834375 0.347684375 0.3313796875 0.345028125 0.14233437499999999 0.33824062499999996 0.012396875 0.3326328125 0.011225 0.3397328125 0.04649375 0.3405375 0.089278125 0.3442578125 0.1888234375 0.35104531250000004 0.21568593749999998 0.3544390625 0.3305125 0.3608484375 0.5612812500000001 0.37329218750000004 0.7295484375 0.38045625 0.81325625 0.3830953125
0 0.6692 0.40404999999999996 0.762428125 0.4097984375 0.848825 0.4145890625 0.9632484375000001 0.41913906250000005 0.9627078125 0.4150359375 0.8555249999999999 0.4093484375 0.6659703125 0.39761875 0.48618281249999995 0.3879015625 0.3003265625 0.37696874999999996 0.07408437500000001 0.3644171875 0.012435937499999999 0.360771875 0.012425 0.3671640625 0.09430625000000001 0.37189843749999996 0.34220625 0.38423124999999997 0.6692 0.40404999999999996
0 0.0735640625 0.39296406250000004 0.011539062499999999 0.38783124999999996 0.011753125 0.393534375 0.056239062500000006 0.398096875 0.16766875 0.405225 0.2731109375 0.4132109375 0.4194140625 0.42005468749999997 0.48058125 0.4234765625 0.549021875 0.4257578125 0.6412078125 0.4300359375 0.7062328124999999 0.43260156250000004 0.8200156249999999 0.4360234375 0.9663281250000001 0.436309375 0.9663031249999999 0.4311140625 0.8861874999999999 0.4311140625 0.7193765625 0.4278015625 0.6213124999999999 0.42433125 0.5473078124999999 0.42033906249999997 0.458546875 0.4177734375 0.35352968749999997 0.41207031250000004 0.28594375 0.40807656249999996 0.23739218750000002 0.4046546875 0.14328749999999998 0.398096875 0.0735640625 0.39296406250000004
0 0.7195203125 0.3798328125 0.7198 0.4014421875 0.72413125 0.40069687500000006 0.7238515624999999 0.386725 0.725946875 0.3811375 0.7195203125 0.3798328125
0 0.768140625 0.33028124999999997 0.7680015625000001 0.33605625 0.7703765625 0.33866406250000003 0.772053125 0.34741875 0.77540625 0.3481640625 0.7747078125 0.3310265625 0.768140625 0.33028124999999997
0 0.2598609375 0.3736609375 0.26408906249999997 0.3742640625 0.2639375 0.36822343750000003 0.2639375 0.36359375 0.2666546875 0.360575 0.2675609375 0.357553125 0.26016249999999996 0.356546875 0.26106875 0.36178125 0.2598609375 0.368828125 0.2598609375 0.3736609375
0 0.25880312499999997 0.3217171875 0.25744375 0.31124843750000003 0.2591046875 0.3021890625 0.2526140625 0.3017859375 0.2530671875 0.306215625 0.25533125 0.3092359375 0.255784375 0.3144703125 0.2551796875 0.321315625 0.25880312499999997 0.3217171875