1 0.7504328124999999 0.791403125 0.7519312499999999 0.7878578125 0.74968125 0.76488125 0.72475625 0.7615953125 0.7245375000000001 0.7671453125000001 0.7273515625 0.76796875 0.7409250000000001 0.7716140625000001 0.7455671875000001 0.7724015625 0.7454171875 0.7759109375000001 0.7461156250000001 0.7899265625 0.7504328124999999 0.791403125
1 0.9476421875 0.6161531250000001 0.960878125 0.5969234375 0.96045 0.58984375 0.9482921875000001 0.59050625 0.9407703125 0.606434375 0.9466687500000001 0.7045578124999999 0.95456875 0.705571875 0.9540421875 0.6925625 0.9476421875 0.6161531250000001
0 0.9986390625 0.6064671875000001 0.9961921874999999 0.6014328124999999 0.978125 0.6123703125 0.9707578124999999 0.6174703125 0.9626953125 0.6225265624999999 0.9640625 0.6276046875 0.9665046875 0.6270828125000001 0.9835499999999999 0.6146734375 0.9986390625 0.6064671875000001
0 0.9939234375 0.56946875 0.961909375 0.5926984375 0.9627046874999999 0.596934375 0.9874031249999999 0.5794265625 0.99466875 0.5733734375 0.9939234375 0.56946875
0 0.983946875 0.6361125000000001 0.981565625 0.6329343749999999 0.9728296875 0.6406125 0.9516609375 0.6579421875 0.953125 0.662890625 0.9684625 0.6506703125 0.983946875 0.6361125000000001
0 0.9375453125 0.6386265625 0.9079984375000001 0.6712625 0.9124359375 0.6749421875 0.9228515625 0.6631515625 0.9403328125 0.6428906249999999 0.93984375 0.6384109375 0.9375453125 0.6386265625
0 0.888965625 0.677734375 0.906640625 0.6609375 0.9235234374999999 0.6430703125 0.9418953125 0.6212234375000001 0.9407234375 0.615234375 0.9372078125 0.6192703125000001 0.9176765625 0.6424484374999999 0.898046875 0.6618484375 0.88545 0.6740890625 0.8858406249999999 0.6744796875 0.888965625 0.677734375
0 0.48860625 0.7009765625 0.45314062499999996 0.680403125 0.45255 0.68245 0.4517796875 0.6847390625 0.45859531249999996 0.6884812499999999 0.48269375 0.7020187499999999 0.49887031249999997 0.7106453125 0.5171671875 0.7197203125 0.51705625 0.715703125 0.48860625 0.7009765625
0 0.500684375 0.7325515625000001 0.49657343750000005 0.7345765625 0.51418125 0.74251875 0.5375421874999999 0.7524953125 0.537846875 0.7496437499999999 0.5253265625 0.743740625 0.500684375 0.7325515625000001
0 0.5360703124999999 0.7530328125 0.5102671875 0.7438703125 0.477134375 0.7320640625 0.473775 0.7349140625 0.5046875 0.7462234375000001 0.5258171875000001 0.75309375 0.5358171875 0.756353125 0.5360703124999999 0.7530328125
0 0.535415625 0.7674578125 0.535525 0.7638171875 0.5225593749999999 0.7596359374999999 0.4759125 0.7408171875 0.4751484375 0.7447484375 0.5164171875 0.76134375 0.535415625 0.7674578125
0 0.473828125 0.7506515625 0.47216874999999997 0.75234375 0.4720703125 0.7536453125 0.503125 0.7631515624999999 0.5228515625 0.7696609375000001 0.5227546875 0.7661453125000001 0.473828125 0.7506515625
0 0.6601796875 0.779259375 0.612140625 0.77905 0.6129234375 0.783221875 0.6606484375 0.7828062499999999 0.6601796875 0.779259375
0 0.980665625 0.6557484375 0.9667640625 0.6670546875000001 0.9685375 0.669684375 0.9844125 0.657590625 0.980665625 0.6557484375
0 0.6184984375 0.7511812499999999 0.5938234375 0.74665 0.5939703125 0.7505890625 0.6186453125 0.7555140625 0.66976875 0.755909375 0.669621875 0.7515734375 0.6184984375 0.7511812499999999
0 0.703796875 0.7731515625000001 0.6885749999999999 0.766796875 0.6882125 0.770034375 0.703028125 0.776778125 0.703796875 0.7731515625000001
0 0.7046890625 0.783784375 0.6924984375000001 0.7794234375 0.6920515625 0.78279375 0.7037953124999999 0.78675625 0.7046890625 0.783784375
1 0.4283234375 0.74995625 0.42921718750000004 0.742809375 0.4402921875 0.7442390624999999 0.44040468749999995 0.7592421875 0.4297546875 0.7580515625 0.42921718750000004 0.7668640625 0.439934375 0.7697234374999999 0.4424390625 0.8569296874999999 0.45465 0.85584375 0.4518 0.7673828125 0.46029687499999994 0.7659109374999999 0.46833437499999997 0.7663875 0.46762031249999997 0.7578140624999999 0.452259375 0.7587671874999999 0.45139375 0.7435031249999999 0.463690625 0.7401921875 0.47119375 0.742334375 0.470525 0.7331921875 0.4501734375 0.734278125 0.45098593749999993 0.719625 0.4685140625 0.7180421875 0.47174531249999996 0.724509375 0.47581562499999996 0.7239656250000001 0.4754796875 0.70970625 0.45118749999999996 0.7099453125 0.44954375 0.607865625 0.4391828125 0.608371875 0.4387765625 0.7120265625 0.41842499999999994 0.7120265625 0.4192390625 0.724509375 0.42582343749999996 0.7249484374999999 0.43207500000000004 0.7201859374999999 0.439934375 0.7209 0.43958906249999996 0.73590625 0.42296562499999996 0.73661875 0.42290312500000005 0.750559375 0.4283234375 0.74995625
1 0.680615625 0.7643703125 0.6784250000000001 0.74830625 0.673934375 0.74830625 0.6719640625000001 0.7642234375 0.6666015625 0.764453125 0.6669921875 0.7694015624999999 0.6730578125 0.76904375 0.671634375 0.773425 0.6631843749999999 0.7779953125 0.663671875 0.7822921875 0.6698828125 0.78145625 0.67174375 0.7801421875 0.6729499999999999 0.7801421875 0.672840625 0.7985421875000001 0.682040625 0.79941875 0.68193125 0.7811640625 0.6920078125 0.7817484375 0.6920078125 0.7792656250000001 0.680834375 0.7707953125 0.68050625 0.7684578125 0.6877359375000001 0.76904375 0.6875171875 0.7643703125 0.680615625 0.7643703125