1 0.3546875 0.60625 0.35425625 0.41359531250000003 0.3443171875 0.413396875 0.34375 0.4796875 0.3421875 0.48125 0.3421875 0.53125 0.34375 0.5328125 0.34375 0.5609375 0.3413484375 0.5629328124999999 0.34179375 0.6046671875 0.346875 0.6078125 0.353125 0.6078125 0.3546875 0.60625
0 0.3962890625 0.46015625 0.473146875 0.51036875 0.4778171875 0.5130375 0.5098640624999999 0.5302078125 0.5475359375 0.5471078125 0.5745109375 0.5531546875 0.5863703124999999 0.555790625 0.5889765625 0.5563906249999999 0.6323546875 0.5629078125 0.6325999999999999 0.5563906249999999 0.58983125 0.5498734375 0.5484375 0.5408859374999999 0.5120125 0.524609375 0.47937343749999994 0.5065125 0.4051765625 0.458503125 0.357428125 0.4252328125 0.3555671875 0.430859375 0.3962890625 0.46015625
0 0.327078125 0.45207031249999996 0.34375 0.46197968749999996 0.344184375 0.45754374999999997 0.32844687499999997 0.44750781249999994 0.327078125 0.45207031249999996
0 0.32742031250000003 0.480353125 0.341790625 0.48719531250000003 0.3424734375 0.48263437500000006 0.32751406250000004 0.47520625 0.32742031250000003 0.480353125
0 0.3262703125 0.4876296875 0.34140625 0.49427031250000003 0.3423828125 0.49010468749999997 0.3370875 0.48771250000000005 0.3271765625 0.48295937499999997 0.3262703125 0.4876296875
0 0.43873125 0.5334531250000001 0.48588125 0.5522515625 0.493046875 0.5522515625 0.521765625 0.564715625 0.5720703125 0.5787765625 0.6052734375 0.5837234375 0.6204109375 0.5856765625 0.6202156249999999 0.5803390625 0.578796875 0.57413125 0.5344203125 0.5627296875 0.48911718750000005 0.54393125 0.43175468749999996 0.5131125 0.398240625 0.4927734375 0.366015625 0.47252656249999997 0.35594375 0.46565312499999995 0.3552921875 0.471509375 0.376190625 0.484653125 0.37956406249999997 0.4867703125 0.4109375 0.5069015625 0.4722453125 0.5417734375000001 0.37817500000000004 0.499553125 0.3568359375 0.49036406250000003 0.3558203125 0.49570468749999996 0.43873125 0.5334531250000001
0 0.35693437499999997 0.527734375 0.4310515625 0.5552296875 0.46866562500000003 0.5681468749999999 0.4846234375 0.5727078125 0.493171875 0.5727078125 0.519578125 0.5825859375 0.539715625 0.58891875 0.5611828125 0.5932234375000001 0.590625 0.597265625 0.6078125 0.599609375 0.6083984375 0.5953125 0.577709375 0.5904375 0.5442390625 0.584765625 0.5292671875 0.581065625 0.48519375 0.5643484375 0.4495125 0.548046875 0.3997046875 0.52179375 0.36767656249999997 0.5048171875 0.3556640625 0.49830781249999995 0.354871875 0.5035578125 0.3750078125 0.5144484375 0.409203125 0.5329390625 0.441796875 0.5494796875 0.4735359375 0.5653640625 0.43408281249999997 0.55078125 0.3586921875 0.5229171874999999 0.357715625 0.525390625 0.35693437499999997 0.527734375
0 0.449121875 0.5815109374999999 0.462015625 0.585878125 0.4625 0.5809890625 0.448340625 0.5756515624999999 0.37861406249999996 0.5467453124999999 0.3599609375 0.5404953124999999 0.3567703125 0.5405375 0.35625 0.5454421875000001 0.3669921875 0.5479171875 0.3859375 0.55546875 0.396778125 0.56015625 0.425684375 0.571875 0.449121875 0.5815109374999999
0 0.405371875 0.5739578125 0.42440156250000005 0.5795453125 0.45460625 0.58891875 0.4559578125 0.5846359375 0.44434843749999997 0.580559375 0.3995140625 0.5661203125000001 0.3634203125 0.5549765625 0.356390625 0.5544703125 0.3563484375 0.5614578125 0.3607421875 0.5619796874999999 0.370828125 0.562828125 0.405371875 0.5739578125
0 0.56854375 0.61295 0.6037078124999999 0.6153453125 0.60390625 0.6106765625 0.5666015625 0.6078125 0.5654109375 0.6124171875 0.56854375 0.61295
0 0.65703125 0.6188796875 0.703028125 0.634765625 0.703028125 0.6298171875 0.69140625 0.62578125 0.6583984375 0.6143234375 0.65703125 0.6188796875
0 0.656634375 0.597978125 0.65546875 0.6033859374999999 0.6598640625 0.60546875 0.7020515625 0.6241546875 0.702740625 0.6198453125000001 0.6750984375 0.6071921875 0.656634375 0.597978125
0 0.7046234375 0.616003125 0.7049171875 0.6118828125 0.6963828125 0.607565625 0.668359375 0.5924484375 0.65105625 0.5820578125 0.6501953125 0.587109375 0.667871875 0.5975265624999999 0.703125 0.616015625 0.7046234375 0.616003125
0 0.2468109375 0.4330984375 0.2650671875 0.42628281250000005 0.2718828125 0.423846875 0.2703015625 0.4191421875 0.2460828125 0.429203125 0.2468109375 0.4330984375
0 0.287071875 0.41521406250000004 0.286340625 0.4192703125 0.3044921875 0.42408906249999995 0.317253125 0.42705937499999996 0.317740625 0.4260859375 0.31810625 0.42397656250000004 0.287071875 0.41521406250000004
1 0.31640625 0.5247390625 0.31820781249999996 0.5206031249999999 0.31494374999999997 0.5162515625 0.305153125 0.5126921875 0.2872015625 0.5142734375 0.2869046875 0.48480156250000006 0.3119765625 0.478275 0.31716875 0.48262656249999997 0.32414062499999996 0.48203281249999996 0.323546875 0.4768890625 0.3173828125 0.4713546875 0.2880859375 0.4713546875 0.28515625 0.46484375 0.287109375 0.4440109375 0.2939453125 0.4401046875 0.3053015625 0.4385171875 0.31286562500000004 0.443659375 0.3170203125 0.4438578125 0.3195421875 0.44267031250000005 0.31939375000000003 0.4359453125 0.3293328125 0.4310015625 0.32770156250000004 0.42665 0.2937296875 0.430803125 0.2872015625 0.43040781250000004 0.287109375 0.37109375 0.2866078125 0.3649359375 0.2750375 0.364540625 0.2723671875 0.433571875 0.23290625 0.4319890625 0.232421875 0.4361984375 0.2326109375 0.4400984375 0.2515984375 0.442078125 0.260203125 0.4468234375 0.26495 0.44761562499999996 0.2728125 0.4452421875 0.2720703125 0.4734375 0.24299374999999998 0.47412187499999997 0.244140625 0.4778640625 0.2446265625 0.47985625 0.2548828125 0.4869796875 0.2705078125 0.48463593749999995 0.271484375 0.48828125 0.271484375 0.51171875 0.2689546875 0.5148671874999999 0.2541203125 0.516053125 0.2496703125 0.516646875 0.25085625 0.523175 0.2559 0.5249546875 0.271484375 0.5299484375 0.2705875 0.5674812499999999 0.22919843750000002 0.568271875 0.228515625 0.5716140625 0.2300875 0.5773703125 0.26953125 0.5768234375 0.26953125 0.65234375 0.2694 0.6746875 0.28364218750000003 0.6766656249999999 0.28515625 0.65234375 0.2880921875 0.5763812500000001 0.33170625 0.5724265625 0.3330421875 0.5686671875 0.3315578125 0.5651078125 0.28794375 0.5678765625 0.287109375 0.52734375 0.2900390625 0.5234375 0.305153125 0.5215921875 0.31640625 0.5247390625
0 0.270771875 0.4649875 0.2700875 0.46087656250000003 0.26164062499999996 0.464834375 0.251709375 0.47061875000000003 0.253534375 0.47381406249999997 0.263965625 0.468359375 0.26826249999999996 0.46627656249999994 0.270771875 0.4649875
0 0.246778125 0.45716093750000003 0.24267656249999997 0.45625 0.237109375 0.45625 0.235059375 0.45690156249999997 0.235059375 0.45807343749999996 0.23584062499999997 0.459765625 0.23623124999999998 0.46002656249999996 0.2384765625 0.460546875 0.2435546875 0.46119843749999995 0.2474609375 0.4615890625 0.25068437499999996 0.4609375 0.25341874999999997 0.46002656249999996 0.2568359375 0.45924531249999995 0.2606453125 0.45625 0.26171875 0.45325468750000003 0.2637703125 0.44908906249999997 0.262890625 0.44752656249999995 0.2623046875 0.44765625 0.260840625 0.4479171875 0.26025468749999997 0.44895781250000005 0.258203125 0.45299531249999997 0.2568359375 0.45455781249999994 0.253125 0.45612031249999996 0.2505859375 0.45703125 0.246778125 0.45716093750000003
0 0.31220781249999996 0.46848906250000005 0.2879890625 0.45651093749999994 0.28662187499999997 0.46067656250000005 0.3109375 0.4713546875 0.31220781249999996 0.46848906250000005
0 0.3287109375 0.43255156250000004 0.32587968749999996 0.43307343749999994 0.3245125 0.43372343750000003 0.324121875 0.44088593749999994 0.3240234375 0.44674531249999994 0.3232421875 0.44973906250000006 0.322559375 0.45130156250000003 0.32060625 0.45 0.3189453125 0.448046875 0.317578125 0.4466140625 0.315528125 0.446875 0.3165046875 0.45234375 0.317578125 0.45390625 0.3192390625 0.45520781250000003 0.321484375 0.4557296875 0.3236328125 0.4557296875 0.32490312499999996 0.4557296875 0.3240234375 0.47356718750000004 0.328125 0.472265625 0.3282234375 0.4544265625 0.3287109375 0.43255156250000004
0 0.2364734375 0.510440625 0.235165625 0.49788437500000005 0.2346421875 0.47503906249999994 0.23486406249999997 0.46901093749999995 0.234903125 0.463703125 0.23581875000000002 0.4598671875 0.2365515625 0.4561703125 0.2368578125 0.44250156250000006 0.23593906250000002 0.44005312500000004 0.2333984375 0.43997343750000006 0.23271562499999998 0.4557296875 0.23193437499999997 0.463671875 0.2324203125 0.5014609375 0.23364375 0.5165578125 0.2330328125 0.5404265625 0.23272656249999998 0.5410390625 0.22981875000000002 0.542875 0.23027812499999997 0.54695625 0.23333906249999997 0.5502203125 0.2318078125 0.5663375 0.23411875000000001 0.56659375 0.23555781250000002 0.5660703125000001 0.236734375 0.5613625 0.2364734375 0.5543875 0.23621093750000002 0.5470609375000001 0.234903125 0.5440984375 0.23595000000000002 0.5416562500000001 0.2372578125 0.5357265625000001 0.2364734375 0.510440625
0 0.2454984375 0.47730625 0.24209687500000002 0.4766078125 0.2435359375 0.5411328125 0.24288125 0.5428765624999999 0.24078906249999998 0.5437484375 0.2390890625 0.5463640625 0.23817343750000003 0.5500265625 0.23751875 0.5597921875 0.23778125 0.5681625 0.24065781249999998 0.5681625 0.24052812499999998 0.5550828125 0.2415734375 0.5491546875 0.243275 0.5472359375 0.245759375 0.5435734375 0.2461515625 0.540434375 0.24680624999999998 0.5263093750000001 0.2461515625 0.4839328125 0.2454984375 0.47730625
0 0.2634875 0.567896875 0.264884375 0.5670359375 0.2673578125 0.56445625 0.270153125 0.5627375 0.2699375 0.5595828125 0.2689703125 0.5594406249999999 0.26520625 0.561303125 0.26391718750000004 0.5621640625000001 0.26337968749999996 0.56245 0.26166093749999997 0.565746875 0.26144375000000003 0.56689375 0.26337968749999996 0.567896875 0.2634875 0.567896875
0 0.2547796875 0.5478296874999999 0.25714375 0.550840625 0.2576828125 0.5670359375 0.2613375 0.5670359375 0.261553125 0.5501234375 0.259725 0.54955 0.257790625 0.546396875 0.25682187500000003 0.54095 0.25606874999999996 0.5405203125 0.25456406249999997 0.541953125 0.25456406249999997 0.54754375 0.2547796875 0.5478296874999999
0 0.24810781249999997 0.592609375 0.24885937500000002 0.60003125 0.2493109375 0.603040625 0.250665625 0.6078546874999999 0.252771875 0.6140734375 0.2544265625 0.617284375 0.2554796875 0.6186890625 0.256984375 0.617284375 0.257284375 0.61648125 0.2574359375 0.612871875 0.25427656249999997 0.6012359375 0.252771875 0.5918078125 0.252621875 0.58759375 0.25201875 0.5817765625 0.2512671875 0.5777640625 0.2512671875 0.5775640625 0.24795625000000002 0.578165625 0.246903125 0.5785671875 0.24765625 0.5859890625 0.24810781249999997 0.592609375
0 0.22945000000000002 0.578034375 0.22674218750000003 0.58084375 0.2310546875 0.591796875 0.2383265625 0.6051171875 0.2416375 0.604315625 0.23877968749999998 0.5978953125 0.22945000000000002 0.578034375
0 0.24630156250000002 0.6044453125 0.246753125 0.578365625 0.24329375 0.5787671875 0.2420890625 0.605046875 0.24630156250000002 0.6044453125
0 0.3281375 0.5116625 0.28948593749999996 0.4953625 0.2886984375 0.49930624999999995 0.3313921875 0.5186296875 0.3341515625 0.5140296875 0.3281375 0.5116625
0 0.3046703125 0.51179375 0.2908671875 0.5004890625 0.28712031250000003 0.5048265625 0.302009375 0.514425 0.3046703125 0.51179375
0 0.3175875 0.5064046875 0.3169953125 0.4830046875 0.3130515625 0.4831359375 0.31364375 0.5049578125 0.3175875 0.5064046875
0 0.318275 0.5964015625 0.319 0.5868890625 0.3209359375 0.5728625 0.3157875 0.57293125 0.313559375 0.5904375 0.30545 0.609453125 0.30134531249999996 0.6199421875 0.2973546875 0.63251875 0.29638749999999997 0.631390625 0.2977171875 0.6197812500000001 0.2994109375 0.6062390625 0.2994109375 0.5754421875 0.29517812499999996 0.5762484375 0.295540625 0.6096234375 0.2942109375 0.61833125 0.29275937500000004 0.6428375 0.29275937500000004 0.651221875 0.29650937499999996 0.6517062499999999 0.29638749999999997 0.64058125 0.29795937499999997 0.6375171875000001 0.309378125 0.6102796875000001 0.31549375 0.597046875 0.3164609375 0.611396875 0.3188796875 0.6112359374999999 0.318275 0.5964015625
0 0.30369375 0.5748593750000001 0.30348593749999997 0.604078125 0.3061734375 0.603803125 0.3065875 0.5748593750000001 0.30369375 0.5748593750000001
0 0.313409375 0.531859375 0.3145236109375 0.526300378125 0.31212125625 0.5259307859375 0.3076203125 0.53599375 0.303590625 0.5372343749999999 0.298834375 0.5372343749999999 0.29604375 0.5388875 0.2957328125 0.5650734374999999 0.2989390625 0.5668656249999999 0.29945468750000004 0.5482609375 0.3009015625 0.54136875 0.302865625 0.5406796875000001 0.30493281250000004 0.5402671875 0.306278125 0.5393015625 0.30948125000000004 0.5380609375 0.311653125 0.5358546875 0.313409375 0.531859375
0 0.30141874999999996 0.542609375 0.3073109375 0.54674375 0.3071046875 0.5654890625 0.30772499999999997 0.5660390625 0.3096890625 0.5660390625 0.310825 0.5452281250000001 0.3168203125 0.5428859375 0.3167171875 0.5381984375 0.3129953125 0.538475 0.3076203125 0.5434359375 0.304209375 0.5408171875 0.30141874999999996 0.542609375
0 0.3391484375 0.5219359375 0.34204218750000004 0.521521875 0.3421453125 0.5175265625 0.340078125 0.5179390625 0.3368734375 0.518490625 0.33304999999999996 0.5194546875 0.327959375 0.5216937500000001 0.322403125 0.523590625 0.3177515625 0.52483125 0.3167171875 0.5676921875 0.3204390625 0.566728125 0.3206453125 0.56535 0.3207484375 0.5379234375 0.3220921875 0.5354421874999999 0.3254 0.531859375 0.3272609375 0.5275875 0.3290171875 0.5259328125 0.33439375 0.524278125 0.3391484375 0.5219359375
0 0.3254 0.5645234375 0.3258140625 0.5423328125 0.32757187499999996 0.5432984375000001 0.327778125 0.566315625 0.3303625 0.566453125 0.330671875 0.555840625 0.330671875 0.5444015624999999 0.329225 0.54095625 0.32509062499999997 0.537096875 0.3234359375 0.5368203125 0.3208515625 0.5380609375 0.3210578125 0.54109375 0.3232296875 0.5423328125 0.32291875000000003 0.5647984375 0.3254 0.5645234375
0 0.34245625 0.5321343749999999 0.3295359375 0.526621875 0.327984375 0.5295156249999999 0.3417328125 0.53626875 0.34245625 0.5321343749999999
0 0.327145246875 0.51068604375 0.32664604218750004 0.48705703749999996 0.32373124999999997 0.48580781249999994 0.32392656249999996 0.509765625 0.327145246875 0.51068604375
1 0.6446156249999999 0.5989640625 0.65206875 0.6030421875 0.6543265625 0.6018703125 0.6547031249999999 0.59618125 0.653196875 0.594675 0.641959375 0.5883406250000001 0.6420671875 0.5874890625 0.641746875 0.5849390624999999 0.649184375 0.5836640625 0.6501953125 0.58359375 0.6494140625 0.5802078125000001 0.6408968749999999 0.572896875 0.63721875 0.5553625 0.633246875 0.5553312499999999 0.632184375 0.5677984375 0.6279343749999999 0.5764390625 0.6190640625 0.5807875 0.619753125 0.58338125 0.628465625 0.5849390624999999 0.628678125 0.59060625 0.6151859375 0.597121875 0.6144421875 0.6000984375 0.6299546874999999 0.600521875 0.6298484375 0.60250625 0.6232593750000001 0.61313125 0.623365625 0.6163890624999999 0.629315625 0.61653125 0.6287859375 0.63905625 0.6453609375 0.6407546875000001 0.6448296874999999 0.61695625 0.6505671875 0.618371875 0.652159375 0.6158234375 0.652053125 0.61483125 0.651415625 0.6129890625 0.647165625 0.60718125 0.644403125 0.603215625 0.6446156249999999 0.5989640625
0 0.3438484375 0.41484375 0.2892578125 0.373046875 0.2876953125 0.3783859375 0.342871875 0.41966093750000005 0.3438484375 0.41484375
1 0.8129875 0.6345156249999999 0.811403125 0.6355015625 0.8108765625000001 0.661534375 0.806865625 0.6632234375 0.806865625 0.6674453125 0.8110875 0.666740625 0.8111921875 0.6775765625 0.8129875 0.6777171875 0.8175953125 0.6731515625 0.8181578125 0.6677265625000001 0.8230140625000001 0.6674453125 0.8233296875 0.6639265625 0.81763125 0.6630828125 0.8175250000000001 0.6623796875 0.8149921875 0.6357828125 0.8129875 0.6345156249999999