1 0.3338453125 0.5171859375000001 0.32156093750000003 0.5101375 0.30244218749999996 0.511659375 0.3040046875 0.4800171875 0.32598906250000004 0.47648124999999997 0.33310625 0.480278125 0.33828125 0.47962812499999996 0.33935624999999997 0.47507031250000004 0.3373046875 0.47324687499999996 0.33076249999999996 0.467778125 0.31103593749999997 0.46999218750000005 0.3047859375 0.47012187499999997 0.3040046875 0.46569374999999996 0.3043140625 0.4413078125 0.3417515625 0.43236093750000004 0.344921875 0.4317109375 0.34404375 0.4253296875 0.312584375 0.42970781249999995 0.30439531249999996 0.43079999999999996 0.3040046875 0.42663124999999996 0.3036421875 0.366546875 0.298759375 0.3660046875 0.2930671875 0.3664765625 0.2922859375 0.42663124999999996 0.29072343749999996 0.43314375 0.2816875 0.43273124999999996 0.251171875 0.43275312499999996 0.2505859375 0.4391328125 0.2533234375 0.4394046875 0.291309375 0.4409546875 0.2897046875 0.47109218750000004 0.2608328125 0.47240312500000003 0.2627796875 0.480190625 0.2890546875 0.48180625 0.2903328125 0.5073609375 0.287890625 0.5132203125 0.2681640625 0.513871875 0.2676765625 0.520121875 0.2879890625 0.5229874999999999 0.288671875 0.5302781249999999 0.28828125 0.5425187499999999 0.2872765625 0.5628984375 0.2455640625 0.5670890625 0.2455640625 0.5710890625 0.24927656250000002 0.5712796875 0.287846875 0.572803125 0.2903328125 0.6505890625 0.291309375 0.6675171875 0.2961921875 0.6701203125 0.301075 0.6662140625 0.3020515625 0.6466828125 0.3045609375 0.5710890625 0.3469734375 0.5688203125 0.3454765625 0.5633640625 0.30427499999999996 0.5587078125 0.3040046875 0.5177765625 0.3215828125 0.5188203125 0.3313484375 0.5231171875 0.3338453125 0.5171859375000001
1 0.6465296875 0.5509125 0.6407515625 0.5517937500000001 0.6372828125 0.5724921875 0.6318328125 0.57469375 0.6321625 0.579978125 0.637240625 0.5809031250000001 0.6375671875 0.5872468750000001 0.624903125 0.5916671874999999 0.6252375 0.59633125 0.6383234375 0.59445625 0.6360515625 0.6068546875 0.63594375 0.6098828125 0.6357953125 0.6136671875 0.6359609374999999 0.6310625 0.6513671875 0.6334640625 0.6542921875000001 0.6295203125 0.65173125 0.5957546875 0.6618968749999999 0.5941671875 0.6602750000000001 0.59041875 0.651171875 0.58671875 0.650109375 0.5804703124999999 0.655934375 0.577465625 0.6554640625 0.5745328125 0.650109375 0.5699453125 0.6465296875 0.5509125
1 0.365640625 0.601053125 0.365696875 0.5808140625 0.3661453125 0.5238203125 0.37774375 0.51873125 0.37730312499999996 0.515403125 0.36643906249999997 0.51325 0.3658765625 0.40787031249999994 0.3558625 0.4077265625 0.3559203125 0.4178484375 0.3515625 0.5990671875 0.365640625 0.601053125
0 0.7117875 0.6244328125 0.66313125 0.6094046875 0.6627562499999999 0.6136625 0.710659375 0.628440625 0.7117875 0.6244328125
0 0.712071875 0.6228 0.7120124999999999 0.6174375000000001 0.7006125 0.614284375 0.6998609375 0.6120296875 0.7112093749999999 0.6150296875000001 0.7111328125 0.6120296875 0.662103125 0.593996875 0.6623046875 0.5983078125 0.6829546875 0.6097765625 0.712071875 0.6228
0 0.712725 0.6071515625 0.7003265625 0.6021421874999999 0.6734640625 0.5868625 0.6569328125 0.5765921875 0.6554296875000001 0.5813515625 0.671778125 0.591796875 0.693753125 0.6038953125 0.7117875 0.611409375 0.712725 0.6071515625
0 0.454296875 0.5166671875 0.4184796875 0.49602031249999995 0.38244687499999996 0.473053125 0.3705953125 0.46441406250000006 0.36838125 0.4698921875 0.416109375 0.5015 0.44313281250000003 0.5160390625 0.46841875 0.529525 0.49086093750000004 0.5413234375 0.4483484375 0.52573125 0.394775 0.4993921875 0.3700203125 0.4876296875 0.36884843749999996 0.492578125 0.3775484375 0.4968640625 0.4442390625 0.5293140625 0.497971875 0.5484890625000001 0.5286953125 0.5594750000000001 0.5626953125 0.5703125 0.59824375 0.577559375 0.6212546875 0.580375 0.63230625 0.5805765625 0.6320859375000001 0.5761109375 0.6301265625 0.5762484375 0.6277796875 0.5761296875 0.6129890625 0.5748703125 0.5896375 0.571246875 0.5597671875 0.5638703125 0.526421875 0.5533359375 0.5001875 0.540903125 0.454296875 0.5166671875
0 0.584421875 0.5921078125 0.6081265625000001 0.5963234374999999 0.61681875 0.5969546875 0.6172859374999999 0.5921875 0.5942203125 0.58936875 0.548384375 0.579465625 0.5184765625 0.569646875 0.48095781249999997 0.5540359375 0.4303328125 0.5299484375 0.37529375 0.49987031249999997 0.3693359375 0.496875 0.36787187499999996 0.501953125 0.38371875 0.5109828125 0.440528125 0.5404953124999999 0.4981703125 0.5673 0.5117078125 0.5727156250000001 0.5267390625 0.5771468750000001 0.549496875 0.584521875 0.5656156250000001 0.5881046875 0.584421875 0.5921078125
0 0.43623593749999995 0.568134375 0.4564515625 0.5752546875 0.4650921875 0.57735 0.466403125 0.573859375 0.45684375 0.5701921875 0.42528750000000004 0.5581453125 0.389934375 0.5434812499999999 0.36767500000000003 0.534228125 0.36715156250000003 0.5389421875 0.38954062500000003 0.54871875 0.41743125000000003 0.5607656249999999 0.43623593749999995 0.568134375
0 0.450428125 0.581190625 0.46496250000000006 0.584159375 0.4647 0.57996875 0.45487968749999996 0.577525 0.42253749999999995 0.5674 0.3984375 0.558984375 0.3683296875 0.549940625 0.3673828125 0.5537765625 0.397790625 0.56425625 0.4248953125 0.5733343750000001 0.450428125 0.581190625
0 0.306603125 0.374215625 0.3047625 0.3791265625 0.3345515625 0.4047875 0.3515625 0.417578125 0.3528328125 0.412890625 0.31982499999999997 0.3853734375 0.306603125 0.374215625
0 0.3036125 0.46026249999999996 0.3220953125 0.46924687499999995 0.3234421875 0.468478125 0.32529375 0.465234375 0.30495937500000003 0.45512968750000005 0.3036125 0.46026249999999996
0 0.33120625000000004 0.4265515625 0.3314234375 0.42460624999999996 0.3310953125 0.42431562500000003 0.3046078125 0.4173234375 0.30510625 0.4212953125 0.32265 0.42592968750000004 0.3299328125 0.427475 0.33120625000000004 0.4265515625
0 0.289825 0.4188734375 0.26826249999999996 0.42877656249999996 0.27029375 0.43167343750000003 0.2908203125 0.423046875 0.289825 0.4188734375
0 0.339746875 0.44427031250000004 0.3371625 0.4427078125 0.3315359375 0.4354265625 0.3237546875 0.438075 0.3247484375 0.4391765625 0.3310375 0.4438109375 0.33136875 0.4491078125 0.333025 0.4533015625 0.33683125 0.457053125 0.3388171875 0.4557296875 0.3389828125 0.45241875 0.336665625 0.4502125 0.336996875 0.44844687499999997 0.3400390625 0.4485671875 0.339746875 0.44427031250000004
0 0.30390625 0.49700468750000004 0.3301765625 0.5078125 0.3309578125 0.5041671875 0.30732499999999996 0.49453125 0.304296875 0.493359375 0.30390625 0.49700468750000004
0 0.2517671875 0.5646875 0.2540828125 0.5639171875 0.2535046875 0.546359375 0.2546609375 0.5477109375 0.2546609375 0.5558140625 0.255240625 0.562759375 0.2561078125 0.5644953125 0.2587125 0.5643015625000001 0.2588578125 0.5554265625 0.2582796875 0.54308125 0.2555296875 0.54308125 0.2550953125 0.5415359375000001 0.255240625 0.5303484375 0.255384375 0.5199296875 0.25450625 0.49965624999999997 0.2543640625 0.46657031250000003 0.2549546875 0.4591765625 0.2633296875 0.46106406250000004 0.269465625 0.460434375 0.27371249999999997 0.4596484375 0.280078125 0.451953125 0.28203125 0.4479171875 0.279846875 0.44407500000000005 0.2731234375 0.45382812499999997 0.2664140625 0.45683281249999996 0.25608125 0.4553265625 0.2557578125 0.4533875 0.25398125 0.4396109375 0.25091406250000003 0.4400421875 0.251559375 0.45188125 0.2502671875 0.46544375000000004 0.2502671875 0.5022578125 0.25204375 0.5300296875 0.25075156249999997 0.534765625 0.2484921875 0.5416546875 0.24641406250000003 0.5382578125 0.2449671875 0.53845 0.24438906249999998 0.5504109374999999 0.24409843750000002 0.5644953125 0.24800624999999998 0.5646875 0.247571875 0.5440437499999999 0.250465625 0.5469390625 0.2494515625 0.5646875 0.2517671875 0.5646875
0 0.2552203125 0.5984453125 0.2578359375 0.5973359375 0.2514140625 0.5825890625000001 0.2497484375 0.5773546875 0.248084375 0.5714875 0.24499062500000002 0.571965625 0.24630000000000002 0.5776734375 0.2479640625 0.5830640625 0.2515328125 0.5909921875 0.2552203125 0.5984453125
0 0.26735000000000003 0.5987625000000001 0.27139375 0.5971765625 0.2703234375 0.5906765625 0.2703234375 0.5873453125 0.27008437500000004 0.5849671875 0.269253125 0.5800515625 0.2684203125 0.572121875 0.2647328125 0.574184375 0.26568593749999997 0.5857609375 0.26663749999999997 0.5905171874999999 0.26723125 0.5944812500000001 0.26735000000000003 0.5987625000000001
0 0.2742484375 0.48538437500000003 0.27139375 0.48427499999999996 0.26437656249999997 0.4929953125 0.26295 0.4807859375 0.26025468749999997 0.4791671875 0.26015625 0.48151093749999996 0.2608078125 0.5020359375 0.26116562499999996 0.5221734375 0.260571875 0.531528125 0.260571875 0.535809375 0.26295 0.5427875 0.26354375 0.55214375 0.26390156249999996 0.5646703125 0.26853906250000004 0.564828125 0.269825 0.557421875 0.2701171875 0.5518234375 0.2713875 0.544140625 0.27119218749999996 0.53671875 0.26748125 0.5365890624999999 0.26390156249999996 0.53343125 0.2641390625 0.5221734375 0.26509062499999997 0.5039374999999999 0.26449687499999996 0.4982296875 0.2742484375 0.48538437500000003
0 0.2736328125 0.54921875 0.27421875 0.55546875 0.2743171875 0.5596359375 0.2744140625 0.5627609375 0.27783281249999997 0.5626296875000001 0.2782234375 0.553515625 0.278125 0.5453125 0.27587968749999997 0.5427078125 0.27392656249999997 0.5408859374999999 0.28095781249999996 0.525 0.2779296875 0.5243484375 0.27060625 0.5373703125 0.27060625 0.5424484374999999 0.272559375 0.54453125 0.2736328125 0.54921875
0 0.2798828125 0.5602859375 0.278125 0.56328125 0.2825203125 0.56328125 0.283203125 0.5615890625 0.2841796875 0.5610671875000001 0.28564531249999997 0.5606765625000001 0.2880859375 0.558984375 0.2876953125 0.55625 0.2837890625 0.5571609375000001 0.28173906249999997 0.5583328125 0.2798828125 0.5602859375
0 0.26796875 0.469140625 0.269825 0.4713546875 0.271484375 0.47239531250000005 0.2883796875 0.46315156249999995 0.2859375 0.458203125 0.2693359375 0.46822968749999994 0.26796875 0.469140625
0 0.32708906249999997 0.541834375 0.33355625 0.5411953125 0.333915625 0.5356062500000001 0.3327171875 0.5356062500000001 0.32625000000000004 0.5362453125 0.324334375 0.538640625 0.3222984375 0.5383218750000001 0.3276875 0.531934375 0.3305625 0.5250671875 0.3293640625 0.5228312500000001 0.32708906249999997 0.526025 0.3240953125 0.5304953125 0.3212203125 0.5328921875 0.316309375 0.534328125 0.31295625 0.5360859375 0.3122375 0.537203125 0.311878125 0.5700999999999999 0.3116390625 0.6009203125 0.3116390625 0.607628125 0.31008125 0.61736875 0.3091984375 0.6233859374999999 0.30691875 0.63200625 0.30600937500000003 0.6352546875 0.30864375 0.63509375 0.313509375 0.6176375000000001 0.3151125 0.609065625 0.31535156249999996 0.5686625000000001 0.3158296875 0.5395984375 0.3227765625 0.540715625 0.32301718749999997 0.562434375 0.32708906249999997 0.56339375 0.32708906249999997 0.541834375
0 0.3353140625 0.5692953125 0.332653125 0.5687875 0.332271875 0.5765640624999999 0.32618749999999996 0.59059375 0.32175 0.6020875 0.3180734375 0.6127374999999999 0.3157921875 0.6194968750000001 0.3136359375 0.6238921875 0.309959375 0.6296390625 0.311228125 0.6314984375 0.3131296875 0.6309921875 0.3174390625 0.6252453124999999 0.32175 0.6144265625 0.3290046875 0.5958328125000001 0.3306640625 0.5912765624999999 0.332421875 0.5864578125000001 0.33594843750000003 0.581465625 0.3353140625 0.5692953125
0 0.34304843749999997 0.5490125 0.34304843749999997 0.562871875 0.3455828125 0.5638859375 0.34609375 0.5569109375 0.346596875 0.547828125 0.3462171875 0.5414046875 0.3458375 0.5408984375 0.344140625 0.5379015625 0.34140000000000004 0.5354890625000001 0.3388640625 0.5366734375 0.3400390625 0.5401046875 0.342159375 0.5408984375 0.34304843749999997 0.5490125
0 0.33837968749999997 0.5169265625 0.33623125 0.5170578124999999 0.33556875 0.5273765625 0.33594843750000003 0.5327859375 0.3353140625 0.5351515625000001 0.33442812499999997 0.5405593750000001 0.33442812499999997 0.544109375 0.3336671875 0.551209375 0.3334125 0.5637171875 0.337090625 0.5642234375 0.337596875 0.538025 0.34380781250000003 0.5280515625 0.3493859375 0.5241640624999999 0.35255625 0.5229796875 0.353696875 0.5217984375 0.3538234375 0.517571875 0.3444421875 0.521459375 0.3412734375 0.52315 0.33861093750000004 0.5217984375 0.33837968749999997 0.5169265625
0 0.35128750000000003 0.48562500000000003 0.3504 0.48545625000000003 0.34418906250000003 0.4829203125 0.34368125 0.4810609375 0.344821875 0.4792015625 0.34638749999999996 0.4796875 0.3504 0.48123125 0.35234375 0.48125 0.3526375 0.47799531249999994 0.3439359375 0.475653125 0.34368125 0.4300140625 0.3403859375 0.43255 0.340765625 0.4734546875 0.3397515625 0.4895125 0.33987968749999997 0.5204453124999999 0.342159375 0.5204453124999999 0.34279375 0.4861328125 0.346090625 0.4881609375 0.351034375 0.4896828125 0.35128750000000003 0.48562500000000003
0 0.3387484375 0.48556406250000006 0.3390609375 0.4822296875 0.337915625 0.4805625 0.3357265625 0.4805625 0.335621875 0.48486874999999996 0.334371875 0.48750937499999997 0.3329125 0.4844515625 0.3329125 0.4822296875 0.3316625 0.4805625 0.3310375 0.4807 0.330309375 0.4809796875 0.3306203125 0.48612031250000004 0.330934375 0.4941765625 0.33135 0.499040625 0.330934375 0.5141828125 0.3315578125 0.5157125 0.3326 0.51585 0.333434375 0.51585 0.333225 0.49265 0.33645625 0.4901484375 0.3387484375 0.48556406250000006
0 0.2763859375 0.5136125 0.289375 0.5016796875 0.2882203125 0.49763906249999995 0.271190625 0.5130343749999999 0.2763859375 0.5136125
0 0.31796875 0.5071609375 0.3061171875 0.499371875 0.3041015625 0.5033859374999999 0.3156421875 0.5105328124999999 0.31796875 0.5071609375
0 0.61650625 0.6077296875 0.5652 0.60139375 0.564928125 0.60628125 0.6161 0.6117109375 0.61650625 0.6077296875
0 0.6022390625 0.5577156249999999 0.63755625 0.5584328125 0.637340625 0.5538390625 0.601915625 0.5528328124999999 0.5758796875 0.5454421875000001 0.5526015625 0.5373281249999999 0.517871875 0.5217453125 0.515625 0.5204421875 0.4790015625 0.5005875 0.471484375 0.4967453125 0.4476234375 0.4816375 0.38244375 0.4363125 0.370721875 0.4249546875 0.3695234375 0.42568906249999994 0.367384375 0.4281140625 0.3756765625 0.43672656249999997 0.4106703125 0.4617078125 0.44189531249999997 0.4832421875 0.47056875 0.5021984374999999 0.4986328125 0.5165359375 0.5108406249999999 0.5233078124999999 0.5483203125 0.5406296875 0.5734375 0.5497390625 0.579296875 0.5514328125 0.6022390625 0.5577156249999999
0 0.3547859375 0.45416718749999996 0.34453125 0.44817656250000004 0.344140625 0.45221406249999996 0.354296875 0.4583328125 0.3547859375 0.45416718749999996
0 0.352734375 0.5127609375 0.3426765625 0.509765625 0.3421875 0.5131515624999999 0.3524421875 0.5162765625 0.352734375 0.5127609375
0 0.31435625 0.5328125 0.3052734375 0.5287765624999999 0.3044921875 0.532421875 0.312890625 0.5364578125 0.31435625 0.5328125
0 0.33203125 0.5625 0.331934375 0.5438796875 0.32861406249999997 0.5444015624999999 0.32861406249999997 0.5625 0.33203125 0.5625
0 0.3243171875 0.5955734374999999 0.3234375 0.5717453124999999 0.319434375 0.5717453124999999 0.31953125 0.5954421875 0.3243171875 0.5955734374999999
0 0.26435624999999996 0.597265625 0.2646484375 0.5723953125000001 0.2611328125 0.572265625 0.260840625 0.5970046875 0.26435624999999996 0.597265625
0 0.4109375 0.5354171875 0.374903125 0.520703125 0.3731453125 0.5247390625 0.38740312499999996 0.5313796875000001 0.41328125 0.541796875 0.45029375 0.55625 0.47216874999999997 0.5619796874999999 0.4775390625 0.5614578125 0.47685625 0.5579421875 0.47334062499999996 0.5579421875 0.458984375 0.5537765625 0.4412109375 0.5475265625 0.4109375 0.5354171875