1 0.41533437500000003 0.593128125 0.4063484375 0.5851921875 0.40653281249999995 0.580825 0.4165140625 0.582453125 0.41633906249999997 0.5786078125 0.405028125 0.566828125 0.40137968749999997 0.5473625 0.3965609375 0.5466968750000001 0.394278125 0.5615046875 0.39103750000000004 0.5679796875 0.3870875 0.572846875 0.3815703125 0.574903125 0.3821 0.5846625000000001 0.3826 0.589853125 0.3870671875 0.5883390625 0.3873046875 0.5817703125 0.3895109375 0.5814171875 0.3896859375 0.58785625 0.38996875000000003 0.5901703125 0.38996875000000003 0.5936312499999999 0.381103125 0.592790625 0.3751203125 0.5923484375 0.3744546875 0.598109375 0.377809375 0.598471875 0.391953125 0.5997375 0.3911671875 0.61304375 0.37841562500000003 0.6133671875 0.37841562500000003 0.6190359375 0.3920171875 0.6198453125000001 0.39118906249999996 0.6492078125 0.39118906249999996 0.6534828125 0.40416875 0.65266875 0.406884375 0.65145 0.4078125 0.6189625000000001 0.417559375 0.6202 0.41703437499999996 0.6151484375 0.40763437500000005 0.610359375 0.40723281250000004 0.599315625 0.41953125 0.6008625000000001 0.41953281249999996 0.595309375 0.41922031249999997 0.5945843749999999 0.41533437500000003 0.593128125
1 0.0802703125 0.398315625 0.0785640625 0.419009375 0.07586875 0.48833593750000004 0.0787171875 0.4897921875 0.0849609375 0.4915359375 0.0888671875 0.4876296875 0.0918640625 0.397975 0.0802703125 0.398315625
1 0.9232390625000001 0.620440625 0.92826875 0.620271875 0.9257578125 0.5438375 0.9262734375000001 0.5332671875 0.930790625 0.5300874999999999 0.93769375 0.5297531249999999 0.9360609375 0.5233953125 0.9340828125 0.5208328125 0.9238687499999999 0.5223421874999999 0.9188375000000001 0.5377703125 0.9228515625 0.599609375 0.9232390625000001 0.620440625
0 0.0209125 0.38446250000000004 0.0112171875 0.3836078125 0.01123125 0.390625 0.0185546875 0.3903640625 0.07734375 0.43177031250000003 0.0779296875 0.42552031250000005 0.0245359375 0.3878890625 0.0209125 0.38446250000000004
0 0.167340625 0.4894 0.17054687500000001 0.491028125 0.178334375 0.49530312500000007 0.1805890625 0.49055312500000003 0.17455 0.4872078125 0.139490625 0.4655921875 0.0927734375 0.43528593750000005 0.0914015625 0.44038750000000004 0.09921875 0.44609375 0.13917812499999999 0.47223906250000003 0.1434375 0.474871875 0.1613203125 0.4862203125 0.167340625 0.4894
0 0.312403125 0.5313796875000001 0.335840625 0.5411453125000001 0.3759765625 0.5520828125 0.39404374999999997 0.5540359375 0.393653125 0.5493484375000001 0.38174687500000004 0.5477921875 0.33943124999999996 0.5363390625 0.3068640625 0.5228625 0.2748453125 0.50791875 0.25351875 0.496284375 0.209440625 0.4700796875 0.1501515625 0.42972968749999996 0.095725 0.390334375 0.028345312499999997 0.33642812499999997 0.0204828125 0.329315625 0.0112171875 0.3289421875 0.0117828125 0.336065625 0.0193640625 0.336065625 0.0720703125 0.378515625 0.1037796875 0.40405468750000006 0.1155 0.4126171875 0.16194375 0.44504687499999995 0.21168593750000003 0.478315625 0.2703640625 0.5123796875 0.312403125 0.5313796875000001
0 0.019725 0.42384843749999995 0.0512109375 0.441803125 0.0746578125 0.455184375 0.075678125 0.44939062500000004 0.019825000000000002 0.417578125 0.011379687500000001 0.4165140625 0.011379687500000001 0.4228375 0.019725 0.42384843749999995
0 0.0578125 0.459765625 0.0731453125 0.46862031249999997 0.07462656250000001 0.46270468749999993 0.05955625 0.45318437500000003 0.0382046875 0.44038750000000004 0.0185875 0.428653125 0.0118171875 0.428125 0.0119484375 0.4337109375 0.016690625 0.4339640625 0.0578125 0.459765625
0 0.089903125 0.4779671875 0.11152500000000001 0.490359375 0.1150390625 0.4876296875 0.11140000000000001 0.4851828125 0.09088125 0.47210156249999996 0.089903125 0.4779671875
0 0.1263203125 0.47594375 0.0918171875 0.45700624999999995 0.0917 0.46341093750000006 0.1133796875 0.474609375 0.1255609375 0.48024374999999997 0.1263203125 0.47594375
0 0.319884375 0.558496875 0.30755 0.5543843749999999 0.292090625 0.5492843749999999 0.29095312500000003 0.554340625 0.31523124999999996 0.5636984375 0.355321875 0.5748578125 0.366228125 0.5773515625 0.370071875 0.577628125 0.38025000000000003 0.578459375 0.3814453125 0.5739578125 0.3602046875 0.5711203125 0.319884375 0.558496875
0 0.3637859375 0.595309375 0.36435625 0.5899984375 0.355859375 0.5889328125 0.3458984375 0.5872390625 0.337421875 0.5846890625000001 0.2974765625 0.5739828124999999 0.297021875 0.5771015625 0.29683281250000004 0.5796296875 0.3201625 0.58620625 0.3348921875 0.590840625 0.3441546875 0.5930593749999999 0.3637859375 0.595309375
0 0.9638546874999999 0.5032890625 0.9371640625 0.5222296875 0.9375453125 0.5268234374999999 0.938025 0.529690625 0.9712984375 0.50541875 0.992696875 0.4900875 0.9897921875 0.4846828125 0.9638546874999999 0.5032890625
0 0.9419515625000001 0.5518562499999999 0.9681843750000001 0.5346546875 0.99323125 0.5170234375 0.99111875 0.5107046875 0.9742046875 0.5221828125 0.9694734374999999 0.5256234375 0.9287703125 0.55425 0.9291124999999999 0.5602171874999999 0.9329078125000001 0.5576875 0.9419515625000001 0.5518562499999999
0 0.9718187500000001 0.553603125 0.9939890625000001 0.5406890625 0.9922640625 0.53436875 0.9580437500000001 0.553603125 0.9346421875 0.555725 0.93490625 0.561240625 0.9525328125 0.5601984375 0.9472796875 0.563934375 0.9479265625 0.5682390625 0.9718187500000001 0.553603125
0 0.970659375 0.58165625 0.9648671875 0.5856515625000001 0.9668640625 0.5913781250000001 0.985240625 0.57859375 0.9972171875000001 0.5693875 0.9937734375 0.563646875 0.970659375 0.58165625
0 0.2284234375 0.52966875 0.2576203125 0.5436375 0.25848125 0.5397453125 0.24834062499999998 0.534765625 0.22900468749999997 0.5252609374999999 0.2284234375 0.52966875
0 0.227565625 0.523715625 0.2576171875 0.5385421874999999 0.25796406250000004 0.536996875 0.2586515625 0.5326453124999999 0.22893906249999998 0.5182203125 0.227565625 0.523715625
0 0.352621875 0.6078171875 0.32447499999999996 0.603940625 0.3238390625 0.6094546875 0.352975 0.6131968750000001 0.352621875 0.6078171875
0 0.44379843750000003 0.6195296875 0.46752343749999997 0.6328140624999999 0.4677296875 0.6273359375 0.4522203125 0.618434375 0.4244890625 0.60104375 0.42130625000000005 0.60104375 0.42171562500000004 0.6058359375 0.42489999999999994 0.60679375 0.44379843750000003 0.6195296875
0 0.44780312499999997 0.6026859375 0.4242609375 0.585515625 0.422025 0.591184375 0.429521875 0.5961125 0.456659375 0.6139625 0.469740625 0.6220609375 0.46968125 0.6166546875 0.44780312499999997 0.6026859375
0 0.9164484375 0.5461546875 0.90123125 0.5609109375 0.9027390625 0.56560625 0.919340625 0.5493406249999999 0.9164484375 0.5461546875
0 0.899971875 0.57835 0.9023625 0.58136875 0.9170765624999999 0.5666125 0.9204718749999999 0.5666125 0.9204718749999999 0.562253125 0.9151906249999999 0.5624203125 0.899971875 0.57835
0 0.993240625 0.551303125 0.97535 0.5613765625 0.9771390625 0.5664109374999999 0.9946328125000001 0.5556765625 0.993240625 0.551303125