1 0.17504375 0.5625859375 0.175325 0.5733140624999999 0.17620625 0.5744734375 0.1809734375 0.5727484375 0.1806640625 0.564453125 0.1800046875 0.5575203125 0.16448125 0.54496875 0.163490625 0.536821875 0.172078125 0.5359406250000001 0.17224375 0.5471703125 0.1773625 0.54893125 0.1767578125 0.5345046875 0.1765765625 0.531903125 0.1633265625 0.5174125 0.162109375 0.4967453125 0.16046875 0.4928 0.1567390625 0.4908859375 0.15349375 0.49747343749999995 0.1494140625 0.5188796875 0.1351953125 0.5324234375 0.13410625 0.5401875 0.131846875 0.547715625 0.13916562500000002 0.548303125 0.14088125 0.5351046875 0.1504484375 0.5366015625 0.1460609375 0.5457953125 0.1310171875 0.55721875 0.12890625 0.5735671875 0.1333140625 0.5767218749999999 0.1356703125 0.5635390625000001 0.1476578125 0.562396875 0.14695156250000002 0.5665375 0.13175937499999998 0.5883093749999999 0.131025 0.60004375 0.134203125 0.602 0.136240625 0.60151875 0.138884375 0.5898859375 0.143003125 0.5896140625 0.1376953125 0.6438796875 0.158203125 0.6490890625 0.16547343750000001 0.6495578125 0.16530625000000002 0.5916484375 0.1705921875 0.590546875 0.1712515625 0.6059609375 0.1770328125 0.6035390625 0.17599375 0.5953468749999999 0.1748859375 0.5830609375 0.16679375000000002 0.5790984375 0.16497656249999998 0.5630234375 0.17504375 0.5625859375
0 0.22010625 0.5921359374999999 0.18313437500000002 0.5529140625 0.18038749999999998 0.558409375 0.20087656250000002 0.5799265625000001 0.2171296875 0.5956453125000001 0.22010625 0.5921359374999999
0 0.0112921875 0.463453125 0.011621875 0.46887968750000003 0.017656250000000002 0.4700234375 0.022990625 0.473325 0.06741406250000001 0.4993015625 0.1357421875 0.5338546875 0.1370359375 0.527878125 0.089515625 0.504240625 0.048760937500000004 0.48124687499999996 0.029975 0.47070625 0.019915625 0.46427500000000005 0.0112921875 0.463453125
0 0.020801562500000002 0.49140625 0.012357812499999999 0.4904453125 0.0113078125 0.495109375 0.0209859375 0.497284375 0.026698437499999998 0.5005499999999999 0.0769984375 0.52515625 0.1318609375 0.5476515625 0.13314375 0.5422109374999999 0.081728125 0.5204484375 0.027864062499999998 0.49479843749999997 0.020801562500000002 0.49140625
0 0.0651578125 0.5672625 0.0657984375 0.5681171875000001 0.080965625 0.5740984375 0.132075 0.59198125 0.13359375 0.5859375 0.066759375 0.56241875 0.0651578125 0.5672625
0 0.09986874999999999 0.5943937499999999 0.133159375 0.603559375 0.1338828125 0.598734375 0.10385 0.59005 0.0995796875 0.5903046875 0.09986874999999999 0.5943937499999999
0 0.166084375 0.49935156249999996 0.1649578125 0.506703125 0.1904484375 0.530646875 0.20320468749999998 0.5433484375 0.22355312500000002 0.5668109375 0.225203125 0.5690125 0.22932812500000002 0.5649796874999999 0.202465625 0.5341984375 0.166084375 0.49935156249999996
0 0.9102609375 0.5790984375 0.9134 0.5773359375 0.9354875 0.5645203125 0.975540625 0.53955 1 0.5256375 0.99820625 0.5194015624999999 0.949534375 0.5490484375 0.9104484375 0.5726625000000001 0.9102609375 0.5790984375
0 0.984346875 0.572865625 0.9818875 0.568159375 0.9492484375 0.5858875 0.9172125 0.6024093749999999 0.918684375 0.6083828125 0.9524359375 0.5913921875 0.984346875 0.572865625
0 0.11703125 0.472153125 0.15251874999999998 0.49455312500000004 0.1542171875 0.48977031249999997 0.1345859375 0.47743906249999996 0.06380156249999999 0.4293671875 0.0207640625 0.398159375 0.0118921875 0.39866250000000003 0.011703125 0.4044515625 0.017365625000000003 0.40369687499999996 0.048510937500000004 0.4250890625 0.11703125 0.472153125
0 0.1957390625 0.5899734375000001 0.181059375 0.574315625 0.17786875 0.5784015625000001 0.191825 0.592003125 0.1957390625 0.5899734375000001
0 0.11343906249999999 0.5506046875 0.1309578125 0.5587234375000001 0.1318609375 0.5530921875 0.07485 0.5266656249999999 0.021103125 0.499771875 0.0162109375 0.49817656250000003 0.0118921875 0.49821875000000004 0.0111921875 0.5027265625 0.019237499999999998 0.503659375 0.069603125 0.530240625 0.11343906249999999 0.5506046875
0 0.09805 0.5585328125 0.050831249999999994 0.54065625 0.0485 0.5457859375 0.0680875 0.5532468749999999 0.1023640625 0.56615 0.1298796875 0.5762546875 0.12941249999999999 0.5706578125 0.09805 0.5585328125