0 0.23052812500000003 0.59425 0.199790625 0.561103125 0.199565625 0.5686375 0.22736406250000002 0.5987703125 0.22915156250000002 0.596515625 0.23052812500000003 0.59425
0 0.1986609375 0.589128125 0.214453125 0.604296875 0.218359375 0.6020828125000001 0.1993390625 0.5834015625 0.1986609375 0.589128125
0 0.211959375 0.6057187500000001 0.2000375 0.59618125 0.1992859375 0.600196875 0.21095625 0.6094 0.211959375 0.6057187500000001
0 0.20295468749999998 0.53114375 0.1859625 0.5132078124999999 0.184546875 0.5201296875 0.2326890625 0.5714187500000001 0.23599375 0.5660703125000001 0.20295468749999998 0.53114375
0 0.16693750000000002 0.507628125 0.1728765625 0.5105625 0.1752953125 0.505284375 0.0237546875 0.4032296875 0.0211140625 0.4105609375 0.07456093750000001 0.4460453125 0.16693750000000002 0.507628125
0 0.011815625 0.4639109375 0.011285937499999999 0.469790625 0.0181640625 0.4707296875 0.0742421875 0.5041203125 0.13649375 0.53515625 0.156596875 0.54620625 0.15888906249999998 0.5405656249999999 0.07265468750000001 0.49635937500000005 0.020279687499999997 0.46461718750000003 0.011815625 0.4639109375
0 0.1095140625 0.535403125 0.0774171875 0.52034375 0.074771875 0.5243390625 0.0938171875 0.5337468750000001 0.1324375 0.5511453125 0.1547390625 0.559875 0.1558921875 0.5556125 0.1095140625 0.535403125
0 0.0178109375 0.49024531250000003 0.013403124999999998 0.4900125 0.0114625 0.49024531250000003 0.0114625 0.49541874999999996 0.0178109375 0.49588906250000003 0.05219843749999999 0.513525 0.054843750000000004 0.510703125 0.0178109375 0.49024531250000003
0 0.0111109375 0.4987109375 0.0111109375 0.5034140625 0.0195734375 0.5038843749999999 0.0423234375 0.516815625 0.0463796875 0.51423125 0.0186921875 0.4987109375 0.0111109375 0.4987109375
0 0.0638375 0.5217546875 0.056078125 0.5234 0.098340625 0.5447921874999999 0.152246875 0.5703125 0.15261249999999998 0.5650421875 0.1123328125 0.545503125 0.0638375 0.5217546875
0 0.0916984375 0.573328125 0.09061875 0.57765 0.1163640625 0.5875953125 0.1538859375 0.600559375 0.15495 0.5961015625 0.12168125 0.5843546875000001 0.0916984375 0.573328125
0 0.15260625 0.5817921875 0.095209375 0.55964375 0.0950734375 0.5655859375000001 0.1530109375 0.586653125 0.15260625 0.5817921875
0 0.9989484375 0.519575 0.96904375 0.5393203125 0.969559375 0.5463765625 0.9993234375 0.5262125 0.9989484375 0.519575
0 0.9387984375 0.558559375 0.88916875 0.5886250000000001 0.8911359375 0.593684375 0.9407046875 0.5644875 0.9387984375 0.558559375
1 0.185553125 0.5776765625 0.1869078125 0.5728546875 0.19504531249999998 0.5743625 0.19617500000000002 0.58701875 0.199790625 0.58701875 0.201146875 0.584909375 0.20024375 0.56773125 0.1839703125 0.556884375 0.1844234375 0.54905 0.192784375 0.54905 0.19238125 0.5608546875 0.19787656250000002 0.5626875 0.19741875 0.54171875 0.18329375 0.5306671875 0.1827625 0.505278125 0.17583437500000001 0.5050515625 0.1719921875 0.5285578125 0.15833124999999998 0.5411078125000001 0.15662343750000002 0.546940625 0.156396875 0.5601984375 0.1613703125 0.558090625 0.1622734375 0.546940625 0.1692796875 0.54784375 0.16950625 0.5544734375 0.1523296875 0.566225 0.15187656249999998 0.5867171875 0.15662343750000002 0.58731875 0.1579796875 0.57165 0.16656875 0.57195 0.1654375 0.582196875 0.1552671875 0.5936484375 0.15405625 0.6113421875 0.159109375 0.6114265624999999 0.160465625 0.600278125 0.164534375 0.5999765625 0.1620484375 0.6442734375 0.1615953125 0.6496984375 0.18374375 0.649396875 0.18623125000000001 0.5987703125 0.1900890625 0.599534375 0.1900890625 0.6133796874999999 0.19617500000000002 0.6129328125 0.196196875 0.592815625 0.18668281250000002 0.5824984375 0.185553125 0.5776765625