0 0.11706093749999999 0.7130468750000001 0.09716875 0.6977859375000001 0.09599687500000001 0.7032546875000001 0.11582343749999999 0.7182999999999999 0.11706093749999999 0.7130468750000001
0 0.1493171875 0.7147140624999999 0.151171875 0.70859375 0.1353515625 0.6973953125000001 0.09990312500000001 0.669140625 0.09795000000000001 0.6743484375000001 0.13154375000000001 0.7020828125 0.14795 0.7138015625 0.1493171875 0.7147140624999999
1 0.080078125 0.58984375 0.0751953125 0.5885421875 0.0703125 0.61328125 0.0546875 0.6315109375 0.0546875 0.6471359375 0.048828125 0.6575515625 0.048828125 0.66796875 0.052734375 0.6731765625 0.05078125 0.6940109375 0.0546875 0.69921875 0.0546875 0.7278640625 0.0595703125 0.7317703125 0.083984375 0.73046875 0.095703125 0.72265625 0.09375 0.70703125 0.09765625 0.6966140625 0.09375 0.69140625 0.09375 0.67578125 0.09765625 0.6705734375 0.09765625 0.6497390625 0.095703125 0.62890625 0.08203125 0.6158859375 0.080078125 0.58984375
0 0.9395843749999999 0.70833125 0.965478125 0.7014796875 0.9632953125 0.6962671874999999 0.9364265625 0.7041671875 0.937109375 0.709065625 0.9395843749999999 0.70833125
0 0.892159375 0.71620625 0.8513171875 0.7248296875 0.815021875 0.7314296875 0.815021875 0.7383953125 0.8290453125000001 0.735828125 0.8443203125000001 0.7331765625 0.8592859374999999 0.7293203125 0.8942140625 0.720796875 0.892159375 0.71620625
0 0.7608625 0.75270625 0.760609375 0.75895 0.763078125 0.7580203125 0.7961 0.7402765625 0.79765625 0.7391921875 0.7955609375 0.7334515625 0.7608625 0.75270625
0 0.7665109375 0.7664359375 0.7995125 0.7475265624999999 0.7976984375 0.7416953125 0.7594765625 0.762959375 0.7617484375 0.7689468749999999 0.7665109375 0.7664359375
0 0.96953125 0.7583328125000001 0.966428125 0.752490625 0.9379359375 0.7625953125 0.9072609375 0.774121875 0.9091859375 0.7799890625 0.9486171875 0.765871875 0.9629890624999999 0.7610671875 0.96953125 0.7583328125000001
0 0.8828125 0.734765625 0.883203125 0.7393234375 0.909375 0.734375 0.96484375 0.7223953125 0.964453125 0.7174484375 0.884375 0.7338546874999999 0.8828125 0.734765625
0 0.8823109375 0.7838468749999999 0.8305875 0.799425 0.8306890625 0.8048500000000001 0.8844 0.7877609375 0.8823109375 0.7838468749999999
0 0.88338125 0.7548015625 0.8658890625 0.7547390625 0.8129546875000001 0.7552546875 0.8126828125 0.7619890625 0.8176687499999999 0.7621265625 0.8666015625 0.7604171875 0.8513671875 0.7665359375 0.8259078125 0.77623125 0.828553125 0.7822 0.8624031249999999 0.7678390625 0.8770749999999999 0.760634375 0.8898453125 0.759634375 0.900278125 0.759634375 0.8979593749999999 0.754996875 0.88338125 0.7548015625
0 0.8150796874999999 0.7464953125 0.887528125 0.7452078125 0.887140625 0.7385109375 0.8571953125 0.7385109375 0.8143062499999999 0.7398 0.8150796874999999 0.7464953125
0 0.919140625 0.7518234374999999 0.9151374999999999 0.753125 0.906934375 0.75546875 0.9086859374999999 0.76181875 0.9129890625 0.7604171875 0.933984375 0.7533859374999999 0.9384390625 0.7522875 0.9421875 0.7470046875 0.946746875 0.745075 0.9668953124999999 0.7432296875 0.9668953124999999 0.7372390625 0.9387703125 0.7395828125 0.9385749999999999 0.741796875 0.9345703125 0.7454421875 0.919140625 0.7518234374999999
0 0.9028859375 0.749078125 0.9324453125 0.7405781250000001 0.96355 0.7338796875 0.9639359375 0.7271828124999999 0.9020515625 0.7421875 0.9028859375 0.749078125
0 0.8906046875 0.7877609375 0.8927406250000001 0.7858625 0.883203125 0.778125 0.895153125 0.777665625 0.8936531249999999 0.7725265625 0.8692390624999999 0.7720046875000001 0.8285015625 0.7859078125 0.8316046874999999 0.7925078125 0.8742265625 0.7770453125000001 0.8816296875 0.782815625 0.888875 0.7893875 0.8906046875 0.7877609375
0 0.0117421875 0.6167374999999999 0.0544390625 0.6309703125 0.056575 0.6264640625 0.045365625 0.62219375 0.01263125 0.609621875 0.0117421875 0.6167374999999999
0 0.034595312499999996 0.6336031249999999 0.01263125 0.626228125 0.012453124999999999 0.63310625 0.054260937499999995 0.6454421875 0.054795312500000005 0.6452046874999999 0.05550625 0.639275 0.034595312499999996 0.6336031249999999
0 0.0400484375 0.6482187500000001 0.031353124999999996 0.6452656250000001 0.011920312499999999 0.6388 0.0115984375 0.645396875 0.025084375 0.6492375 0.0494625 0.6569406250000001 0.0510578125 0.6522609375 0.0400484375 0.6482187500000001
0 0.051059375 0.6933578125000001 0.035403125 0.6914609375 0.0349609375 0.6967453124999999 0.0523046875 0.69905 0.051059375 0.6933578125000001
0 0.05016875 0.6836328125 0.03466875 0.6817703125000001 0.03486875 0.6867156249999999 0.051415625 0.6883765625 0.05016875 0.6836328125
0 0.04873125 0.6669265625 0.030065625000000002 0.661571875 0.029354687499999997 0.666790625 0.0490234375 0.6717453124999999 0.04873125 0.6669265625
0 0.1348640625 0.6829421875 0.16411562500000001 0.7058078125 0.17548906250000001 0.7140625 0.177096875 0.7128078125 0.177246875 0.709375 0.170703125 0.7044265625 0.138575 0.6786453125 0.12532656250000002 0.667265625 0.095971875 0.6428328125 0.0948390625 0.6484656249999999 0.13125 0.6798171875000001 0.1348640625 0.6829421875
1 0.8042875 0.7128515625 0.7992078125 0.719625 0.8047093750000001 0.8071093749999999 0.807121875 0.8735843750000001 0.8099890625 0.8744343750000001 0.8209765625 0.874009375 0.8089437500000001 0.7405078125 0.8123296874999999 0.739378125 0.8178328125000001 0.7365578125 0.8212203125 0.7292203125000001 0.819103125 0.7230125000000001 0.81190625 0.7230125000000001 0.8127531250000001 0.7162375 0.8042875 0.7128515625
0 0.082821875 0.59296875 0.08222968750000001 0.59645 0.08200625 0.5986859375 0.1333984375 0.6432296875 0.152246875 0.6592453125 0.1713875 0.6731765625 0.195665625 0.6890015625 0.19886874999999998 0.6904265625 0.1999359375 0.6859953125 0.1648140625 0.66210625 0.1209109375 0.6260375 0.1098765625 0.617178125 0.082821875 0.59296875
0 0.0642578125 0.5811203125 0.0177734375 0.5544265625 0.0123046875 0.5528640625000001 0.012012499999999999 0.5567703125000001 0.026856249999999998 0.5651046875 0.0744140625 0.5927078125 0.074609375 0.5877609374999999 0.0642578125 0.5811203125
0 0.7925328125 0.7538875 0.7741515625 0.7645171875 0.7770296875 0.7689468749999999 0.7945265625 0.7578734375 0.7925328125 0.7538875
0 0.8923828125 0.7028640625 0.8936531249999999 0.7080734375 0.93203125 0.6994796875 0.9620124999999999 0.691796875 0.9619140625 0.6873703124999999 0.9208984375 0.6959640625 0.8923828125 0.7028640625