1 0.0194015625 0.6230359375 0.025390625 0.62109375 0.02734375 0.5924484375 0.0231828125 0.5618390625 0.0114203125 0.5613921875 0.0114203125 0.57295 0.0111375 0.6363859374999999 0.0112828125 0.6534890625 0.017578125 0.65234375 0.0194015625 0.6230359375
1 0.9992140624999999 0.61400625 0.9990640624999999 0.6087171875 0.9675140624999999 0.6107796875 0.963184375 0.618203125 0.956378125 0.6359359375 0.956378125 0.6417109375 0.9591625 0.649134375 0.96473125 0.66026875 0.966278125 0.675940625 0.9675140624999999 0.707284375 0.9696796875 0.741925 0.9737 0.7687328124999999 0.992259375 0.77491875 0.978959375 0.66150625 0.9784921875 0.652621875 0.9792265625000001 0.6461625 0.977025 0.633634375 0.9783453124999999 0.6191484375 0.9908250000000001 0.616409375 0.9975765624999999 0.6160171875 0.9992140624999999 0.61400625
0 0.9540734375 0.6442234375 0.9158078125 0.6672578125 0.917665625 0.6714687500000001 0.956303125 0.6491765625 0.9540734375 0.6442234375
0 0.957646875 0.6570890625 0.9263953125000001 0.674440625 0.9278812500000001 0.6796421875 0.96001875 0.6608171875 0.957646875 0.6570890625
0 0.9670781249999999 0.7336359375 0.941709375 0.743428125 0.9427125000000001 0.7469421875 0.9683781249999999 0.7383421875 0.9670781249999999 0.7336359375
0 0.962290625 0.71146875 0.93468125 0.7220109375 0.9353031250000001 0.7257109374999999 0.9635374999999999 0.715803125 0.962290625 0.71146875
0 0.9398265625000001 0.73271875 0.964046875 0.724353125 0.9633625 0.7197671875 0.9351265625 0.7304171875 0.9356828125 0.7338843749999999 0.9398265625000001 0.73271875
0 0.9587765625 0.689715625 0.9314171874999999 0.7042734375 0.9327125 0.7086203125 0.9606125000000001 0.6936921875000001 0.9587765625 0.689715625
0 0.9486874999999999 0.68335625 0.929553125 0.6949984375 0.9317828125000001 0.6989609375 0.950653125 0.686721875 0.9486874999999999 0.68335625
0 0.9459015624999999 0.677165625 0.929409375 0.685534375 0.9304828125 0.69004375 0.9468296875 0.6818703125 0.9459015624999999 0.677165625
0 0.9947874999999999 0.6442046875 0.9990453125000001 0.6447921875 0.9987515625000001 0.6393109375 0.9983109375 0.6393109375 0.9956687499999999 0.6387234375 0.9937609374999999 0.6348078125 0.9865671875 0.6175828125 0.9833375 0.6187578125 0.9896499999999999 0.6340265625 0.9924390624999999 0.6402890625000001 0.9947874999999999 0.6442046875
0 0.9990453125000001 0.6524265625 0.9972843749999999 0.6506640625 0.9946421875 0.64929375 0.9834828124999999 0.6340265625 0.981575 0.637353125 0.98818125 0.6473375 0.9943484375 0.6541875 0.9988984375 0.6565359374999999 0.9990453125000001 0.6524265625
0 0.9972843749999999 0.6763078124999999 0.9811343750000001 0.6782640625 0.9814281250000001 0.6821796875 0.9978718750000001 0.6806125 0.9972843749999999 0.6763078124999999
0 0.9986046875 0.7064515625000001 0.9899437499999999 0.6876609375 0.989796875 0.681396875 0.9850984374999999 0.681396875 0.9856859375000001 0.688246875 0.99655 0.7097796875 0.9975765624999999 0.7093875 0.9986046875 0.7064515625000001
0 0.9632937500000001 0.72485625 0.938446875 0.736903125 0.9405796875 0.7404171875000001 0.9645484375000001 0.728034375 0.9632937500000001 0.72485625
0 0.053346875 0.674425 0.0185015625 0.65119375 0.016525 0.655984375 0.0510125 0.678496875 0.053346875 0.674425
0 0.0626890625 0.6472234375 0.027123437500000003 0.6187218750000001 0.024428125000000002 0.6230328125 0.0608171875 0.652021875 0.0626890625 0.6472234375
0 0.0709515625 0.6301187500000001 0.029817187499999998 0.5946734375 0.0274828125 0.5987453125 0.0691546875 0.633471875 0.0709515625 0.6301187500000001