1 0.0380859375 0.5787765625 0.0224609375 0.5670578125 0.0205078125 0.5305984375 0.0122078125 0.5169265625 0.009765625 0.6100265625 0.0122078125 0.62109375 0.01953125 0.6204421875 0.0361328125 0.595703125 0.0380859375 0.5787765625
0 0.0995078125 0.6986421875 0.0542765625 0.669415625 0.0511453125 0.6768390625 0.097071875 0.7042078125 0.0995078125 0.6986421875
0 0.10750937499999999 0.6773015625000001 0.042446875 0.628128125 0.0407078125 0.6369421875 0.10646562500000001 0.6851890625 0.10750937499999999 0.6773015625000001
0 0.1158609375 0.6559625 0.0511453125 0.606325 0.045926562500000004 0.611890625 0.1130765625 0.6619937499999999 0.1158609375 0.6559625
1 0.9951171875 0.6328125 0.99068125 0.633103125 0.9248046875 0.6354171875 0.915946875 0.6425375 0.91015625 0.66015625 0.921875 0.7643234375 0.916015625 0.7903640625 0.916015625 0.8294265624999999 0.9228515625 0.859375 0.94140625 0.8606765624999999 0.9438578124999999 0.8374874999999999 0.94821875 0.8356375 0.94683125 0.82163125 0.94140625 0.8111984375000001 0.935546875 0.76171875 0.931640625 0.6653640625 0.9367421874999999 0.644846875 0.9986124999999999 0.642625 0.9988859375000001 0.632940625 0.9951171875 0.6328125
0 0.939678125 0.6523328125 0.9363359375 0.6540468749999999 0.9399359374999999 0.665359375 0.9409640625 0.6677593749999999 0.9484203125 0.6681015625 0.9737875 0.661740625 0.9959890625 0.655053125 0.9991859375000001 0.6539531249999999 0.9981625 0.6495124999999999 0.94610625 0.662959375 0.9437921875 0.6615890624999999 0.939678125 0.6523328125
0 0.9762812500000001 0.703925 0.9448203124999999 0.6955250000000001 0.9336156250000001 0.6976375 0.9345140625000001 0.7013796875 0.9399359374999999 0.7006671875 0.9408 0.7052734375 0.9452921875 0.7054234375 0.946415625 0.702428125 0.9616859375000001 0.7045250000000001 0.9736156250000001 0.7075218750000001 0.9761859375 0.7075218750000001 0.9762812500000001 0.703925
0 0.93865 0.765796875 0.992534375 0.7488921875 0.9890203124999999 0.7447671875 0.9728828125 0.7503 0.9380171875000001 0.760725 0.93865 0.765796875
0 0.9367484375 0.7438203125 0.9388609375 0.748328125 0.9790109375 0.7362140625 0.9988734375 0.752271875 0.9988734375 0.74579375 0.9916546875 0.739746875 0.9857578124999999 0.7353953125 0.9980296875000001 0.7350859375 0.9976062499999999 0.7311421874999999 0.9859843749999999 0.7319875 0.9819703125 0.72860625 0.9367484375 0.7438203125
0 0.9986625 0.7052203125000001 0.935903125 0.7288875 0.9378046875000001 0.7339578125 1 0.709165625 0.9986625 0.7052203125000001
0 0.9960484375 0.699253125 0.95061875 0.7161531250000001 0.9506953125000001 0.7215625 0.9971781249999999 0.70326875 0.9960484375 0.699253125
0 0.9452015625 0.6731 0.9350578125 0.66183125 0.9323109374999999 0.6652125 0.9411859375 0.6767624999999999 0.9452015625 0.6731
0 0.9567609375 0.6815 0.957025 0.68713125 0.9440890625 0.694346875 0.9448812500000001 0.6973390625 0.969996875 0.6868234375 0.9850546874999999 0.6858593749999999 0.990153125 0.685371875 0.9923968750000001 0.681325 0.9989953125 0.68026875 0.9980718749999999 0.6758703125000001 0.9685078125000001 0.676925 0.934059375 0.6767484375 0.9339265625 0.681325 0.9567609375 0.6815
0 0.95926875 0.6636203125 0.9670562500000001 0.6747078125 0.9720718749999999 0.675059375 0.9630953124999999 0.6623890625 0.95926875 0.6636203125
0 0.962446875 0.6728984375 0.95596875 0.66520625 0.95148125 0.666965625 0.958871875 0.6747078125 0.9635453125 0.6744890625 0.962446875 0.6728984375
0 0.8664828124999999 0.690546875 0.8676 0.6960109375 0.8718234375 0.69391875 0.8883921875 0.684915625 0.9075296875 0.6733015625000001 0.9063421875 0.6680203125 0.8664828124999999 0.690546875
0 0.9084546874999999 0.678403125 0.8670109374999999 0.7021609375 0.8692546875 0.70796875 0.9109624999999999 0.6835078125 0.9084546874999999 0.678403125
0 0.8982484375 0.6974578124999999 0.8706156249999999 0.7119390625 0.8721859375 0.71773125 0.8993343749999999 0.7024468749999999 0.8982484375 0.6974578124999999
0 0.8972359375 0.705153125 0.8725531249999999 0.719934375 0.8746656249999999 0.7250390624999999 0.8997437500000001 0.7093765624999999 0.8972359375 0.705153125
0 0.878459375 0.729475 0.9139968749999999 0.713071875 0.9133328125 0.7080765625 0.8735125 0.7270625 0.8749296875000001 0.7310218749999999 0.878459375 0.729475
0 0.9139359375 0.7278671875 0.8830140625 0.7378546874999999 0.8847953125 0.74175625 0.9151421875000001 0.7328546874999999 0.9139359375 0.7278671875
0 0.8995453124999999 0.7466468749999999 0.91625625 0.7408718750000001 0.9146578125 0.7357734375 0.8955203125000001 0.7428125 0.8967078125000001 0.7475640625 0.8995453124999999 0.7466468749999999
0 0.9435921875 0.725190625 0.9359359375 0.7037718749999999 0.933175 0.7056125 0.940203125 0.7266953125 0.9435921875 0.725190625
0 0.9605328125 0.7707015625 0.9563921875 0.76133125 0.95375625 0.7621687500000001 0.9580234375 0.772375 0.9605328125 0.7707015625
0 0.954259375 0.755140625 0.9511203125 0.7449328125 0.9481093749999999 0.7462718749999999 0.9514968749999999 0.7561453124999999 0.954259375 0.755140625
0 0.9479828124999999 0.7392453125 0.945221875 0.730878125 0.9427125000000001 0.7325515625000001 0.9456 0.7404171875000001 0.9479828124999999 0.7392453125