1 0.32568437499999997 0.7578125 0.3400203125 0.7580890625000001 0.3442703125 0.75783125 0.3442703125 0.75319375 0.3446546875 0.742375 0.3377015625 0.7367078125 0.3349609375 0.7220046875 0.3292 0.7212531249999999 0.326171875 0.7389328125 0.3193359375 0.7428390625 0.3187671875 0.7555109375 0.32568437499999997 0.7578125
0 0.57145625 0.8052609374999999 0.487015625 0.8056890624999999 0.48653281249999997 0.8095484374999999 0.571778125 0.8095484374999999 0.57145625 0.8052609374999999
0 0.012378125 0.46230000000000004 0.0181703125 0.46293125 0.06416875 0.5070203125 0.1301375 0.5694421875 0.15845625000000002 0.5938875 0.16156718750000001 0.59083125 0.1113140625 0.545215625 0.0335578125 0.4718796875 0.019479687500000002 0.4579109375 0.0121140625 0.45747499999999997 0.012378125 0.46230000000000004
0 0.08332500000000001 0.5770390625 0.084275 0.5740828125 0.024237500000000002 0.5164203125 0.019009375000000002 0.5109281250000001 0.01188125 0.5109281250000001 0.0117234375 0.5164203125 0.017425 0.5164203125 0.0814234375 0.577671875 0.08332500000000001 0.5770390625
0 0.012514062500000001 0.5443015625000001 0.012356250000000001 0.54958125 0.017425 0.5502140625 0.075403125 0.6011171875 0.077146875 0.5960484375 0.0180578125 0.5447234375 0.012514062500000001 0.5443015625000001
0 0.0736609375 0.6047078124999999 0.0750875 0.6017515625 0.01695 0.5542281250000001 0.0120015625 0.5539859375 0.012514062500000001 0.5595078124999999 0.0171078125 0.5595078124999999 0.063840625 0.5983703125 0.0730265625 0.605975 0.0736609375 0.6047078124999999
0 0.017409374999999998 0.5908546875 0.0119421875 0.5904703125 0.012085937500000001 0.596609375 0.016978125 0.597184375 0.03525 0.6115734374999999 0.0364 0.60639375 0.017409374999999998 0.5908546875
0 0.06704687499999999 0.629221875 0.053689062499999995 0.6195046875 0.048721875 0.6166671874999999 0.04795 0.621484375 0.05416093749999999 0.6258125 0.068196875 0.6355515625 0.0687734375 0.630371875 0.06704687499999999 0.629221875
0 0.1074953125 0.6270734375 0.08975625000000001 0.6143015625 0.08869218749999999 0.618715625 0.107021875 0.6316453125 0.1074953125 0.6270734375
0 0.10844218750000001 0.622659375 0.09117499999999999 0.6076796875 0.088928125 0.6114640625 0.107259375 0.6261281249999999 0.10844218750000001 0.622659375
0 0.1336921875 0.647265625 0.11748125000000001 0.63671875 0.1169546875 0.640159375 0.132565625 0.6505671875 0.1336921875 0.647265625
0 0.1337890625 0.6415359375 0.116309375 0.6294265625000001 0.11553593749999999 0.6336953125 0.1333984375 0.6455734375 0.1337890625 0.6415359375
0 0.13575781250000002 0.6185578125 0.093540625 0.582609375 0.09200312499999999 0.5867078125 0.13445625 0.6232890624999999 0.13575781250000002 0.6185578125
0 0.222265625 0.6490890625 0.2630859375 0.6817703125000001 0.26454062500000003 0.6778 0.179590625 0.607421875 0.1765625 0.6106765625 0.222265625 0.6490890625
0 0.31699375 0.7573390625 0.29148593749999996 0.74804375 0.290634375 0.753484375 0.3154640625 0.7621015625 0.31699375 0.7573390625
0 0.3190359375 0.749403125 0.2896140625 0.74010625 0.2887640625 0.7446421875 0.31801406249999997 0.7537109375 0.3190359375 0.749403125
0 0.319715625 0.7435078125000001 0.290465625 0.73285 0.289275 0.7378390625 0.318525 0.7484968750000001 0.319715625 0.7435078125000001