0 0.0935754953125 0.7263481703125 0.053110415625 0.7033336578125 0.0488110015625 0.70889760625 0.0930696828125 0.7336824671875 0.0935754953125 0.7263481703125
0 0.043247053125000004 0.6985284296875001 0.0139098703125 0.6815836765625 0.0116337109375 0.688665065625 0.0412238 0.704598190625 0.043247053125000004 0.6985284296875001
0 0.0708138890625 0.6793075171875 0.0182092859375 0.6456709187499999 0.012139523437499999 0.6441534796874999 0.010874990625 0.651487775 0.0637325 0.6846185578124999 0.0708138890625 0.6793075171875
0 0.0983807234375 0.6621098578125 0.017956378125 0.6039413062500001 0.0134040578125 0.6024238656249999 0.0118866171875 0.6122872296875 0.09484002968750001 0.6686854328125 0.0983807234375 0.6621098578125
0 0.097116190625 0.6439005718749999 0.09913944375 0.6368191828125 0.0187150984375 0.57182215 0.010874990625 0.5723279640625 0.012139523437499999 0.5804209796875 0.01698945 0.581039165625 0.097116190625 0.6439005718749999
0 0.117566615625 0.601132465625 0.12371423749999999 0.5972669203125001 0.0226089640625 0.5075047546875 0.0204810625 0.5040469125 0.012501428125 0.5040469125 0.013033403125 0.511760559375 0.0191511234375 0.5133564859375 0.117566615625 0.601132465625
0 0.22346604375 0.6835431953125 0.2271630921875 0.678613796875 0.21052637500000002 0.6671118671875 0.14089862656250002 0.6128884890624999 0.139050103125 0.6194610203125 0.203132278125 0.668755 0.22346604375 0.6835431953125
0 0.352705565625 0.8254980312500001 0.318707453125 0.7799683953125001 0.3145322453125 0.7831495046875 0.346939803125 0.8268897671875 0.352705565625 0.8254980312500001
0 0.3602607015625 0.8254980312500001 0.323125 0.77296875 0.3183098140625 0.77559436875 0.3535008421875 0.8268897671875 0.3602607015625 0.8254980312500001
0 0.5679815046875001 0.8277968281250001 0.473913684375 0.8294900484375001 0.47410181875 0.8360747953125 0.5681696406250001 0.8340053031249999 0.5679815046875001 0.8277968281250001
0 0.381847778125 0.826213171875 0.33117990937499997 0.76451278125 0.32648087187499997 0.7698247359375 0.3771487421875 0.829686371875 0.381847778125 0.826213171875