0 0.5727125 0.6288609375 0.52725625 0.631390625 0.5272984375 0.6367875 0.572546875 0.63480625 0.5727125 0.6288609375
0 0.480959375 0.6409796875 0.5083015625 0.640625 0.5124359375 0.6405296875000001 0.5149203124999999 0.64015 0.514671875 0.6328875 0.5076203125000001 0.6332640625 0.4761046875 0.633925 0.4134171875 0.6344609375 0.32225156250000003 0.6355703125 0.3225140625 0.642465625 0.480959375 0.6409796875
0 0.7494140625 0.530078125 0.75 0.5319015625 0.7529296875 0.5325515625 0.7650390625 0.49635468749999995 0.782421875 0.44231718750000004 0.824903125 0.28984375 0.820996875 0.28515625 0.8193359375 0.2897140625 0.8118171875 0.3147140625 0.801075 0.3546875 0.7744140625 0.4498703125 0.7513671875 0.5235671875000001 0.7494140625 0.530078125
0 0.865565625 0.2415734375 0.852915625 0.25291562500000003 0.8547140625 0.25561406249999996 0.8577843749999999 0.2546984375 0.8637921875 0.2501125 0.8951281249999999 0.223615625 0.90986875 0.2102390625 0.9888265625000001 0.136278125 1 0.1254765625 0.999775 0.1181375 0.9419187499999999 0.1737046875 0.92055625 0.19326875 0.9068531249999999 0.20565000000000003 0.8879625000000001 0.2227953125 0.865565625 0.2415734375
0 1 0.1490890625 0.9535171874999999 0.1976515625 0.8842968750000001 0.26665625 0.8857421875 0.267578125 0.8907296875 0.267496875 0.9551890625 0.20433906249999997 1 0.156784375 1 0.1490890625
0 0.9374265625 0.271978125 0.9998265625 0.21772968750000002 1 0.2102859375 0.9403734375000001 0.26227187500000004 0.935546875 0.267578125 0.9374265625 0.271978125
0 0.9000984375 0.3256515625 0.875390625 0.38359375 0.87373125 0.387890625 0.872265625 0.3915359375 0.8758796875 0.3962234375 0.9004890624999999 0.3384109375 0.904590625 0.3276046875 0.9000984375 0.3256515625
0 0.918653125 0.5169265625 0.9228515625 0.5201828125 0.923046875 0.5138015625000001 0.922559375 0.5114578125 0.9203125 0.5083328125000001 0.9125375 0.4953046875 0.8984375 0.46080781249999997 0.8672859374999999 0.38046875 0.8653328124999999 0.387109375 0.894921875 0.46822968749999994 0.908203125 0.4993484375 0.918653125 0.5169265625
0 0.9611359374999999 0.4545734375 0.9917718750000001 0.5671703124999999 0.99550625 0.5655109375 0.992128125 0.55025625 0.9735609375 0.4760671875 0.972003125 0.46984062499999996 0.9554812500000001 0.40902031250000004 0.9351156250000001 0.3254015625 0.928890625 0.3009140625 0.927178125 0.3004984375 0.931640625 0.3313796875 0.947265625 0.4055984375 0.9611359374999999 0.4545734375
0 0.8196296875 0.5118484375000001 0.8309578125 0.49231718750000003 0.830859375 0.482421875 0.82035625 0.4989890625 0.811328125 0.516015625 0.81171875 0.5255203125000001 0.8176500000000001 0.5257234375000001 0.81796875 0.515625 0.8196296875 0.5118484375000001
1 0.830078125 0.298828125 0.8277015625 0.3147140625 0.8230656249999999 0.3166921875 0.822325 0.327075 0.8289984374999999 0.329053125 0.8302968749999999 0.35476406250000003 0.8343765624999999 0.4860390625 0.8343765624999999 0.5226296875 0.841796875 0.498046875 0.8421843750000001 0.4635890625 0.8418875 0.44932343750000003 0.8378984375 0.3278171875 0.8453156249999999 0.32484999999999997 0.8451296875000001 0.3164453125 0.8388671875 0.3157546875 0.83623125 0.2665046875 0.8260328124999999 0.2652703125 0.8188015625 0.278125 0.830078125 0.298828125
1 0.9353203125 0.26897187499999997 0.9213875 0.2669265625 0.9152171875 0.26898125 0.9125734375000001 0.2747984375 0.9057625 0.2721359375 0.888115625 0.27409374999999997 0.8840187500000001 0.26669062499999996 0.8804390625 0.266284375 0.8757421875 0.266284375 0.8726109375 0.272778125 0.8559578125 0.2734375 0.8552140625 0.27788124999999997 0.858171875 0.2806640625 0.8588875 0.2799484375 0.8637703125 0.28125 0.8745125 0.2955734375 0.8793953125 0.2838546875 0.9106453125 0.2838546875 0.916015625 0.2923171875 0.9158296874999999 0.3180640625 0.8657234375 0.3151046875 0.8603515625 0.322265625 0.8637703125 0.3268234375 0.895996875 0.3255203125 0.9159906250000001 0.32709062499999997 0.9169921875 0.330078125 0.931640625 0.7102859375 0.9360359375 0.7213546875 0.943359375 0.7220046875 0.9424234374999999 0.6821171875 0.93694375 0.594434375 0.9280796875 0.3541671875 0.92630625 0.3309578125 0.9304406249999999 0.32547031249999997 0.930696875 0.3196484375 0.925175 0.31194375 0.9253046875000001 0.28900312499999997 0.9337796875000001 0.2874609375 0.9353203125 0.26897187499999997
1 0.83935625 0.5611984375 0.841796875 0.7819015625 0.8515625 0.7845046875 0.84765625 0.576171875 0.83935625 0.5611984375
0 0.8448249999999999 0.458784375 0.8502203125 0.45069375 0.854040625 0.44110468750000004 0.8513421875 0.4375078125 0.8439265625000001 0.453090625 0.8448249999999999 0.458784375
0 0.8760656250000001 0.2930703125 0.871121875 0.28857499999999997 0.867075 0.2894734375 0.8661765625 0.2957671875 0.859434375 0.3146453125 0.8634796874999999 0.313746875 0.870896875 0.29516718750000004 0.8744921874999999 0.2987640625 0.8787625 0.2999625 0.8813671875000001 0.29499375 0.88370625 0.2867765625 0.88460625 0.281384375 0.880784375 0.281384375 0.8785375 0.28797656250000003 0.8785375 0.292471875 0.8760656250000001 0.2930703125
0 0.9104515624999999 0.3152453125 0.91591875 0.3018234375 0.9142718750000001 0.2957671875 0.90618125 0.31434687499999997 0.9104515624999999 0.3152453125
0 0.777840625 0.5351171875 0.7923 0.504653125 0.8148171874999999 0.449315625 0.8299390624999999 0.41046250000000006 0.8310546875 0.4069015625 0.8278421874999999 0.40487031250000005 0.825965625 0.40590000000000004 0.81536875 0.43636406250000004 0.7891 0.5017078125000001 0.77574375 0.53085 0.777840625 0.5351171875
0 0.927796875 0.268575 0.9351 0.2698609375 0.9322062499999999 0.2660046875 0.9254546875 0.263246875 0.908784375 0.26232968749999996 0.905615625 0.2682078125 0.9064406249999999 0.2733515625 0.9094734375 0.2744546875 0.9115390624999999 0.2689421875 0.9125046875 0.26692187500000003 0.9229749999999999 0.2665546875 0.927796875 0.268575
1 0.58515 0.61420625 0.575684375 0.6134906250000001 0.5733625 0.6196843750000001 0.573896875 0.6249234375 0.5765765625 0.6263515625 0.5763984375 0.6301625 0.57225625 0.629053125 0.5711859375 0.6337359375 0.5728265625 0.6373078125 0.57729375 0.6394359374999999 0.5789734375 0.683409375 0.5831859374999999 0.683746875 0.5833640625000001 0.6399265625 0.5881875 0.6396890625 0.5881875 0.63254375 0.5835421875 0.6327828125 0.58479375 0.62778125 0.5869359375000001 0.6268281250000001 0.5869359375000001 0.62349375 0.58515 0.61420625