0 0.12362031250000001 0.3074359375 0.0120515625 0.29751875 0.012190625 0.3041140625 0.0683 0.30991562500000003 0.191440625 0.31906875 0.3816390625 0.3254109375 0.5392328125 0.3223125 0.6162140625 0.3200578125 0.6822 0.31555468750000004 0.7019437500000001 0.31416875 0.8232484375 0.30436406250000003 0.8361078125000001 0.30245781250000003 0.9110687499999999 0.294371875 1 0.2820921875 0.9999437500000001 0.27458593750000004 0.8900484375 0.2888515625 0.8289796875000001 0.29615625 0.7228703125 0.30619687500000003 0.6174046875 0.312765625 0.5387593749999999 0.31611406249999996 0.48330624999999994 0.317746875 0.377521875 0.318271875 0.30423125 0.31711093749999997 0.21892187500000002 0.313015625 0.12362031250000001 0.3074359375
0 0.7513124999999999 0.50429375 0.7507718750000001 0.5010546875 0.72350625 0.5338093749999999 0.703259375 0.5528875 0.6902999999999999 0.562965625 0.693615625 0.56566875 0.7096171874999999 0.552540625 0.7223375 0.5421453125 0.7143359375 0.551446875 0.7145406249999999 0.5539078125 0.715771875 0.5544546875 0.7293125 0.53995625 0.73854375 0.526828125 0.7513124999999999 0.50429375
0 0.9953875 0.297565625 0.9923859374999999 0.29585 0.9728765625 0.3167171875 0.90881875 0.37939375000000003 0.8525874999999999 0.4286140625 0.80029375 0.46446249999999994 0.772803125 0.4792328125 0.765009375 0.48169531250000003 0.7652078125 0.48841093750000003 0.7800734375 0.4828203125 0.8040875 0.46960625 0.8351515624999999 0.44876875 0.8635406250000001 0.42705312500000003 0.9124203124999999 0.3836046875 0.9505812499999999 0.3464453125 0.9827375 0.312715625 0.9953875 0.297565625
0 0.8351515624999999 0.46071249999999997 0.83381875 0.4571546875 0.8197140624999999 0.46782812500000004 0.7880765625 0.48536250000000003 0.767875 0.4940015625 0.771115625 0.49806718749999995 0.7753078125 0.4970515625 0.7871234375 0.492221875 0.7920796875 0.4896828125 0.8054203125000001 0.48231250000000003 0.8240984375 0.47036875 0.8305781250000001 0.46604999999999996 0.8334374999999999 0.46350781249999995 0.8351515624999999 0.46071249999999997
0 0.833628125 0.4762140625 0.8328656249999999 0.47113125 0.8141875000000001 0.48155000000000003 0.7806453125 0.49832187499999997 0.784646875 0.5044203125 0.812853125 0.4896828125 0.833628125 0.4762140625
0 0.9182484375 0.3880359375 0.9813328125 0.32145625 1 0.2993484375 0.9961984375 0.2968078125 0.972184375 0.32450625 0.94035625 0.3585578125 0.9033828125 0.3954046875 0.878415625 0.420815625 0.8812749999999999 0.4243734375 0.9182484375 0.3880359375
0 0.891946875 0.43529999999999996 0.9190109375000001 0.4139546875 0.969134375 0.370246875 1 0.34254843749999997 0.9996296875 0.335434375 0.9475984375 0.38244531249999997 0.9014765625000001 0.42183281250000004 0.8868015625 0.434284375 0.891946875 0.43529999999999996
0 0.9492062499999999 0.3024046875 0.9996453125 0.293628125 0.9993531250000001 0.287684375 0.9231562500000001 0.2993390625 0.78453125 0.31712656250000004 0.6145203125 0.331234375 0.482715625 0.33636093749999996 0.28712031250000003 0.335528125 0.136175 0.32602031249999996 0.012107812499999999 0.3156109375 0.0114046875 0.3198859375 0.1273375 0.3306203125 0.23538437499999998 0.33736875 0.35474843749999996 0.34135624999999997 0.4716875 0.3422765625 0.5222921875 0.3404359375 0.6341187500000001 0.335528125 0.8169437500000001 0.3189671875 0.9492062499999999 0.3024046875
0 0.012012499999999999 0.31958125000000004 0.011226562499999999 0.32508750000000003 0.07866875 0.332690625 0.2330796875 0.343440625 0.3934859375 0.3484203125 0.6042859375 0.3442265625 0.73353125 0.3347875 0.8716421875 0.32036875 0.983128125 0.3051625 0.9837984375 0.3041140625 0.9877312500000001 0.298609375 0.894221875 0.3117171875 0.759334375 0.32666093749999997 0.63100625 0.3358375 0.4813078125 0.3416046875 0.35284218749999996 0.3413421875 0.1669546875 0.332953125 0.012012499999999999 0.31958125000000004
0 0.21259531250000002 0.3240421875 0.0481421875 0.31149218749999996 0.0117390625 0.30772656249999997 0.01158125 0.3117 0.012190625 0.313028125 0.0817953125 0.318534375 0.182271875 0.32666093749999997 0.261496875 0.33111718749999997 0.3334625 0.33373906249999996 0.40310625 0.3340015625 0.5120375 0.33242812499999996 0.5119906249999999 0.32786875000000004 0.4085671875 0.3294421875 0.32384843750000003 0.328265625 0.21259531250000002 0.3240421875
1 0.765625 0.5140484375 0.765625 0.49321562500000005 0.7641578124999999 0.4864890625 0.763671875 0.48279843749999996 0.7626953125 0.48149687500000005 0.759765625 0.48540312500000005 0.759765625 0.49061093749999996 0.76171875 0.49321562500000005 0.7620953125 0.5136984375 0.7646484375 0.51535 0.765625 0.5140484375