1 0.8497828125 0.427065625 0.850696875 0.409340625 0.8618171875 0.41015625 0.8659593750000001 0.40148124999999996 0.84716875 0.3971359375 0.8259078125 0.400440625 0.8266609375 0.41015625 0.8432625 0.41015625 0.8442046875000001 0.42959531249999994 0.8497828125 0.427065625
0 0.8251125 0.4075296875 0.7997078125 0.43411406250000006 0.7798828125 0.449609375 0.7807234375000001 0.4549703125 0.80029375 0.4401046875 0.8255859375 0.42356718750000005 0.8405296874999999 0.412725 0.8359375 0.409765625 0.8244140625 0.41809843750000003 0.8132515625 0.42515000000000003 0.8278234375 0.4095625 0.8251125 0.4075296875
0 0.842225 0.42243906249999996 0.8174875 0.441415625 0.8185546875 0.448046875 0.843653125 0.4265625 0.842225 0.42243906249999996
0 0.8144390625 0.4384796875 0.841715625 0.4208578125 0.8411140625 0.41497343750000004 0.8369140625 0.41796875 0.8118968750000001 0.43396093750000003 0.8144390625 0.4384796875
1 0.77835 0.447965625 0.7769953125 0.45542187500000003 0.7764859375000001 0.46265 0.777334375 0.50173125 0.7808921875 0.5006015625 0.7817390625 0.47959218750000004 0.7810609375 0.447965625 0.77835 0.447965625
0 0.04609375 0.4609375 0.0204015625 0.4537625 0.011995312499999999 0.453575 0.0116875 0.45911093750000004 0.017224999999999997 0.4595203125 0.045521875 0.46690156250000003 0.0462890625 0.4622390625 0.04609375 0.4609375
0 0.854296875 0.41002656249999997 0.8498046875 0.41796875 0.8500984375 0.42369843749999997 0.8579109375 0.4114578125 0.854296875 0.41002656249999997
0 0.7207734375 0.5063703125 0.6715109375 0.5107171875 0.6715109375 0.5153765625 0.7221703125000001 0.50963125 0.7207734375 0.5063703125
0 0.719028125 0.5023328125 0.67174375 0.506059375 0.67139375 0.5107171875 0.7198421875000001 0.5065265625 0.719028125 0.5023328125
0 0.603925 0.5227828125 0.6639234375 0.5171765625 0.6639234375 0.5129312500000001 0.602525 0.5180265625 0.6030328125 0.5214234375 0.603925 0.5227828125
0 0.6639234375 0.50715625 0.583415625 0.5136109375 0.5855812499999999 0.518196875 0.6646875 0.5122515625 0.6639234375 0.50715625
0 0.5668953125 0.5251296875 0.5669828125 0.5201 0.5318359375 0.521875 0.471875 0.5233078124999999 0.38599375 0.51955 0.297265625 0.5125 0.2619453125 0.50865625 0.20341874999999998 0.49947968749999994 0.161065625 0.49132031249999997 0.1168953125 0.48229218749999997 0.05234375 0.46705781249999995 0.053028125 0.46979218749999996 0.0734375 0.47565156249999996 0.086328125 0.47890625 0.1900390625 0.501171875 0.1939453125 0.5018234374999999 0.251646875 0.5111265625 0.2918953125 0.51640625 0.3821296875 0.523046875 0.43037187499999996 0.5260421875 0.4797859375 0.527734375 0.5668953125 0.5251296875
0 0.05276093750000001 0.46716406250000003 0.1147515625 0.481975 0.1931828125 0.497528125 0.27516562499999997 0.510265625 0.352709375 0.517375 0.461796875 0.5230046875000001 0.5200046875 0.5221140625 0.5629953125 0.5201890625 0.562659375 0.5160421875 0.5228921875 0.518115625 0.4520203125 0.5187078125 0.3579234375 0.513228125 0.2741625 0.505675 0.1905109375 0.493084375 0.095640625 0.4738296875 0.0533203125 0.46341093750000006 0.05276093750000001 0.46716406250000003