1 0.055475 0.5457 0.049839062499999996 0.722659375 0.049359375 0.739271875 0.055349999999999996 0.739271875 0.055349999999999996 0.7383140625 0.056842187499999995 0.6888140625 0.060546875 0.5768234375 0.0632984375 0.545215625 0.066496875 0.5407265625 0.0671703125 0.524340625 0.061109375 0.5110984375000001 0.0537015625 0.5117703125 0.0472296875 0.52463125 0.0527265625 0.5408906250000001 0.055475 0.5457
1 0.756540625 0.503871875 0.7667578125000001 0.5056875 0.7677734375 0.5401046875 0.7722625 0.5379578125 0.7719734375 0.504296875 0.7837890625 0.5037765624999999 0.7837890625 0.498046875 0.78046875 0.4984375 0.771778125 0.498828125 0.7706062499999999 0.49440156249999995 0.7666015625 0.4947921875 0.7663859375000001 0.49740624999999994 0.75580625 0.4977984375 0.756540625 0.503871875
0 0.0163171875 0.5997421875 0.03400625 0.56974375 0.0413921875 0.5560031249999999 0.0391578125 0.5514249999999999 0.013396874999999999 0.5953921875 0.0163171875 0.5997421875
0 0.0486046875 0.523715625 0.046028124999999996 0.523715625 0.04259375 0.52394375 0.041734375000000004 0.528065625 0.0412203125 0.5326453124999999 0.0413921875 0.5511953125 0.0429359375 0.5564625000000001 0.0508375 0.5718046875 0.051353125 0.583484375 0.053584375 0.587146875 0.054271875000000004 0.5669953125 0.0520390625 0.5628734375 0.0494625 0.558753125 0.0472296875 0.5534859375 0.04585625 0.5440968749999999 0.0448265625 0.53745625 0.0455125 0.5305859374999999 0.0480890625 0.5289828125 0.0486046875 0.523715625
0 0.13080468750000002 0.5391546875000001 0.0671703125 0.5200765625 0.066328125 0.5252390625000001 0.10841562499999999 0.5382578125 0.1631265625 0.5519499999999999 0.16430625000000001 0.5474609375 0.13080468750000002 0.5391546875000001
0 0.2075703125 0.5577859375 0.168178125 0.5488078125 0.16767343750000002 0.5537453125 0.2011734375 0.5616015625 0.22979218750000002 0.566315625 0.23029687499999998 0.5616015625 0.2075703125 0.5577859375
0 0.29056875 0.5722140625 0.2560046875 0.56724375 0.255665625 0.572665625 0.2903984375 0.5771828125 0.29056875 0.5722140625
0 0.554775 0.588559375 0.5776421875 0.5876187500000001 0.577525 0.58278125 0.556346875 0.58278125 0.503146875 0.5845890625 0.4457109375 0.5845890625 0.3641109375 0.5798453125 0.305378125 0.5741984375 0.2992796875 0.573971875 0.2933796875 0.5742468749999999 0.286403125 0.5764578124999999 0.2775921875 0.57939375 0.270815625 0.583459375 0.274159375 0.5877515625 0.280428125 0.5843640625 0.28568125 0.5830078125 0.2994046875 0.5802968749999999 0.308584375 0.5808421874999999 0.3495546875 0.5852671875000001 0.37005625000000003 0.5875265625 0.41813593750000005 0.5902375 0.45121093749999996 0.5918171875 0.4849265625 0.591140625 0.554775 0.588559375
0 0.6285765624999999 0.5769562500000001 0.5935046875000001 0.5794421875 0.59384375 0.5853171875000001 0.6287453125 0.58260625 0.6285765624999999 0.5769562500000001
0 0.67316875 0.5722546875 0.635290625 0.5759671875000001 0.6351515625 0.5819093750000001 0.6735875 0.57708125 0.67316875 0.5722546875
0 0.7494171875 0.5083624999999999 0.730403125 0.52565 0.731378125 0.5295484375 0.750128125 0.5128390625 0.7494171875 0.5083624999999999
0 0.776075 0.5046875 0.771875 0.5106765625 0.7723640625 0.5151046874999999 0.7787109375 0.5061203125 0.776075 0.5046875