1 0.17578125 0.8346359375000001 0.1796390625 0.56930625 0.1728515625 0.5677078125 0.162109375 0.83203125 0.1650390625 0.8359375 0.17578125 0.8346359375000001
1 0.876953125 0.70703125 0.8701171875 0.703125 0.8671875 0.70703125 0.871228125 0.7681828125 0.87425 0.782640625 0.8747828125 0.7956765625 0.880115625 0.7956765625 0.87890625 0.72265625 0.876953125 0.70703125
0 0.029421874999999997 0.636471875 0.0120984375 0.6357390625 0.0120984375 0.6405046875 0.028046875 0.6416046875 0.029421874999999997 0.636471875
0 0.0337921875 0.627346875 0.0119140625 0.6265625 0.0115484375 0.6324390625 0.0337921875 0.6331359375 0.0337921875 0.627346875
0 0.0925765625 0.597621875 0.012203124999999999 0.5913640625000001 0.01185 0.5979359375 0.0918734375 0.6034109375 0.14738125 0.605790625 0.14724062499999999 0.5998078125 0.0925765625 0.597621875
0 0.1455578125 0.5889640625 0.0119390625 0.58099375 0.012084375 0.5874546875 0.1377046875 0.594946875 0.172 0.5952109375 0.17225625 0.589253125 0.1455578125 0.5889640625
0 0.168990625 0.5767875 0.1700171875 0.572278125 0.0904765625 0.5651890625 0.01268125 0.556809375 0.012396875 0.56286875 0.1050484375 0.5721484375 0.16469375 0.5764296875 0.168990625 0.5767875
0 0.0121890625 0.541221875 0.0124375 0.546934375 0.1090765625 0.5615875 0.17094375 0.5702265625 0.17140781249999998 0.5661125 0.11447812500000001 0.5582953125000001 0.0121890625 0.541221875
0 0.268653125 0.563671875 0.1802421875 0.5653765625 0.1797796875 0.5699953125 0.206340625 0.569378125 0.293496875 0.567421875 0.4094953125 0.5584015625000001 0.5238546875 0.5454203125 0.6644546874999999 0.5265078125 0.797446875 0.5029656250000001 0.922696875 0.47634375 0.999759375 0.460940625 0.9996171875 0.4560046875 0.949353125 0.4666171875 0.7835 0.50031875 0.653996875 0.5227859375 0.490640625 0.5444359375000001 0.4244140625 0.5515625 0.3590015625 0.5570625 0.3009765625 0.56171875 0.268653125 0.563671875
0 0.17908125 0.5797140625 0.3240234375 0.5760421874999999 0.412653125 0.5699359375 0.5519859375 0.5539171875 0.6588875 0.537890625 0.769334375 0.521459375 0.9072703125 0.49441562499999997 0.9987 0.476525 0.99836875 0.4717546875 0.9208265625 0.486940625 0.7591890625 0.5177203125000001 0.566496875 0.5466375 0.4032 0.566253125 0.315759375 0.5707687499999999 0.30111875 0.5715734375 0.17955000000000002 0.5745125 0.17908125 0.5797140625
0 0.83154375 0.5509109375000001 0.771865625 0.5583781250000001 0.6743421875 0.570140625 0.557984375 0.58369375 0.48867031250000004 0.588909375 0.373390625 0.59456875 0.222128125 0.5954625 0.1799 0.5924828125 0.1794953125 0.5950203125 0.223484375 0.5992703125000001 0.323196875 0.5999859375 0.374103125 0.5984203124999999 0.49195312500000005 0.5927140625 0.5466265625 0.5888312499999999 0.602853125 0.5839796875000001 0.7665875 0.5641375 0.836034375 0.554778125 0.835546875 0.5502609374999999 0.83154375 0.5509109375000001
0 0.4075640625 0.5897671875 0.3208375 0.5919171875 0.227225 0.5909390625000001 0.1791109375 0.5904703125 0.1796078125 0.5932390625 0.3034296875 0.5960890625 0.400534375 0.5944499999999999 0.572975 0.5832124999999999 0.835315625 0.5502 0.9989796875 0.5214015625 0.9979265625 0.51555 0.853059375 0.541303125 0.6799203125 0.5658875 0.56069375 0.5785296875 0.4075640625 0.5897671875
0 0.9296656249999999 0.5329734375 0.8496609375 0.5480203125 0.8532781249999999 0.5516828125 0.9419625 0.5350953125 0.9988187500000001 0.526221875 0.9985296874999999 0.5215921875 0.9296656249999999 0.5329734375
0 0.891615625 0.563065625 0.9496296875000001 0.5538062499999999 0.9992531250000001 0.54666875 0.998384375 0.5424249999999999 0.8910375 0.55920625 0.891615625 0.563065625
0 0.9985296874999999 0.5364453124999999 0.889446875 0.5547703125 0.8906031249999999 0.558628125 0.9986734374999999 0.5420390625 0.9985296874999999 0.5364453124999999
0 0.22344375 0.60318125 0.2217421875 0.6033546875 0.213103125 0.6026578125000001 0.189146875 0.5997171875 0.180115625 0.597421875 0.17974218749999998 0.6032656249999999 0.215196875 0.6106859375 0.2172921875 0.6105125 0.3770390625 0.6127296875 0.48208124999999996 0.609653125 0.568846875 0.603028125 0.701915625 0.5904906249999999 0.8137828125000001 0.576375 0.8607984375 0.5685984375 0.8566625 0.5606984374999999 0.833790625 0.56343125 0.7047625 0.5798453125 0.5546546875 0.5949859375 0.5074578125 0.5987703125 0.4432875 0.6018640625 0.38946562500000004 0.6044953125 0.31401875 0.6049562500000001 0.22344375 0.60318125
0 0.1812953125 0.6035296875 0.180115625 0.625171875 0.192159375 0.6272671875 0.19543125 0.6246484375 0.2032859375 0.618365625 0.2043328125 0.6141765625 0.20485625000000002 0.6092906250000001 0.2044640625 0.6080671875 0.201584375 0.6082421874999999 0.201190625 0.61278125 0.19791875 0.6180171875 0.192290625 0.6215078125 0.18823281249999999 0.6209828125 0.185221875 0.620459375 0.1861375 0.604753125 0.1812953125 0.6035296875
0 0.1638671875 0.6225265624999999 0.16664218749999998 0.623284375 0.170615625 0.62298125 0.170503125 0.6196515625 0.168459375 0.6193484375 0.166303125 0.6193484375 0.1624421875 0.6137484375 0.1592640625 0.6098140625 0.15676718750000002 0.6102671875000001 0.160059375 0.6170578124999999 0.1625 0.62109375 0.1638671875 0.6225265624999999
0 0.1599609375 0.6459640624999999 0.169434375 0.6459640624999999 0.1713875 0.6462234375 0.1713875 0.64140625 0.160059375 0.641015625 0.1599609375 0.6459640624999999
0 0.1515625 0.6372390625000001 0.17109375 0.637109375 0.171778125 0.6365890624999999 0.171484375 0.6328125 0.151953125 0.6322921874999999 0.1515625 0.6372390625000001
0 0.282821875 0.647071875 0.3626578125 0.6487093749999999 0.5182828125000001 0.644965625 0.6546125 0.6360765625 0.8225250000000001 0.617128125 0.8886703125000001 0.6084734375 0.8886671875 0.6028578125 0.820446875 0.611528125 0.888490625 0.60215625 0.8883171875 0.5977109375 0.8469093750000001 0.603090625 0.712865625 0.619 0.5849609375 0.6304624999999999 0.49581875000000003 0.63654375 0.3445765625 0.6398203125 0.23772968749999998 0.6372453124999999 0.17807656249999998 0.6344390625 0.1779 0.6409890625 0.282821875 0.647071875
0 0.39822812500000004 0.6498453125 0.28010625 0.650384375 0.1905515625 0.6444 0.19066875 0.645965625 0.1907859375 0.6501890625 0.22140468750000003 0.6538265625 0.31056249999999996 0.658378125 0.41123750000000003 0.6603687500000001 0.5170140625 0.6580874999999999 0.6492640625 0.65076875 0.7258765625 0.6441140625 0.820696875 0.6334671875 0.8900656250000001 0.625628125 0.8903062500000001 0.6211203125 0.6955671875 0.6404609375 0.86321875 0.622259375 0.889240625 0.619984375 0.8884484374999999 0.6156796875 0.797309375 0.625103125 0.6632890625 0.63775625 0.59019375 0.6433046874999999 0.39822812500000004 0.6498453125
0 0.9988921875000001 0.5866546875 0.962303125 0.592096875 0.962478125 0.5977078125 0.9994703125 0.591628125 0.9988921875000001 0.5866546875
0 0.9625328124999999 0.589971875 0.998775 0.5857078125 0.9983015625 0.5808125000000001 0.9627703125 0.58491875 0.9622953125 0.5888656250000001 0.9625328124999999 0.589971875
0 0.9986546875 0.60639375 0.96549375 0.6105 0.9657296875 0.615553125 0.999128125 0.6105 0.9986546875 0.60639375
0 0.9986546875 0.59991875 0.96549375 0.604184375 0.9659671875000001 0.6092375 0.999128125 0.6046578125 0.9986546875 0.59991875
0 0.998775 0.6495046875 0.986575 0.6504531250000001 0.987521875 0.6548734375 0.9990109374999999 0.6542421875 0.998775 0.6495046875
0 0.998775 0.6559796875 0.9868109374999999 0.65676875 0.9871671875000001 0.6611921875 0.9992484375 0.6605578125 0.998775 0.6559796875
0 0.9989265625 0.6638015625 0.988825 0.6643484374999999 0.9887078125000001 0.6687703125 0.998775 0.66798125 0.9989265625 0.6638015625
0 0.9984187500000001 0.67035 0.9890625 0.6705078125 0.988825 0.675878125 0.9990109374999999 0.6757187499999999 0.9984187500000001 0.67035
0 0.337821875 0.693153125 0.52680625 0.692303125 0.5652015625 0.6920203125 0.684190625 0.68608125 0.8612140625 0.670178125 0.8865359375 0.6679828125 0.8867593749999999 0.6631750000000001 0.8555796875 0.6654375 0.78176875 0.672225 0.6835640625 0.6804265625 0.5626546875 0.6872140625000001 0.4423875 0.6894750000000001 0.332375 0.6889703125 0.3251078125 0.6891953125 0.213584375 0.6837875 0.2139234375 0.68851875 0.337821875 0.693153125
0 0.6492125 0.693434375 0.7987 0.6824609374999999 0.888325 0.6743796875 0.8884859374999999 0.669396875 0.7805265625 0.67788125 0.6265296874999999 0.6894750000000001 0.5198359375 0.692746875 0.47042343750000004 0.6928703125 0.34507187500000003 0.693153125 0.23815 0.6900421875 0.23815 0.6948484374999999 0.3420796875 0.6985265625 0.5162203125 0.6985265625 0.6492125 0.693434375
0 0.8877437499999999 0.681309375 0.887575 0.676128125 0.8047765625000001 0.6846890625000001 0.6400921875 0.695278125 0.496425 0.700184375 0.3411609375 0.6984328125 0.2467046875 0.69730625 0.245978125 0.7020359375 0.30939218749999997 0.70236875 0.38580156250000003 0.7042937499999999 0.423934375 0.705065625 0.52885 0.704290625 0.6287125 0.700234375 0.7552671875 0.6923484375 0.8455 0.6851390625 0.8877437499999999 0.681309375
0 0.5801000000000001 0.707603125 0.6989890625 0.702753125 0.835421875 0.6919859374999999 0.88883125 0.6866109375 0.8879078125 0.6816546875 0.7832171875 0.6905 0.6566687499999999 0.6999453124999999 0.46694531250000004 0.7050515625 0.295021875 0.70173125 0.294065625 0.7065812499999999 0.4171796875 0.7093906249999999 0.4981578125 0.71015625 0.5801000000000001 0.707603125
0 0.2040453125 0.6506578125 0.19899843749999999 0.6506578125 0.1985296875 0.6550390625 0.195596875 0.6575421875 0.19277968750000002 0.66004375 0.1900828125 0.6617656249999999 0.18797031250000001 0.6628609375 0.183628125 0.6633312499999999 0.1832765625 0.6434624999999999 0.17975625 0.6426796875 0.17999062500000002 0.6655203125 0.1832765625 0.6678671875 0.1863265625 0.66849375 0.19031562500000002 0.6678671875 0.19336718749999998 0.666615625 0.1985296875 0.6630171875 0.20087656250000002 0.6603578125 0.2025203125 0.6583234375 0.2040453125 0.656290625 0.2040453125 0.6506578125