0 0.0485609375 0.60170625 0.0358796875 0.60129375 0.0358796875 0.6066546875000001 0.042375 0.60624375 0.047325 0.60624375 0.0528921875 0.60376875 0.0573234375 0.600228125 0.06371718750000001 0.5860359374999999 0.058459375 0.5847984375 0.057221875 0.588921875 0.0544390625 0.5951078125 0.0522734375 0.5984078125 0.0485609375 0.60170625
0 0.0577921875 0.6720890625 0.05728124999999999 0.6762374999999999 0.163278125 0.6807296875 0.2705640625 0.68245625 0.3566046875 0.6817656249999999 0.40480937499999997 0.6803828125 0.40480937499999997 0.6748546875 0.2910375 0.6762374999999999 0.1865953125 0.67658125 0.0577921875 0.6720890625
0 0.2975140625 0.6890203125000001 0.405728125 0.6870328125 0.4046625 0.6816359375000001 0.3358609375 0.6822046875 0.2016671875 0.68191875 0.056821875 0.6765234375 0.058578125 0.6813515625 0.154796875 0.6861796874999999 0.2975140625 0.6890203125000001
0 0.0590046875 0.690440625 0.1727515625 0.6986765625 0.3069484375 0.7018 0.3887453125 0.7012328125 0.389384375 0.6969734375 0.3003453125 0.697540625 0.3003453125 0.6938484375 0.3900234375 0.6947 0.3904484375 0.69015625 0.35040312500000004 0.6910078125 0.1603984375 0.6893046875 0.0570875 0.68305625 0.0590046875 0.690440625
0 0.579090625 0.6650828125 0.506159375 0.6698015625 0.5066625 0.6747890625 0.5607703125 0.67249375 0.6439421875 0.6661203125 0.707228125 0.659746875 0.7815546875 0.652746875 0.83706875 0.6473046874999999 0.83706875 0.6411359375 0.7064468749999999 0.654925 0.579090625 0.6650828125
0 0.507809375 0.6788671875000001 0.5080578124999999 0.683340625 0.54535 0.6801468749999999 0.6796031250000001 0.6699203125000001 0.806565625 0.6570140624999999 0.83853125 0.6546125 0.83853125 0.6492093750000001 0.7095390625 0.6618171875 0.5542140625 0.674721875 0.507809375 0.6788671875000001
0 0.5727203125 0.6822 0.507715625 0.6867609375 0.5063171875 0.6913234375 0.544446875 0.690353125 0.6479625 0.68356875 0.73246875 0.676496875 0.8263828125 0.667146875 0.838015625 0.6662343749999999 0.83784375 0.661215625 0.6962265624999999 0.6746734375 0.5727203125 0.6822
0 0.5384359375 0.6977234375 0.6183453125 0.691871875 0.7052984375 0.68678125 0.8351109375 0.673590625 0.83268125 0.66780625 0.8033515625 0.6717390625 0.6999171875 0.6809953125 0.5978656250000001 0.68816875 0.5374734375 0.692103125 0.5374734375 0.69673125 0.5384359375 0.6977234375
0 0.940784375 0.6617671875 0.9996953124999999 0.654571875 0.9992468750000001 0.648775 0.940334375 0.6573703125 0.940184375 0.6605671875 0.940784375 0.6617671875
0 0.9984968750000001 0.6419796875 0.9397343749999999 0.648175 0.940034375 0.654971875 0.9993953125000001 0.6471750000000001 0.9984968750000001 0.6419796875
0 0.9990953125 0.6279890625 0.9380859375 0.6363828125000001 0.9397343749999999 0.6425796874999999 0.9992468750000001 0.634584375 0.9990953125 0.6279890625
0 0.998646875 0.62159375 0.9376359375 0.6291875 0.9385359375 0.633984375 0.9992468750000001 0.6267890625 0.998646875 0.62159375
0 0.9990953125 0.56263125 0.8848703125 0.5810203125 0.8841203125 0.5864171875 0.9556234375000001 0.5750234375 0.9987953125000001 0.5676296875 0.9990953125 0.56263125
0 0.9135015624999999 0.5902140625000001 0.9984968750000001 0.5758234375 0.998346875 0.5702265625 0.9103546874999999 0.58401875 0.911403125 0.5904140625000001 0.9135015624999999 0.5902140625000001
0 0.0596890625 0.6380296875 0.0605953125 0.63414375 0.0584828125 0.633203125 0.055428124999999995 0.6375875 0.0512015625 0.6425984375 0.0486171875 0.6435375 0.0490875 0.647921875 0.054959375 0.644790625 0.0596890625 0.6380296875
0 0.599940625 0.620065625 0.4791 0.6302015625 0.37774687500000004 0.635659375 0.2623625 0.6374796875000001 0.16451875 0.6361796875 0.060434375 0.6333203125 0.0605953125 0.6366484375 0.1026375 0.638528125 0.2137046875 0.6418609375 0.383075 0.6404062500000001 0.493709375 0.63414375 0.729425 0.61210625 0.8402484375 0.599796875 0.8396625 0.5943390625 0.8232906249999999 0.5964171875 0.6979703125000001 0.6107109375 0.599940625 0.620065625
0 0.7753687499999999 0.6007734375 0.8387765625 0.59273125 0.8432578124999999 0.5915828125 0.844290625 0.5863 0.78450625 0.5936515625000001 0.6557921875 0.6085843750000001 0.5463765625 0.6189234375 0.43317187500000004 0.6265031249999999 0.34202187500000003 0.6301796875 0.1929828125 0.631328125 0.11259375 0.6292140625 0.045614062500000004 0.6276296875 0.04599375 0.632246875 0.060984375 0.6329359375 0.1659234375 0.634775 0.2522484375 0.636153125 0.36114999999999997 0.6343156249999999 0.4654 0.6292609375 0.56636875 0.6221390625 0.6787093750000001 0.6106515625 0.7753687499999999 0.6007734375
0 0.7125546875000001 0.585003125 0.55818125 0.602809375 0.46372187499999995 0.610934375 0.343934375 0.6177890625 0.24642031250000002 0.621596875 0.1506546875 0.622003125 0.08246718750000001 0.6208015625 0.0286890625 0.6185734375 0.028373437499999998 0.621440625 0.082921875 0.624371875 0.13444375 0.6262921875 0.29782031249999996 0.624665625 0.4667484375 0.6161609375 0.6009609375 0.6032984375 0.82231875 0.5764671875 0.854334375 0.5715890625 0.8542687499999999 0.566253125 0.8438484374999999 0.56796875 0.7125546875000001 0.585003125
0 0.99843125 0.5425640625 0.9622453125 0.5485953125 0.9234484374999999 0.555553125 0.883434375 0.5622812500000001 0.8843046875 0.5673843749999999 0.9568515625 0.5550890625 0.9996484375 0.547434375 0.99843125 0.5425640625
0 0.028440625000000004 0.6175546875 0.091990625 0.6201390625000001 0.215215625 0.6210015624999999 0.334125 0.6178421875 0.456271875 0.6103734375000001 0.5695171875 0.6011828125 0.6584890624999999 0.5902671875000001 0.847209375 0.5658531250000001 1 0.5423 0.9982562500000001 0.5356062500000001 0.9653765625 0.540940625 0.87143125 0.5569453125 0.7117671875 0.5779171875 0.5786328125 0.5940015625 0.43344062499999997 0.6069265625 0.33434375 0.612671875 0.21090468750000002 0.6152562500000001 0.109440625 0.61640625 0.028654687499999998 0.6138203125 0.028440625000000004 0.6175546875
0 0.0390375 0.6008859375 0.0399828125 0.5777984375 0.0349453125 0.5765390625 0.034315625 0.604034375 0.0390375 0.6008859375
0 0.06359375 0.5843046875 0.0744546875 0.5853546875 0.07555625 0.5777984375 0.0472234375 0.5752796874999999 0.03226875 0.569403125 0.030537500000000002 0.569403125 0.031009375 0.5761203125 0.0447046875 0.579896875 0.06359375 0.5843046875
0 0.9989265625 0.49270781250000006 0.9830078125 0.4953125 0.9136609375000001 0.5081625 0.8091265625 0.5258093749999999 0.72275 0.5383859375 0.661521875 0.5465875 0.5656109375 0.55824375 0.49247031249999995 0.565196875 0.3862640625 0.5736625 0.2910234375 0.5793578125 0.172696875 0.5819734375000001 0.074571875 0.5818203125 0.07460625 0.585325 0.14881093750000002 0.5869328125 0.23107031249999999 0.586215625 0.3732203125 0.580265625 0.485575 0.5716703125 0.5797859375 0.5621937499999999 0.64888125 0.5535796875 0.7485828125 0.5399671875000001 0.8868109375 0.5177578125 0.9989390625000001 0.49753749999999997 0.9989265625 0.49270781250000006
0 0.796678125 0.521146875 0.696365625 0.5355578125 0.5984046875 0.547934375 0.516521875 0.5573546875 0.41855937499999996 0.5665921875000001 0.329465625 0.572509375 0.3012015625 0.574171875 0.1976984375 0.577128125 0.11664062500000001 0.5782359375 0.075490625 0.57805 0.0750328125 0.5818203125 0.18008437500000002 0.582128125 0.3087828125 0.5788249999999999 0.4964546875 0.5652203124999999 0.727378125 0.5374171875 0.8327421875000001 0.5217421875 0.9997796875 0.49246093750000003 0.9993359375 0.48536250000000003 0.9676140625 0.492165625 0.8807875 0.50710625 0.796678125 0.521146875
0 0.99885 0.46827500000000005 0.9986109375 0.4639703125 0.968715625 0.469071875 0.879628125 0.48644999999999994 0.7966375 0.5014375 0.72560625 0.5114828124999999 0.6661140624999999 0.5205734375 0.5904906249999999 0.530953125 0.5073921875 0.5415859375000001 0.40732187499999994 0.5511296875 0.3180453125 0.5588296875000001 0.24697968750000002 0.5626796875 0.11878124999999999 0.5650234375000001 0.054367187500000004 0.5658609375 0.054590625000000004 0.5701031249999999 0.16169375 0.568625 0.2547140625 0.566659375 0.3173734375 0.5628828125 0.3961421875 0.5562750000000001 0.504478125 0.545890625 0.6255515625 0.5307859374999999 0.7441453124999999 0.5128484375 0.7960125 0.5055375 0.9094749999999999 0.4845328125 0.99885 0.46827500000000005
0 0.9987359375 0.45773281250000003 0.939596875 0.46844843750000004 0.8323656250000001 0.48853749999999996 0.7199859375 0.506784375 0.622053125 0.52201875 0.5555015625 0.529553125 0.48870312499999996 0.537925 0.40570781250000004 0.5466328125000001 0.33238124999999996 0.5524921875000001 0.23419374999999998 0.5578484375 0.1420296875 0.5600265624999999 0.0552640625 0.5610296875 0.0548703125 0.5658609375 0.1486640625 0.5641875 0.24396718750000002 0.5626796875 0.3260796875 0.557825 0.43092499999999995 0.5489515625 0.5286140625 0.5392421875 0.6725078124999999 0.5194875 0.804596875 0.5004015625 0.918628125 0.4791609375 0.9991140625 0.4637609375 0.9987359375 0.45773281250000003
0 0.0550125 0.5613640625 0.030025000000000003 0.5617 0.029775000000000003 0.566721875 0.0538828125 0.5704046875000001 0.0550125 0.5613640625
0 0.859028125 0.44120781249999996 0.9384890625000001 0.4242859375 0.99955625 0.4107984375 0.9982703125000001 0.4061375 0.974725 0.4112875 0.9344796875 0.42078125 0.8082203124999999 0.44645625000000005 0.70554375 0.464571875 0.629165625 0.4787734375 0.54548125 0.49317656249999997 0.433646875 0.5087984375 0.33931093749999997 0.5205656249999999 0.26749375 0.5270578125000001 0.189509375 0.533728125 0.097471875 0.5405109375 0.0360703125 0.54128125 0.0363421875 0.5475953125 0.06452187499999999 0.5478 0.124271875 0.54410625 0.1929515625 0.5393828125 0.341240625 0.5260359375 0.430134375 0.514878125 0.5120859375 0.5032546875 0.587321875 0.4919734375 0.7006281249999999 0.471128125 0.7688703125 0.4583765625 0.859028125 0.44120781249999996
0 0.9389921875 0.40271875 0.999003125 0.3894421875 0.9984125 0.384059375 0.9729156250000001 0.3897046875 0.92133125 0.4012546875 0.853440625 0.417203125 0.7711921875 0.4339734375 0.6840296875 0.4517421875 0.5941078125 0.46767343749999996 0.482128125 0.48658906249999995 0.379096875 0.5014328124999999 0.290815625 0.5130203125 0.1946234375 0.521484375 0.0894453125 0.5290359375 0.0306421875 0.5308296875 0.0321625 0.5372046874999999 0.0783890625 0.5349609375 0.17217812500000002 0.527546875 0.31844375 0.5150265625 0.4340359375 0.4989 0.5563374999999999 0.4795015625 0.648175 0.4635375 0.7297046875000001 0.446971875 0.8113890625 0.43121093750000006 0.8717078125000001 0.4180765625 0.9389921875 0.40271875
1 0.021296875 0.5412609374999999 0.0196375 0.5558484375 0.01173125 0.5569703125000001 0.0114109375 0.562515625 0.0196375 0.5636609375 0.01876875 0.57360625 0.01194375 0.574175 0.011517187500000001 0.5818531250000001 0.02015625 0.5839875 0.0196375 0.6053265624999999 0.0196234375 0.6112875 0.017684375 0.6131390624999999 0.015996875 0.6119984374999999 0.014754687499999999 0.6118375 0.0146109375 0.6111453124999999 0.011837499999999999 0.6117140625 0.01194375 0.6178281250000001 0.0167078125 0.61965 0.019196875 0.618396875 0.0184484375 0.6266453125 0.027450000000000002 0.6261609375 0.027450000000000002 0.5949109375 0.029403125000000002 0.59230625 0.029403125000000002 0.55324375 0.0352625 0.5428265624999999 0.028426562500000002 0.5337125 0.0245203125 0.5311078124999999 0.014754687499999999 0.5311078124999999 0.011824999999999999 0.5350140624999999 0.014754687499999999 0.5389203124999999 0.021296875 0.5412609374999999