0 0.9581765624999999 0.6641671875 0.8968359375 0.6705109375 0.896571875 0.677915625 0.92645 0.6750953125 0.998940625 0.6670265625 0.99889375 0.660640625 0.9581765624999999 0.6641671875
0 0.9267125 0.66628125 0.971925 0.661346875 0.9991578125 0.6585265625 0.9991578125 0.65218125 0.947865625 0.6574687499999999 0.8968359375 0.6634609375 0.8963078124999999 0.6694546875 0.9267125 0.66628125
0 0.999296875 0.6350046875 0.8947203125 0.647596875 0.895778125 0.653590625 0.99911875 0.6421203125 0.999296875 0.6350046875
0 0.9991578125 0.62609375 0.8706703125 0.6414093750000001 0.8693390624999999 0.6483015625 0.928034375 0.641253125 1 0.6327921875 0.9991578125 0.62609375
0 0.6615593750000001 0.6999171875 0.7331421875 0.694271875 0.7912546875 0.6891406250000001 0.7922984375000001 0.6824703125 0.6933921875 0.6901671875 0.52598125 0.7009421875 0.472340625 0.70474375 0.4659359375 0.70521875 0.46646875000000004 0.711621875 0.479278125 0.7113859375 0.582940625 0.7055609375 0.6615593750000001 0.6999171875
0 0.7918093749999999 0.6742796875 0.7607406250000001 0.676825 0.6933921875 0.6824703125 0.580246875 0.69068125 0.4813390625 0.6973515625 0.464975 0.6982062499999999 0.4659453125 0.704021875 0.5933312500000001 0.6973515625 0.71494375 0.6886281249999999 0.792684375 0.68195625 0.7918093749999999 0.6742796875
0 0.46718125 0.6907484375 0.5317875 0.6865875 0.6745984375 0.6770328125 0.789775 0.6659296875 0.7886124999999999 0.6592156250000001 0.76401875 0.661540625 0.7115359375 0.6667046875 0.61545625 0.6749671875 0.5299390625 0.6806484375 0.46676406249999997 0.6845203125 0.46718125 0.6907484375
0 0.6580328125 0.66283125 0.521375 0.673934375 0.46715 0.6770328125 0.46683593749999996 0.682971875 0.533365625 0.6783234375 0.64818125 0.6703187500000001 0.72874375 0.66283125 0.7789015625 0.657925 0.791503125 0.6563546875 0.7911015625 0.6499203125 0.765925 0.652503125 0.6580328125 0.66283125
0 0.9993921875 0.562340625 0.825253125 0.587803125 0.69086875 0.60360625 0.5122796875 0.620484375 0.45994062500000005 0.6251328125 0.4599265625 0.631690625 0.4700109375 0.6309 0.592003125 0.6198484375 0.74840625 0.60360625 0.8219328125 0.5948265625 0.8989750000000001 0.5829734375 0.9763453125 0.5737546874999999 0.9991703125000001 0.570909375 0.9993921875 0.562340625
0 0.46766406250000003 0.6372640625 0.5974984375 0.62629375 0.776996875 0.60846875 0.8096484374999999 0.6040125 0.8096484374999999 0.5978421875000001 0.7857390625 0.6002421874999999 0.6625875 0.6136109375000001 0.5416921875 0.6245812500000001 0.46456093750000005 0.6317781250000001 0.46456093750000005 0.6376062499999999 0.46766406250000003 0.6372640625
0 0.9993453125 0.577959375 0.9993453125 0.571446875 0.9437906249999999 0.5792625 0.8932640624999999 0.5856656250000001 0.841315625 0.5939671875 0.839228125 0.6004296874999999 0.8425140624999999 0.5998984375 0.9324999999999999 0.587559375 0.9993453125 0.577959375
0 0.691153125 0.5726093750000001 0.5243171875 0.59075 0.42772343749999997 0.600425 0.42685000000000006 0.6064703125 0.5193625 0.5986109374999999 0.7312203125 0.5756328125 0.8765484375 0.553865625 0.958021875 0.5413078125 0.9985843750000001 0.535140625 0.9978734375 0.5292109375 0.9092015625000001 0.54298125 0.691153125 0.5726093750000001
0 0.5695203125 0.5931671875 0.44616875 0.6058656250000001 0.4275765625 0.607075 0.428175 0.6138484375 0.5532953125 0.6028421875000001 0.76744375 0.5780515625 0.97848125 0.5472390625 1 0.5441921875 0.99911875 0.5365640625 0.9403359375000001 0.5454 0.887215625 0.5541171874999999 0.828778125 0.56233125 0.7090546875 0.5780515625 0.5695203125 0.5931671875
0 0.46052968749999995 0.46881562499999996 0.592471875 0.4465203125 0.6926375 0.4295765625 0.7183937499999999 0.42404374999999994 0.7821374999999999 0.41126874999999996 0.8948375000000001 0.38753906250000003 0.9800140624999999 0.36889375 0.9995921875 0.36346875 0.9992828125000001 0.3571890625 0.86299375 0.386709375 0.7178203125 0.41757343750000003 0.709115625 0.4193421875 0.544675 0.44788281249999995 0.397553125 0.47114687499999997 0.32597343749999996 0.48060156249999997 0.260853125 0.4887390625 0.13905625 0.5013515625 0.07135 0.5073937500000001 0.0472921875 0.5088734374999999 0.0118390625 0.5094703125 0.0117765625 0.5109265625 0.0117765625 0.5156328125 0.015596875 0.5159546875000001 0.046959375 0.5157328125 0.166296875 0.506715625 0.25179375 0.4970390625 0.304815625 0.491109375 0.43600625 0.4730265625 0.46052968749999995 0.46881562499999996
0 0.9991921874999999 0.3850359375 0.977025 0.3897328125 0.8284203124999999 0.419940625 0.6628078125 0.450003125 0.56506875 0.467653125 0.47570468750000006 0.48100624999999997 0.369475 0.4946265625 0.27288125 0.5066453125 0.2102421875 0.5126359375 0.1776109375 0.515525 0.13483125 0.5202453125 0.0841 0.5237375 0.06637499999999999 0.524803125 0.0116390625 0.5269421875 0.011645312500000001 0.53368125 0.06455 0.53210625 0.11355625 0.529021875 0.21109687500000002 0.5202453125 0.3140625 0.510134375 0.4148015625 0.497178125 0.549209375 0.477753125 0.70454375 0.4508140625 0.89406875 0.4148546875 1 0.39173125 0.9991921874999999 0.3850359375
0 0.012074999999999999 0.5562328125 0.012074999999999999 0.5609703125000001 0.148446875 0.5579046875 0.2560484375 0.5528890625 0.40658125 0.5397953125 0.5339046875 0.5272578125 0.6927125000000001 0.505246875 0.7698343750000001 0.49369687500000003 0.9152328125 0.46834218749999995 1 0.45231093749999995 0.9994546874999999 0.447296875 0.888984375 0.46819218749999997 0.7797 0.4863015625 0.683315625 0.5021828125 0.55095 0.5200140625 0.42270624999999995 0.534221875 0.2918625 0.5450890625 0.1483140625 0.5540046875 0.012074999999999999 0.5562328125
0 0.01185 0.551775 0.01185 0.5562328125 0.13639218749999998 0.553725 0.2386609375 0.5489890625 0.3911765625 0.5361734375 0.49565468749999997 0.5253078125 0.5989265625 0.5127703125 0.731171875 0.49354531250000006 0.8676031249999999 0.47014374999999997 0.9518125 0.45537656249999997 0.999684375 0.445625 0.999475 0.44061093749999997 0.8912671874999999 0.46094843750000003 0.7683421874999999 0.48240156250000005 0.6562640625 0.4985609375 0.50878125 0.51945625 0.3633953125 0.534221875 0.221015625 0.54453125 0.1326265625 0.5489890625 0.01185 0.551775
0 0.264234375 0.6179875 0.2237953125 0.619034375 0.1062046875 0.62060625 0.0123421875 0.6202484375 0.011975 0.62479375 0.1376140625 0.625578125 0.26443125 0.6224375 0.264234375 0.6179875
0 0.1323140625 0.6140609375 0.011975 0.6143234375 0.012170312499999999 0.6198187500000001 0.184728125 0.6192953125 0.26227187500000004 0.6172015625 0.26227187500000004 0.61170625 0.1323140625 0.6140609375
0 0.12843125 0.6405125 0.012821875 0.63851875 0.0123953125 0.6425078125 0.1592015625 0.6450734375 0.2346359375 0.6456421875 0.2346359375 0.6410828125 0.12843125 0.6405125
0 0.1109078125 0.6351 0.012821875 0.633959375 0.012821875 0.638234375 0.2050984375 0.639384375 0.2350640625 0.63994375 0.235490625 0.6342453124999999 0.1109078125 0.6351
0 0.0122359375 0.686515625 0.012045312499999999 0.6916125 0.12943906249999998 0.6946734375 0.2135640625 0.6969671875000001 0.21375468749999998 0.6921234375 0.15238125 0.6908484374999999 0.0122359375 0.686515625
0 0.1359390625 0.6883 0.21184375000000003 0.6898296875 0.21184375000000003 0.6860046875 0.0122359375 0.680396875 0.0122359375 0.6860046875 0.1359390625 0.6883
0 0.16748593750000002 0.70869375 0.011471875 0.7013 0.0122359375 0.7058890625 0.1804875 0.7132828124999999 0.227521875 0.7137921875 0.2271390625 0.7097140625 0.16748593750000002 0.70869375
0 0.212990625 0.7025750000000001 0.1399546875 0.7005359375 0.011662500000000001 0.6954374999999999 0.012045312499999999 0.7000265625 0.0724625 0.7033390625 0.2124171875 0.70741875 0.2126078125 0.705634375 0.212990625 0.7025750000000001
0 0.10765781249999999 0.5782484375 0.012057812499999999 0.5782484375 0.011884374999999999 0.5826234375 0.141971875 0.5826234375 0.27104531249999997 0.5793999999999999 0.27104531249999997 0.5745640625 0.10765781249999999 0.5782484375
0 0.11239218749999999 0.5722625 0.0116984375 0.5727218749999999 0.0113671875 0.5775578125 0.188053125 0.5759453125 0.271978125 0.5731828125 0.2723234375 0.5688078125 0.11239218749999999 0.5722625
0 0.6373546875 0.5399875 0.5212296875 0.5537015625 0.3342328125 0.569771875 0.3341171875 0.574271875 0.43247187499999995 0.5676296875 0.561990625 0.5543437499999999 0.716815625 0.5344156250000001 0.8763781249999999 0.5112734375 0.9989953125 0.48963124999999996 0.9989953125 0.48513124999999996 0.981478125 0.487275 0.8863375 0.503559375 0.766553125 0.5217734375 0.6373546875 0.5399875
0 0.7181671875 0.5221843749999999 0.5426984375 0.5447859375 0.3199546875 0.565346875 0.319303125 0.569753125 0.3977484375 0.5631828125 0.5274421874999999 0.55188125 0.691165625 0.5316453125 0.788409375 0.5171921875 0.89975625 0.49958437499999997 0.9988296875 0.48276562500000003 0.998340625 0.4777 0.973415625 0.48185312500000005 0.897715625 0.4948546875 0.7181671875 0.5221843749999999