0 0.975003125 0.0084421875 0.9588125 0.011709375 0.7301859375 0.051834375 0.6744296875 0.0610046875 0.600840625 0.07325000000000001 0.48584062499999997 0.088034375 0.4019828125 0.0999375 0.28964375000000003 0.112775 0.1732453125 0.1249875 0.1148109375 0.1288 0.0207546875 0.1356078125 0.020624999999999998 0.147284375 0.12319687500000001 0.14114218750000002 0.236684375 0.13016250000000001 0.404190625 0.11191718749999999 0.6094968749999999 0.084759375 0.769865625 0.0552453125 0.9234109374999999 0.0290078125 0.9757468749999999 0.018421874999999997 0.975003125 0.0084421875
0 0.9680249999999999 0.11428750000000001 0.8306296874999999 0.14551562499999998 0.6729796875 0.177990625 0.5025375000000001 0.2067171875 0.40666562500000003 0.21983281250000003 0.23517968749999998 0.241690625 0.1224234375 0.2535578125 0.0183953125 0.26122968750000003 0.0182296875 0.2685453125 0.1620375 0.259178125 0.2673640625 0.24793437499999998 0.4429015625 0.226078125 0.63695 0.19485312500000002 0.823878125 0.1555078125 0.9632984375 0.1236546875 1 0.1149125 0.9990828125 0.1074171875 0.9990828125 0.1061703125 0.9680249999999999 0.11428750000000001
0 0.017403125 0.25142031249999997 0.0178734375 0.259178125 0.22808437499999998 0.241690625 0.48730312500000006 0.20734218750000002 0.7502765625000001 0.161753125 1 0.10400000000000001 0.9993953125000001 0.095553125 0.9170265625 0.11303749999999999 0.696925 0.161753125 0.5104375 0.19360312500000001 0.26708906250000003 0.22732812500000002 0.017403125 0.25142031249999997
0 0.196484375 0.281659375 0.018562500000000003 0.291890625 0.0185671875 0.29914687500000003 0.212675 0.2897796875 0.44502031249999996 0.26230000000000003 0.7200703125000001 0.21608437500000002 0.999725 0.15425781249999998 0.9990500000000001 0.1461375 0.9555031250000001 0.1567546875 0.73405 0.2048421875 0.5532546875000001 0.23607031250000002 0.40931562499999996 0.259178125 0.196484375 0.281659375
0 0.277984375 0.264171875 0.017921875 0.2835328125 0.0182421875 0.291028125 0.2542109375 0.274790625 0.4290765625 0.25417968750000003 0.695590625 0.21171250000000003 0.9119484375000001 0.164875 0.9994249999999999 0.14551562499999998 0.99891875 0.13725 0.9698656250000001 0.14350000000000002 0.75434375 0.1904796875 0.48185 0.2385671875 0.277984375 0.264171875
0 0.1589046875 0.374396875 0.0167828125 0.384090625 0.0165671875 0.39239531250000004 0.1918984375 0.3816671875 0.3607546875 0.3647046875 0.6014828125 0.331384375 0.7634140625 0.3010921875 1 0.252021875 0.9995749999999999 0.243540625 0.8171734374999999 0.2811 0.6084578125 0.3216921875 0.3814015625 0.35319531249999997 0.1589046875 0.374396875
0 0.7252671875 0.284734375 0.5102375 0.32229687500000004 0.3427 0.3441078125 0.01689375 0.371975 0.016364062500000002 0.381421875 0.195909375 0.3677328125 0.36488437500000004 0.3519828125 0.52223125 0.33077812500000003 0.7314921875 0.2944296875 0.9016249999999999 0.26110937500000003 1 0.2411171875 0.9996875 0.2332421875 0.9993609375 0.231425 0.9355046874999999 0.244753125 0.7252671875 0.284734375
0 0.6935546875 0.337121875 0.5978749999999999 0.354584375 0.48083593750000003 0.371 0.3272203125 0.3906703125 0.148775 0.40596718750000005 0.018259375 0.41252500000000003 0.0183109375 0.42181562499999997 0.194928125 0.413071875 0.3747578125 0.3955875 0.44658437500000003 0.385284375 0.570253125 0.3691328125 0.7166328125 0.3436796875 0.9262874999999999 0.3016078125 0.9996734375 0.284821875 0.9992374999999999 0.274834375 0.9215625 0.29341249999999997 0.6935546875 0.337121875
0 0.591925 0.3453203125 0.364571875 0.374825 0.229465625 0.3890296875 0.017685937500000002 0.40269062499999997 0.017403125 0.4111625 0.2152546875 0.3983203125 0.451475 0.373184375 0.5943703124999999 0.3532203125 0.6346406250000001 0.3464125 0.8106453124999999 0.314175 1 0.2737421875 0.9999421875 0.265 0.9455984374999999 0.27592812499999997 0.7663234375 0.31362812500000004 0.591925 0.3453203125
0 0.553934375 0.45360468750000005 0.365715625 0.47774218749999997 0.139540625 0.4946328125 0.0156375 0.5010671875 0.01581875 0.506028125 0.015451562499999998 0.510165625 0.28116875 0.494271875 0.45860625 0.47584687499999995 0.4641890625 0.4747875 0.5588031250000001 0.46128281250000003 0.7351265625 0.43752812499999993 0.9996953124999999 0.3876625 0.9992625 0.376403125 0.8844890624999999 0.399728125 0.6649421875 0.4383328125 0.553934375 0.45360468750000005
0 0.4769765625 0.4786046875 0.3849140625 0.4903375 0.1853234375 0.506959375 0.0149546875 0.511846875 0.015326562499999998 0.5191828125 0.1804859375 0.5142921874999999 0.3870765625 0.498159375 0.64181875 0.46491718750000005 0.868546875 0.4258078125 0.9998828124999999 0.3989203125 0.9988250000000001 0.3906078125 0.9517875 0.3989203125 0.8751546875 0.415053125 0.6517546875 0.45416249999999997 0.4769765625 0.4786046875
0 0.789465625 0.43949531249999996 0.6071265625 0.471759375 0.46735 0.48789218749999996 0.29819062500000004 0.5054921875 0.1812703125 0.5142921874999999 0.014665624999999998 0.520159375 0.014665624999999998 0.527003125 0.016275 0.527003125 0.18117031249999999 0.521625 0.3485421875 0.508425 0.5405078125 0.48642812500000004 0.69965625 0.46394062500000005 0.8745062499999999 0.4346078125 0.9676796875000001 0.413584375 0.9998125 0.4082078125 0.9992828125000001 0.399896875 0.9350687499999999 0.4126078125 0.789465625 0.43949531249999996
0 0.7201109375 0.46198281249999995 0.6458546875 0.47371718749999997 0.5014734375 0.4947375 0.33218437500000003 0.5142921874999999 0.1586515625 0.5274 0.015051562499999999 0.5318828124999999 0.015665625 0.5395531250000001 0.160534375 0.5362921875 0.3344671875 0.522115625 0.5235000000000001 0.5015828124999999 0.7205 0.4707828125 0.8927546875000001 0.44096250000000003 0.9996078125000001 0.419940625 0.997759375 0.4121171875 0.956271875 0.4189625 0.8167453124999999 0.44584999999999997 0.7201109375 0.46198281249999995