0 0.4909515625 0.006334375000000001 0.5132125000000001 0.0045249999999999995 0.512990625 0 0.49953281250000003 0.0008234375000000001 0.485546875 0.0018234375 0.4215859375 0.011959375 0.4232421875 0.0166671875 0.475684375 0.00859375 0.4909515625 0.006334375000000001
0 0.68715 0.0008703125000000001 0.5893578125000001 0.0150671875 0.5037375 0.028975 0.44593125 0.03621875 0.4272796875 0.03855 0.428128125 0.0440828125 0.46801250000000005 0.038909375 0.50569375 0.0344796875 0.5389421875 0.0286859375 0.599540625 0.0199078125 0.66933125 0.009271875 0.701340625 0.0050671875 0.7023625 0.000290625 0.68715 0.0008703125000000001
0 0.702734375 0.0442703125 0.701953125 0.039192187499999996 0.69404375 0.040234375 0.6301359375 0.049839062499999996 0.583465625 0.05603125 0.5454234375 0.0619296875 0.498090625 0.0675328125 0.446953125 0.0744921875 0.434834375 0.075790625 0.4349609375 0.08072968750000001 0.43838437499999994 0.0804453125 0.466459375 0.0772640625 0.49565468749999997 0.0731359375 0.5233015625 0.07048125 0.5719609375 0.0628140625 0.64119375 0.053378125 0.69375 0.045703125 0.702734375 0.0442703125
0 0.5140546875 0.0722046875 0.4742671875 0.07846718750000001 0.44091874999999997 0.0821609375 0.43466875 0.08268281250000001 0.43529999999999996 0.0885984375 0.46162187499999996 0.08528593749999999 0.52481875 0.076440625 0.6086734375 0.06465156250000001 0.6890625 0.0533859375 0.7041999999999999 0.0510421875 0.7042875000000001 0.0454953125 0.6867421874999999 0.048259375 0.6360421875 0.0554421875 0.5708328125000001 0.06373124999999999 0.5140546875 0.0722046875
0 0.7240234375 0.039582812499999995 0.7504890625 0.036589062500000005 0.7578125 0.0358078125 0.757421875 0.03046875 0.726171875 0.034635937500000005 0.7171875 0.0359375 0.71640625 0.040625 0.7240234375 0.039582812499999995
0 0.7578125 0.037239062499999996 0.726171875 0.040625 0.72685625 0.04609375 0.7576171875 0.042839062500000004 0.7578125 0.037239062499999996
0 0.607325 0.1118484375 0.6482609375 0.1060453125 0.6885484374999999 0.10102031250000001 0.71206875 0.0979015625 0.71206875 0.09305 0.6919265625000001 0.0951296875 0.627771875 0.1035546875 0.6080078125 0.10677031249999999 0.607325 0.1118484375
0 0.6815218749999999 0.110603125 0.6790953125 0.106596875 0.6398140625 0.1109109375 0.6078125 0.11553125 0.6095453125 0.1207703125 0.626990625 0.11799531249999999 0.662690625 0.113375 0.6815218749999999 0.110603125
0 0.7177640625 0.09597343750000001 0.7370921874999999 0.09489062499999999 0.7571953125 0.09227031249999999 0.7608406249999999 0.091796875 0.7605453125 0.087034375 0.7236921875 0.0905765625 0.7179781249999999 0.0915390625 0.7177640625 0.09597343750000001
0 0.7187234375 0.1056734375 0.7592749999999999 0.1010515625 0.7582359375000001 0.096121875 0.7172203125000001 0.10043593749999999 0.7179140625 0.1058265625 0.7187234375 0.1056734375
0 0.664425 0.152196875 0.662865625 0.1476265625 0.6189453125 0.1526046875 0.602553125 0.15404374999999998 0.602521875 0.1593984375 0.6286203125000001 0.15661875 0.664425 0.152196875
0 0.6166015625 0.1595046875 0.6166046875 0.1650578125 0.6392890625 0.1628609375 0.6715921875 0.1595359375 0.6716953125 0.154690625 0.641990625 0.1569046875 0.6166015625 0.1595046875
0 0.457309375 0.2379578125 0.486025 0.23527499999999998 0.5162171875 0.231875 0.5159484375 0.22847499999999998 0.4688484375 0.232590625 0.436509375 0.23563125000000001 0.43664375 0.23974687499999997 0.457309375 0.2379578125
0 0.506825 0.25584843749999997 0.47334062499999996 0.2578125 0.44335312499999996 0.2603234375 0.4432625 0.2649734375 0.457309375 0.26390156249999996 0.493003125 0.26175468749999997 0.51171875 0.2602859375 0.5163656249999999 0.25985 0.51640625 0.2553390625 0.506825 0.25584843749999997
0 0.5512406249999999 0.11396875 0.5015921875 0.12041093750000001 0.4685546875 0.12434843749999999 0.43466875 0.128515625 0.40752499999999997 0.131503125 0.4076171875 0.1364578125 0.45006250000000003 0.132396875 0.5053484375 0.12595625 0.5374203125 0.121840625 0.556475 0.11951562499999999 0.57734375 0.1162765625 0.5891609375 0.114453125 0.588575 0.109375 0.5512406249999999 0.11396875
0 0.4068546875 0.1443859375 0.4447265625 0.14080781250000002 0.4492890625 0.140628125 0.5025296875 0.13490312499999998 0.589746875 0.1234375 0.5903328125 0.1174484375 0.563184375 0.1212234375 0.5069343749999999 0.1287765625 0.4515625 0.1348953125 0.40693437499999996 0.1391921875 0.4068546875 0.1443859375
0 0.53285625 0.162634375 0.5041390625 0.16585468750000001 0.42577499999999996 0.17569531249999998 0.425684375 0.1796875 0.45489375 0.1769484375 0.5187671875000001 0.168896875 0.576953125 0.16328125 0.5764671875 0.1585203125 0.56116875 0.1601296875 0.53285625 0.162634375
0 0.716271875 0.0099546875 0.75101875 0.0038015625 0.7495265625 0.0009046874999999999 0.7165421875 0.005971875 0.7161359375 0.008325 0.716271875 0.0099546875
0 0.7055515625 0.006334375000000001 0.668359375 0.011403125 0.52586875 0.0333015625 0.42868125 0.0468734375 0.429225 0.05176093750000001 0.5206999999999999 0.038909375 0.6344234375 0.0222609375 0.7050062500000001 0.010678125 0.7055515625 0.006334375000000001
0 0.5646625000000001 0.16771562499999998 0.5646625000000001 0.1672546875 0.49245625000000004 0.174459375 0.4286 0.182125 0.42875312499999996 0.18641875000000002 0.50256875 0.17859843749999998 0.564546875 0.17139374999999998 0.5646625000000001 0.16771562499999998
0 0.516309375 0.2354171875 0.4427734375 0.241796875 0.4431640625 0.2455734375 0.5169921875 0.2399734375 0.516309375 0.2354171875
0 0.5166999999999999 0.2611984375 0.4451171875 0.2662765625 0.44560625 0.2708328125 0.516796875 0.2654953125 0.5166999999999999 0.2611984375
0 0.5749359375 0.2562 0.5545953124999999 0.25634531250000003 0.554271875 0.2602390625 0.5749359375 0.25995 0.5749359375 0.2562
0 0.5551375000000001 0.2546125 0.5749359375 0.25418124999999997 0.5750453125 0.2537484375 0.5749359375 0.2501421875 0.5549203125 0.2504296875 0.5551375000000001 0.2546125
0 0.578721875 0.2218671875 0.5532984375 0.2230203125 0.55340625 0.22749375 0.5792640625 0.2260515625 0.578721875 0.2218671875