0 0.46053125 0.010560937500000001 0.4011828125 0.018445312499999998 0.400909375 0.0231453125 0.4617671875 0.014340625000000001 0.5275234375 0.0029328125 0.5184375 0.0008921875 0.46053125 0.010560937500000001
0 0.472946875 0.045870312499999996 0.3529 0.062528125 0.3525109375 0.06764218749999999 0.489921875 0.0475421875 0.6543 0.020485937500000002 0.654296875 0.0151046875 0.472946875 0.045870312499999996
0 0.7421875 0.001171875 0.709278125 0.0061203125 0.687890625 0.009504687500000001 0.6580078125 0.0141921875 0.6579671874999999 0.019178124999999997 0.71015625 0.0102859375 0.7443359375 0.004557812499999999 0.7421875 0.001171875
0 0.6556625 0.0512875 0.65444375 0.05151875 0.6551390625 0.05709062499999999 0.71884375 0.04571875 0.7754109375 0.036434375000000005 0.7731484375 0.0322578125 0.6556625 0.0512875
0 0.6556625 0.0468796875 0.7548734375 0.031096875000000003 0.7722781249999999 0.02854375 0.7686234375 0.0241359375 0.6554875 0.041773437499999996 0.6556625 0.0468796875
0 0.7961234375 0.0192625 0.7769781250000001 0.0225109375 0.7784187499999999 0.0265625 0.7974609375 0.0235671875 0.7961234375 0.0192625
0 0.814746875 0.0165359375 0.8036140625 0.018359375 0.8051765625 0.0220046875 0.8151375 0.019921875 0.814746875 0.0165359375
0 0.7418953125 0.075390625 0.6719546875 0.0855109375 0.6706937500000001 0.090315625 0.711228125 0.08502968749999999 0.743359375 0.0796875 0.7418953125 0.075390625
0 0.74455625 0.0814265625 0.6643890625 0.0946375 0.66456875 0.098721875 0.7461765625 0.0857515625 0.74455625 0.0814265625
0 0.78568125 0.06880937499999999 0.7465953125 0.0731765625 0.748584375 0.077234375 0.7869671874999999 0.072865625 0.78568125 0.06880937499999999
0 0.7877875000000001 0.0756734375 0.7528328125 0.0798171875 0.753734375 0.0839421875 0.78989375 0.08020000000000001 0.7877875000000001 0.0756734375
0 0.710346875 0.13334531249999998 0.665625 0.140234375 0.6655640625 0.14410625 0.7131937500000001 0.137565625 0.710346875 0.13334531249999998
0 0.7370890625000001 0.139253125 0.6586015625 0.150434375 0.6589171875 0.1546546875 0.739621875 0.14305 0.7370890625000001 0.139253125
0 0.7266453125 0.2536078125 0.6812296875 0.25825 0.681934375 0.2623703125 0.726953125 0.2579421875 0.7266453125 0.2536078125
0 0.725853125 0.26247031249999997 0.6847109375 0.265846875 0.6859765624999999 0.2702765625 0.7274359375 0.2673234375 0.725853125 0.26247031249999997
0 0.6935718750000001 0.1917890625 0.6554359375 0.19600937499999999 0.6555953125 0.19980625000000002 0.69468125 0.19643125 0.6935718750000001 0.1917890625
0 0.588328125 0.0678375 0.650828125 0.05750625 0.6492796875 0.051653125 0.5335765625 0.07024843750000001 0.344790625 0.09814062500000001 0.30346875 0.10468437500000001 0.304753125 0.10950312499999999 0.44240781250000005 0.08953124999999999 0.588328125 0.0678375
0 0.477790625 0.069559375 0.3434921875 0.0902203125 0.344525 0.09572968750000001 0.5175640625 0.0685265625 0.6526359375 0.048553125 0.6510859375 0.04304375 0.477790625 0.069559375
0 0.47468750000000004 0.1215578125 0.313271875 0.14290624999999998 0.3158578125 0.14772812500000002 0.4888921875 0.12396718749999999 0.63971875 0.1022734375 0.63816875 0.0974515625 0.47468750000000004 0.1215578125
0 0.433365625 0.119834375 0.31172187500000004 0.1370515625 0.312496875 0.1418734375 0.531246875 0.111915625 0.6358406249999999 0.0971359375 0.633778125 0.0922859375 0.433365625 0.119834375
0 0.4845453125 0.16347499999999998 0.3212453125 0.1836265625 0.3230765625 0.189734375 0.5354109375 0.1626921875 0.6326171875 0.1497390625 0.6321421875000001 0.14504999999999998 0.4845453125 0.16347499999999998
0 0.43867812500000003 0.17797968749999998 0.33341875 0.191309375 0.3351828125 0.195621875 0.5165921875 0.174059375 0.63331875 0.15837812499999998 0.6309671875 0.153675 0.43867812500000003 0.17797968749999998
0 0.4913078125 0.21561406249999998 0.4033953125 0.22541562499999998 0.40604218750000004 0.229728125 0.582746875 0.21051875 0.649196875 0.2026765625 0.6471375 0.19718906249999998 0.4913078125 0.21561406249999998
0 0.4266234375 0.2293359375 0.4120734375 0.231325 0.4166265625 0.236 0.5782234374999999 0.218359375 0.6508796875 0.210546875 0.6497843750000001 0.2050296875 0.4266234375 0.2293359375
0 0.5217828124999999 0.28295781249999996 0.47369374999999997 0.28685 0.4734984375 0.29308125 0.5227546875 0.287890625 0.5217828124999999 0.28295781249999996
0 0.5184734375 0.2756890625 0.4729140625 0.2793234375 0.47369374999999997 0.2842546875 0.52003125 0.28087968750000003 0.5184734375 0.2756890625
0 0.541796875 0.3100265625 0.4670734375 0.3169640625 0.46863124999999994 0.3213765625 0.542871875 0.3145828125 0.541796875 0.3100265625
0 0.533465625 0.30424375000000003 0.46590468749999997 0.30969531250000004 0.46629531249999995 0.314628125 0.535996875 0.30943437500000004 0.533465625 0.30424375000000003
0 0.5544921875 0.2790625 0.5276234375 0.2814 0.5282078125 0.28633125000000004 0.5558546875 0.2845140625 0.5544921875 0.2790625
0 0.5535187500000001 0.27127500000000004 0.5243140625 0.274390625 0.5243140625 0.28010156249999996 0.5539078125 0.277765625 0.5535187500000001 0.27127500000000004
0 0.6178578124999999 0.2733234375 0.5888921875 0.27545625 0.5889656249999999 0.2815109375 0.6182624999999999 0.2794265625 0.6178578124999999 0.2733234375
0 0.6183375 0.2656421875 0.5812125 0.26777656250000004 0.5820125 0.27375 0.6192984375 0.2711890625 0.6183375 0.2656421875
0 0.5900125 0.3106625 0.6146578125 0.30895625 0.6132171875 0.3040484375 0.58935625 0.305859375 0.5893734375 0.3106625 0.5900125 0.3106625
0 0.61305625 0.29658125 0.58969375 0.298075 0.5903328125 0.3036203125 0.613671875 0.301953125 0.61305625 0.29658125