0 0.3310578125 0.001175 0.281846875 0.0081078125 0.28554843750000003 0.012339062500000001 0.33458125 0.0048937500000000005 0.3310578125 0.001175
0 0.513721875 0.0172734375 0.5908125 0.0038906250000000004 0.583475 0.000665625 0.515721875 0.0122078125 0.4135140625 0.0284109375 0.26602031249999997 0.052160937500000004 0.2710078125 0.057815625 0.3363140625 0.0468875 0.513721875 0.0172734375
0 0.37515 0.07259062499999999 0.5448546875 0.045653125 0.7232859375 0.0178640625 0.7215843750000001 0.013043750000000002 0.6369421875 0.026654687500000003 0.463615625 0.0538765625 0.32013437499999997 0.0765953125 0.2857765625 0.0809578125 0.2873171875 0.0853515625 0.37515 0.07259062499999999
0 0.28668593750000004 0.07780781249999999 0.3770359375 0.065203125 0.5988734375 0.0288875 0.7170640625 0.008765625 0.7173625 0.008367187500000001 0.7128062500000001 0.0043625 0.6751750000000001 0.010665625 0.5010171875 0.03999375 0.3626734375 0.06108281250000001 0.28523125 0.07271562499999999 0.28668593750000004 0.07780781249999999
0 0.294740625 0.13185156250000002 0.362828125 0.1212453125 0.494940625 0.1020015625 0.6359203124999999 0.0810328125 0.7249171875 0.066478125 0.7225125 0.0625296875 0.6229703125 0.07733124999999999 0.4672203125 0.1020015625 0.321975 0.122971875 0.2931125 0.12691875 0.294740625 0.13185156250000002
0 0.2929359375 0.124828125 0.29533125 0.124828125 0.4172625 0.10681875 0.6080140625 0.07918906249999999 0.71995625 0.061426562500000004 0.7177359375 0.0569875 0.6500171875 0.06586718750000001 0.5340828125 0.0841140625 0.507421875 0.088671875 0.4030203125 0.103859375 0.29219531249999997 0.12038750000000001 0.2929359375 0.124828125
0 0.3881765625 0.16994375 0.4940609375 0.1551984375 0.626384375 0.1382875 0.62864375 0.1378578125 0.720509375 0.12449687499999999 0.7161593749999999 0.1201453125 0.6207921875 0.1329578125 0.5161765625 0.14673750000000002 0.4266078125 0.15955 0.3859953125 0.164384375 0.3881765625 0.16994375
0 0.42606406249999995 0.1556828125 0.5938890625 0.1330765625 0.6904109375 0.11797031250000001 0.6853343749999999 0.1148265625 0.6117234375 0.12497968749999999 0.5245140625 0.136584375 0.39596875 0.15350625 0.353178125 0.160275 0.35753124999999997 0.16414375 0.42606406249999995 0.1556828125
0 0.5545234375 0.2012703125 0.46665 0.2116015625 0.46835468750000003 0.215940625 0.557778125 0.205609375 0.5545234375 0.2012703125
0 0.5557640625 0.1940359375 0.45890000000000003 0.20498750000000002 0.4598296875 0.20912187499999998 0.5570046875 0.19899687500000002 0.5557640625 0.1940359375
0 0.489896875 0.2775203125 0.6075265625 0.26698125 0.6072171875000001 0.26098750000000004 0.489896875 0.2727671875 0.4895875 0.27690000000000003 0.489896875 0.2775203125
0 0.609696875 0.25251718749999996 0.4908265625 0.26470781250000003 0.49098125000000004 0.26966875 0.6110921874999999 0.2572703125 0.609696875 0.25251718749999996
0 0.49423593749999994 0.30624375000000004 0.491290625 0.3068640625 0.4919109375 0.31058281249999997 0.582265625 0.301903125 0.5825750000000001 0.2973578125 0.55359375 0.3002515625 0.49423593749999994 0.30624375000000004
0 0.49175625 0.304590625 0.5827296875 0.29653125 0.5821109375 0.2923984375 0.5308109375 0.296325 0.49315156250000003 0.29963125 0.49175625 0.304590625
0 0.5760859375 0.20438125000000001 0.7136 0.18723125000000002 0.712834375 0.1829421875 0.5998218750000001 0.19580625000000002 0.5747078125 0.199684375 0.5760859375 0.20438125000000001
0 0.714825 0.1741625 0.5691953125 0.1919265625 0.5698078125 0.196621875 0.71605 0.1786546875 0.714825 0.1741625
0 0.8236968750000001 0.1673328125 0.7599703124999999 0.17551406249999998 0.7601109375 0.181090625 0.825090625 0.17309687499999998 0.8236968750000001 0.1673328125
0 0.8267640625 0.1585953125 0.7585765624999999 0.166403125 0.7594125 0.171609375 0.8287171875 0.164171875 0.8267640625 0.1585953125
0 0.7581578125 0.11769218749999999 0.8066984375 0.1110859375 0.8355484375 0.1070921875 0.8345734374999999 0.1031890625 0.7578796875 0.11285624999999999 0.7581578125 0.11769218749999999
0 0.7510453125 0.1082078125 0.847540625 0.0950078125 0.847959375 0.090175 0.7507671874999999 0.10411875 0.7502093750000001 0.10672187500000001 0.7510453125 0.1082078125
0 0.7331921875 0.065240625 0.788075 0.057160937499999995 0.7932546874999999 0.055984374999999996 0.79369375 0.0521640625 0.7323109375 0.0608328125 0.7331921875 0.065240625
0 0.73253125 0.058629687500000006 0.8201437500000001 0.0449640625 0.8193718750000001 0.0399671875 0.7324203125000001 0.05377968749999999 0.7324203125000001 0.05745312500000001 0.73253125 0.058629687500000006