0 0.3893109375 0.0033171875000000003 0.28700156250000003 0.0219546875 0.28789375 0.02750625 0.4136984375 0.004109375 0.3893109375 0.0033171875000000003
0 0.3759890625 0.03659375 0.2867375 0.0523625 0.2862921875 0.05920625 0.40521406249999997 0.0368921875 0.575690625 0.0065453125 0.5718984375 0.0020828125 0.3759890625 0.03659375
0 0.5510734375 0.0008890624999999999 0.51045 0.00546875 0.436621875 0.018359375 0.28628906249999997 0.043796875 0.2866265625 0.0493546875 0.3706625 0.0362375 0.558409375 0.0037796875 0.5510734375 0.0008890624999999999
0 0.6524390624999999 0.0477234375 0.7375015625 0.033582812499999996 0.7355140625 0.027396874999999998 0.6208453125 0.04654375 0.380684375 0.0866078125 0.324565625 0.09485625 0.327659375 0.10016093749999999 0.40652968749999996 0.0883765625 0.6524390624999999 0.0477234375
0 0.4330484375 0.07659218749999999 0.6866921875 0.034171875000000004 0.737065625 0.025334375 0.7339734375 0.0203265625 0.6592953125000001 0.0326984375 0.53335625 0.0542046875 0.3475453125 0.084840625 0.32274375 0.08949375000000001 0.323903125 0.0939734375 0.4330484375 0.07659218749999999
0 0.8981953125000001 0.00163125 0.8060796874999999 0.01428125 0.8063859375 0.022034375000000002 0.9015609375 0.0069359375 0.8981953125000001 0.00163125
0 0.8546203125 0.0006625 0.8084312499999999 0.006621875000000001 0.8089281250000001 0.0115890625 0.857228125 0.003971875 0.8546203125 0.0006625
0 0.8973859375 0.056653125000000006 0.798925 0.07381093749999999 0.80015 0.08034843750000001 0.898203125 0.0634625 0.8973859375 0.056653125000000006
0 0.8996328124999999 0.0463015625 0.79688125 0.0634625 0.7987203125 0.07081562500000001 0.90045 0.05311249999999999 0.8996328124999999 0.0463015625
0 0.7664640625 0.0766671875 0.5998921875 0.10512031250000001 0.41879999999999995 0.131596875 0.42440468750000004 0.1369578125 0.427021875 0.1369578125 0.5894484375 0.1133546875 0.767815625 0.0844609375 0.7664640625 0.0766671875
0 0.7412093750000001 0.0748875 0.6624921875 0.08519375 0.42863125 0.12106406249999999 0.4138859375 0.123825 0.4175171875 0.128996875 0.6454171875 0.0948515625 0.7455296875 0.078984375 0.7412093750000001 0.0748875
0 0.4943859375 0.1894328125 0.500471875 0.1884015625 0.625728125 0.1702546875 0.6249984375000001 0.1620109375 0.49428906250000004 0.1815140625 0.4943859375 0.1894328125
0 0.6191 0.1563484375 0.49169375000000004 0.1733359375 0.4924015625 0.179628125 0.6209890625 0.1620109375 0.6191 0.1563484375
0 0.708984375 0.1512609375 0.6698109375 0.157465625 0.6696187499999999 0.1631546875 0.71150625 0.15643281250000002 0.708984375 0.1512609375
0 0.7471875 0.13833125 0.667678125 0.14945 0.6667703125 0.155753125 0.6669031249999999 0.155396875 0.6667765625000001 0.155903125 0.7483500000000001 0.1435046875 0.7471875 0.13833125
0 0.652828125 0.22791875 0.4854859375 0.24581875000000003 0.48524687499999997 0.25285156249999996 0.6537875 0.23495 0.652828125 0.22791875
0 0.6543187500000001 0.218815625 0.5023546875 0.2353 0.501928125 0.2407 0.655171875 0.22563593750000002 0.6543187500000001 0.218815625
0 0.5963484375 0.2685484375 0.5055531249999999 0.279346875 0.506190625 0.28389375 0.5963484375 0.27480000000000004 0.5963484375 0.2685484375
0 0.5971984375 0.2620125 0.5051265625 0.2722421875 0.505765625 0.2770734375 0.5976265625 0.2682640625 0.5971984375 0.2620125
0 0.66426875 0.26204375 0.6331921875 0.266840625 0.6330484375000001 0.2722109375 0.6654203125 0.267415625 0.66426875 0.26204375
0 0.6648453125 0.25494531249999997 0.63348125 0.2591671875 0.6331921875 0.2639625 0.6658515625 0.2599328125 0.6648453125 0.25494531249999997