0 0.90604375 0.016825 0.9347375 0.012784375 0.93433125 0.007615624999999999 0.9052296875 0.011940625 0.90604375 0.016825
0 0.9345703125 0.0186203125 0.9056359374999999 0.0222515625 0.906134375 0.0279703125 0.9356546874999999 0.0234921875 0.9345703125 0.0186203125
0 0.5402359375 0.077203125 0.5038625 0.0846765625 0.5036421875 0.0854578125 0.5054953125 0.0904984375 0.688853125 0.0587609375 0.8561265625000001 0.027020312499999997 0.9019640624999999 0.019137499999999998 0.9014828125 0.012867187499999998 0.8081953125 0.0295953125 0.64735625 0.0587609375 0.5402359375 0.077203125
0 0.48766718750000004 0.10122187499999999 0.5230515625 0.096075 0.701059375 0.0658453125 0.8232250000000001 0.04475 0.901459375 0.029409374999999998 0.9009390625 0.02331875 0.8514875 0.0321671875 0.6874296875 0.0609046875 0.4851296875 0.095821875 0.484771875 0.1016515625 0.48766718750000004 0.10122187499999999
0 0.8161265625 0.10551875 0.884553125 0.094590625 0.8828625000000001 0.088759375 0.851053125 0.0931359375 0.724246875 0.112634375 0.6652171874999999 0.1226265625 0.577525 0.13660468750000002 0.5216031250000001 0.1449359375 0.48616562500000005 0.15035156249999998 0.48718125 0.1568390625 0.524665625 0.1517453125 0.631875 0.13498125 0.8161265625 0.10551875
0 0.5402875 0.1591296875 0.76124375 0.125478125 0.8258921875 0.1152 0.8837109375000001 0.10528124999999999 0.8828390625000001 0.0980140625 0.86543125 0.1009953125 0.8006437500000001 0.111871875 0.7957078125 0.112675 0.6829125 0.1298484375 0.58411875 0.145434375 0.4865734375 0.1606671875 0.487415625 0.1661234375 0.5402875 0.1591296875
0 0.9390328125 0.01006875 0.98695 0.0034734375 0.98485625 0.0010296875 0.9742578125 0.0010296875 0.9385125000000001 0.004860937500000001 0.9390328125 0.01006875
0 0.9393687500000001 0.0225234375 1 0.0107625 0.9994484375000001 0.005207812500000001 0.9775750000000001 0.0086796875 0.9385953125000001 0.016489062500000002 0.9393687500000001 0.0225234375
0 0.48934218749999997 0.206571875 0.5117828125 0.20383125 0.5113703125 0.19870625 0.4893078125 0.20103437500000002 0.48934218749999997 0.206571875
0 0.5114421874999999 0.20624375 0.48946249999999997 0.2099421875 0.48956875 0.215965625 0.5130046875 0.21145156250000002 0.5114421874999999 0.20624375
0 0.5492015625 0.19999375 0.688 0.1795078125 0.7043390625 0.17751875 0.7038578125 0.17158125 0.60466875 0.18541093749999998 0.535809375 0.19485468749999998 0.5359203124999999 0.20138281249999998 0.5492015625 0.19999375
0 0.5374828125 0.2020765625 0.5374828125 0.2090203125 0.678628125 0.18991249999999998 0.704925 0.1857578125 0.7051859375 0.1781203125 0.59841875 0.193396875 0.5374828125 0.2020765625
0 0.8532249999999999 0.1490578125 0.8087406250000001 0.1552546875 0.809975 0.1615703125 0.82119375 0.1597484375 0.8554671875000001 0.154225 0.8532249999999999 0.1490578125
0 0.8594625 0.1566734375 0.8190687499999999 0.1626578125 0.8207015625 0.16891406250000002 0.861784375 0.16288125 0.8594625 0.1566734375
0 0.9652828124999999 0.07865625000000001 0.9987953125000001 0.07425625 0.9979109375 0.069259375 0.9645234374999999 0.0737125 0.9652828124999999 0.07865625000000001
0 0.552596875 0 0.48877499999999996 0.0114859375 0.4890359375 0.0156609375 0.5561203124999999 0.0034812500000000004 0.552596875 0