0 0.853515625 0.06953125 0.8688484375 0.0662765625 0.8805671875 0.0639328125 0.899121875 0.0602859375 0.89873125 0.058073437500000005 0.8975593749999999 0.0555984375 0.8688484375 0.0608078125 0.7571296875 0.0809890625 0.5343421875 0.12044218749999999 0.5351109375 0.126515625 0.6487296875 0.106153125 0.853515625 0.06953125
0 0.563965625 0.0041671875 0.5632828125 0 0.53575625 0.0053578125 0.4587890625 0.0213546875 0.44031875 0.02545 0.44111406249999996 0.029296875 0.4473640625 0.0286453125 0.47246718750000005 0.024378125 0.563965625 0.0041671875
0 0.4609109375 0.0136625 0.43990625000000005 0.018703125 0.4355375 0.020082812499999998 0.43779375 0.0244796875 0.443653125 0.0229171875 0.49580156249999996 0.0118484375 0.5283203125 0.0053390625 0.5340828125 0.0040359375000000005 0.531934375 0.0001296875 0.522265625 0.0016921875 0.5165671875 0.002678125 0.4609109375 0.0136625
0 0.7390828125 0.0046906249999999995 0.6846687499999999 0.0154953125 0.6299828125 0.027195312500000002 0.54479375 0.043535937499999997 0.4875984375 0.055859375 0.4818359375 0.0572921875 0.484765625 0.061979687500000005 0.51244375 0.056128124999999994 0.6072796874999999 0.036839062500000005 0.7163796875 0.014335937500000001 0.77890625 0.0036453125 0.7801765625 0.0014328125 0.778125 0.0006515625 0.7728515625 0.00078125 0.765625 0.0009109375 0.7501953125 0.0029953125 0.7390828125 0.0046906249999999995
0 0.8228515625 0.000390625 0.8193531249999999 0.0010718750000000001 0.7767578125 0.008840625000000001 0.6740875 0.02946875 0.5539375 0.052775 0.4992875 0.0626875 0.4906625 0.0647859375 0.491646875 0.0688484375 0.4944609375 0.0699203125 0.5183703125 0.06590312499999999 0.5947203125 0.051435937499999994 0.6686625 0.0364328125 0.7532234375 0.01953125 0.8 0.009765625 0.8236328125 0.0040359375000000005 0.8228515625 0.000390625
0 0.536734375 0.128965625 0.5365234375 0.1346359375 0.63593125 0.118409375 0.7098125 0.10534687499999999 0.8114203124999999 0.08660625 0.862325 0.0771046875 0.8922859375 0.07109375 0.9013671875 0.0688796875 0.8994984374999999 0.0649390625 0.8911140625 0.06640625 0.8170921874999999 0.07914375 0.7454500000000001 0.092334375 0.6992296875 0.1007375 0.6481140625 0.109690625 0.5672765625 0.1232640625 0.536734375 0.128965625
0 0.9040062499999999 0.13237812499999999 0.9282765625 0.12723281250000001 0.9269999999999999 0.12258906249999998 0.8108453125 0.141746875 0.702721875 0.15988125 0.61431875 0.1740859375 0.5202484375 0.1888953125 0.51328125 0.1899734375 0.5130859375 0.194921875 0.516015625 0.1950515625 0.5211921875 0.194140625 0.6274625 0.1783171875 0.727428125 0.1622984375 0.7736703125 0.154440625 0.805859375 0.149609375 0.8532328124999999 0.14205 0.9040062499999999 0.13237812499999999
0 0.575946875 0.188409375 0.5324828125 0.1959515625 0.5130859375 0.19921875 0.5134765625 0.2046875 0.5289203125 0.202559375 0.58649375 0.1933765625 0.67265625 0.1805546875 0.7023328125 0.175215625 0.7579078124999999 0.164959375 0.7572421874999999 0.160046875 0.6929421875 0.1706796875 0.575946875 0.188409375
0 0.7852203125 0.1564875 0.7860375000000001 0.1615890625 0.8204125 0.1563796875 0.84775625 0.1516921875 0.8938499999999999 0.1440109375 0.9182640624999999 0.1399734375 0.9183625 0.134765625 0.8554718749999999 0.1453125 0.817840625 0.15106875 0.7852203125 0.1564875
0 0.7147718750000001 0.2091828125 0.7138140625 0.2048921875 0.65971875 0.2127453125 0.5943031249999999 0.22201718750000002 0.55938125 0.22728593749999998 0.5153203125 0.233684375 0.5152109375 0.2373203125 0.561259375 0.23246875 0.5877375 0.22830468750000002 0.6263453125 0.2229234375 0.65775625 0.21797968750000002 0.6936359375000001 0.2130203125 0.7085796875 0.2104171875 0.7147718750000001 0.2091828125
0 0.697890625 0.2201609375 0.711740625 0.21797968750000002 0.7112 0.2134171875 0.69898125 0.2149265625 0.6963640625 0.21536249999999998 0.6931609375 0.21595781249999998 0.6782812500000001 0.217871875 0.6607000000000001 0.22059687499999997 0.66091875 0.2256859375 0.697890625 0.2201609375
0 0.81699375 0.1939171875 0.840665625 0.190365625 0.8786890625 0.18425 0.91538125 0.17833125 0.9154249999999999 0.1741921875 0.9017703125000001 0.175965625 0.8482109375 0.1852359375 0.816253125 0.1897734375 0.81699375 0.1939171875
0 0.632715625 0.2243484375 0.561328125 0.23515625 0.5616218749999999 0.239453125 0.6333015625 0.229296875 0.632715625 0.2243484375