1 0.486328125 0.5638015625 0.48478750000000004 0.4926734375 0.4841515625 0.48378125 0.4794921875 0.484375 0.478515625 0.4856765625 0.4798640625 0.5140578125 0.48018124999999995 0.52781875 0.48046875 0.5638015625 0.4814453125 0.5651046875 0.4853515625 0.5651046875 0.486328125 0.5638015625
1 0.02890625 0.0783859375 0.0232421875 0.078125 0.02133125 0.1017140625 0.018782812500000003 0.15829218750000001 0.0231875 0.1586015625 0.0257390625 0.11810000000000001 0.02890625 0.0783859375
0 0.227984375 0.004121875 0.3327375 0.0139125 0.5321 0.026278125000000003 0.6145515625 0.029557812500000002 0.6145031249999999 0.025682812500000003 0.571778125 0.023559375 0.4724046875 0.01855 0.330496875 0.009270312499999999 0.3152890625 0.0079171875 0.227984375 0.00027499999999999996 0.227984375 0.004121875
0 0.28373593750000003 0 0.283571875 0.0034750000000000002 0.39219218749999996 0.0104265625 0.40971718749999997 0.012357812499999999 0.47894375 0.01699375 0.5856890625 0.0220140625 0.6140749999999999 0.023559375 0.613784375 0.019309375 0.5688890625 0.016800000000000002 0.48923281249999995 0.013323437499999998 0.4148625 0.0088828125 0.28373593750000003 0
0 0.265771875 0.048240624999999995 0.265534375 0.053340624999999996 0.3694515625 0.064390625 0.46235625 0.0731046875 0.5631046875 0.08096718750000001 0.6159734375 0.0841546875 0.6159734375 0.0790546875 0.57006875 0.0769296875 0.49372499999999997 0.0711921875 0.39555625 0.061629687499999995 0.29238906249999996 0.051428125000000005 0.265771875 0.048240624999999995
0 0.40204531250000003 0.0595046875 0.5308578125000001 0.07182968749999999 0.61524375 0.077565625 0.61524375 0.0726796875 0.5350296875 0.0665015625 0.4110046875 0.056315625 0.309834375 0.046114062500000004 0.263278125 0.041440624999999995 0.263221875 0.045478125 0.40204531250000003 0.0595046875
0 0.5959140625 0.13777343749999998 0.5955375 0.1327453125 0.5045671875 0.1289125 0.452246875 0.1266921875 0.3747515625 0.1226890625 0.299328125 0.118415625 0.2998078125 0.12319218750000001 0.4571296875 0.1321609375 0.5959140625 0.13777343749999998
0 0.59513125 0.1304484375 0.5954546875 0.12550624999999999 0.5274359375000001 0.1227125 0.42761875 0.1181984375 0.2959546875 0.1108921875 0.29579374999999997 0.11540468749999999 0.299965625 0.11545000000000001 0.43760468750000003 0.123571875 0.59513125 0.1304484375
0 0.4926875 0.1908546875 0.3287953125 0.177753125 0.32874375 0.18294375000000002 0.46317031249999996 0.193575 0.5974484375 0.20049687500000002 0.5976343749999999 0.196046875 0.4926875 0.1908546875
0 0.49120937500000006 0.18516875 0.32763125 0.171325 0.32768281250000003 0.1765171875 0.45617656249999994 0.187146875 0.598009375 0.195553125 0.598009375 0.1915984375 0.49120937500000006 0.18516875
0 0.4947078125 0.23214218749999999 0.3475078125 0.22348906249999997 0.3475078125 0.2281859375 0.4785609375 0.23659218750000002 0.600209375 0.240546875 0.6001609375 0.2360515625 0.4947078125 0.23214218749999999
0 0.462203125 0.22840937499999997 0.5632546875 0.2327515625 0.599628125 0.2339671875 0.599209375 0.2299875 0.5748765625 0.22892968749999998 0.5088296875 0.22684687499999998 0.39430624999999997 0.220071875 0.347684375 0.2172921875 0.34769375 0.2214609375 0.462203125 0.22840937499999997
0 0.089175 0.06457500000000001 0.09870625 0.06949531249999999 0.0994890625 0.0650125 0.09120937500000001 0.06010625000000001 0.07410781250000001 0.048584375 0.059040625 0.031570312499999996 0.053965624999999996 0.024190625 0.0504296875 0.025214062500000002 0.053042187500000004 0.0309546875 0.07256875 0.053095312500000005 0.089175 0.06457500000000001
0 0.047049999999999995 0.0168234375 0.0114328125 0.0168234375 0.0115234375 0.0208328125 0.0474609375 0.0212234375 0.047049999999999995 0.0168234375
0 0.046778125 0.008984375 0.01123125 0.0092453125 0.01123125 0.0138015625 0.0466796875 0.0130203125 0.046778125 0.008984375
0 0.10829531249999999 0.014976562500000002 0.1078078125 0.01074375 0.055918749999999996 0.0125359375 0.0553078125 0.010907812499999999 0.053476562500000005 0.0096046875 0.05066875 0.008139062499999999 0.049446875 0.008465625000000001 0.0477375 0.010418750000000001 0.047128125 0.011884374999999999 0.0481046875 0.013837499999999999 0.052621875 0.0135125 0.052865625000000006 0.016115625 0.0479828125 0.0167671875 0.0477375 0.021325 0.054453125000000005 0.020999999999999998 0.0553078125 0.019860937500000002 0.0556734375 0.0183953125 0.058848437499999996 0.0182328125 0.059459375 0.020675 0.0861328125 0.0196609375 0.08644062500000001 0.0182328125 0.10365625 0.01774375 0.10341249999999999 0.015465625 0.10829531249999999 0.014976562500000002
0 0.057810937500000006 0.1006953125 0.027346875 0.09880625 0.027346875 0.10201875 0.057528125 0.1039078125 0.057810937500000006 0.1006953125
0 0.06276875 0.094271875 0.028621875 0.0935171875 0.028196875 0.095971875 0.0629109375 0.0969171875 0.06276875 0.094271875
0 0.0216625 0.0984484375 0.010596875 0.09798124999999999 0.010596875 0.1013984375 0.0216625 0.10186406249999999 0.0216625 0.0984484375
0 0.022128125000000002 0.091615625 0.01083125 0.09130468750000001 0.010596875 0.0942546875 0.022128125000000002 0.094721875 0.022128125000000002 0.091615625
0 0.011064062500000001 0.12717499999999998 0.0197984375 0.1270203125 0.0202640625 0.12267187500000001 0.0106453125 0.1227859375 0.010546875 0.1272140625 0.011064062500000001 0.12717499999999998
0 0.020801562500000002 0.1131515625 0.010546875 0.11262968749999999 0.0102484375 0.1172375 0.02038125 0.11754687500000001 0.020801562500000002 0.1131515625
0 0.028399999999999998 0.1962296875 0.055825 0.1966984375 0.056225000000000004 0.19408281249999998 0.0557640625 0.1931625 0.026445312500000002 0.19285625 0.024490625 0.19224375 0.0229953125 0.1914765625 0.0193171875 0.191784375 0.0196609375 0.1937765625 0.028399999999999998 0.1962296875
0 0.025653125 0.1839875 0.0228015625 0.1867390625 0.0240796875 0.189621875 0.024471875 0.1905390625 0.0315484375 0.1862140625 0.0360703125 0.17953125 0.0452109375 0.1664265625 0.053760937499999994 0.1520109375 0.050420312499999995 0.150440625 0.04296875 0.1618484375 0.0417 0.1645828125 0.03331875 0.1763875 0.030762499999999998 0.17979375 0.025653125 0.1839875
0 0.0865875 0.1847734375 0.091796875 0.18671875 0.0917 0.181759375 0.087865625 0.179925 0.0795125 0.1728484375 0.068209375 0.161709375 0.0581828125 0.1483421875 0.054349999999999996 0.149784375 0.06693125 0.16668906249999998 0.07548125 0.17573125 0.0865875 0.1847734375
0 0.0484375 0.1360671875 0.025 0.1361984375 0.024609375 0.1390625 0.048290625 0.13889374999999998 0.0484375 0.1360671875
0 0.04873125 0.1430984375 0.024707812500000002 0.1430984375 0.0244140625 0.1463546875 0.049121874999999995 0.1466140625 0.04873125 0.1430984375