0 0.35905 0.5617296875 0.3592640625 0.5686796875 0.4171484375 0.5707921875 0.41668593749999994 0.563596875 0.35905 0.5617296875
0 0.657934375 0.6023421875 0.811975 0.596228125 0.8223734374999999 0.5956265625 0.8226546875 0.5931015625 0.8225890625 0.58906875 0.6585921875 0.59570625 0.657934375 0.6023421875
0 0.0396 0.53876875 0.08716718749999999 0.5437140625 0.087990625 0.5382140625 0.0400890625 0.532575 0.0396 0.53876875
0 0.0849671875 0.5459140625 0.07039375 0.5448140625 0.07066249999999999 0.5502625 0.085428125 0.5521671875 0.0849671875 0.5459140625
0 0.1748140625 0.5481828125 0.1369359375 0.54518125 0.1253875 0.54408125 0.125021875 0.5490046875 0.15261093750000002 0.5528796875 0.2689234375 0.563878125 0.3274296875 0.5668875 0.35257031250000004 0.568278125 0.35654375 0.5679171875 0.356640625 0.5613125 0.3025375 0.5585625000000001 0.1748140625 0.5481828125
0 0.12332499999999999 0.5596921874999999 0.15328124999999998 0.564040625 0.22862343749999997 0.5768718749999999 0.3339046875 0.5888796875 0.3550234375 0.5897015624999999 0.35533125 0.5847687500000001 0.310840625 0.5805374999999999 0.2346734375 0.5717390625000001 0.15230625 0.558459375 0.123584375 0.5541406249999999 0.12332499999999999 0.5596921874999999
0 0.379996875 0.5868234375 0.359803125 0.585796875 0.36000624999999997 0.5909718749999999 0.381384375 0.5919625 0.379996875 0.5868234375
0 0.38824375 0.5924578125 0.4185359375 0.5938125000000001 0.4170359375 0.5889890624999999 0.3849 0.587503125 0.38824375 0.5924578125
0 0.87068125 0.5538375 0.8375578125 0.5554140624999999 0.8360593749999999 0.5613718750000001 0.8704171875 0.559190625 0.87068125 0.5538375
0 0.8726 0.5856109375 0.82798125 0.5874343750000001 0.827878125 0.5940953125 0.8598734374999999 0.592640625 0.873046875 0.5918890625000001 0.8726 0.5856109375
0 0.87763125 0.5914953125 0.8920515625000001 0.5904578125 0.928771875 0.5873078125 0.9480187499999999 0.586565625 0.9481671875 0.5838062500000001 0.9484625 0.5802562499999999 0.8972984374999999 0.5834109375 0.8774828125 0.5849875 0.87763125 0.5914953125
0 0.6476796874999999 0.5716375 0.7675015625 0.5666 0.83065 0.5630015625 0.8319093750000001 0.5560453125 0.6480406249999999 0.5634812499999999 0.6476796874999999 0.5716375
0 0.944321875 0.5469359375 0.8752656249999999 0.552653125 0.8754125 0.558371875 0.9450609375000001 0.5536390625000001 0.944321875 0.5469359375
1 0.9156703125 0.5914390625 0.9091796875 0.5911453125 0.9036828124999999 0.5974875 0.90625 0.6080734375 0.9111328125 0.6276046875 0.9482421875 0.6276046875 0.953125 0.6341140625 0.9609375 0.7799484375 0.9639796875 0.8227968750000001 0.96649375 0.8708343749999999 0.9757093749999999 0.8702765625 0.970703125 0.7669265625 0.96484375 0.66015625 0.9609375 0.6419265625 0.962890625 0.6236984375 0.9580078125 0.6145828125 0.9501953125 0.6197921875 0.9228515625 0.6223953125 0.916015625 0.6158859375 0.91796875 0.6002609375 0.9156703125 0.5914390625