1 0.6401375 0.07161406249999999 0.6350359375 0.07155 0.6356734375 0.173359375 0.61328125 0.1881515625 0.615234375 0.2141921875 0.6318359375 0.248046875 0.6318359375 0.263671875 0.6274421875 0.2708328125 0.603984375 0.27635312500000003 0.5986328125 0.283203125 0.6176765625 0.2994796875 0.63671875 0.3001296875 0.6469734375 0.29296875 0.6586921875 0.29296875 0.6689453125 0.2845046875 0.66796875 0.267578125 0.6586390625 0.2458546875 0.657590625 0.198825 0.65619375 0.1748453125 0.6484375 0.169921875 0.648046875 0.0841140625 0.6401375 0.07161406249999999
1 0.7652765625 0.291803125 0.7792953125000001 0.29614375000000004 0.781775 0.29763125 0.7890625 0.3040359375 0.7933390625000001 0.3254578125 0.7939453125 0.3626296875 0.7826421875 0.365034375 0.7822265625 0.3678390625 0.7939328125 0.3710109375 0.798828125 0.4811203125 0.791015625 0.4928390625 0.798828125 0.533203125 0.7978515625 0.548828125 0.818359375 0.5514328125 0.8166890625000001 0.493859375 0.81519375 0.4826140625 0.8078875 0.48274375 0.805528125 0.4167375 0.8023999999999999 0.344003125 0.7992453125 0.3176609375 0.7967546875 0.306815625 0.784009375 0.28985625000000004 0.7648546875 0.2859734375 0.7652765625 0.291803125
1 0.8479671874999999 0.484509375 0.8514703125 0.5946765625 0.8443250000000001 0.59825 0.8448609375 0.610634375 0.851571875 0.623121875 0.8528984375 0.6473093750000001 0.8681640625 0.6477859375 0.86470625 0.6046734375 0.8648421875000001 0.59633125 0.858721875 0.594153125 0.852184375 0.4675015625 0.8442390625 0.4466140625 0.8246765625 0.4415453125 0.8246765625 0.44637031250000003 0.8403328125 0.4518234375 0.8472890625 0.46822968749999994 0.8479671874999999 0.484509375
1 0.4951171875 0.4016921875 0.49519843750000003 0.372434375 0.495071875 0.367865625 0.48682968750000005 0.3631984375 0.48656875 0.3979859375 0.4951171875 0.4016921875
0 0.8368171875 0.5072921874999999 0.8480890625 0.506378125 0.8483203125 0.5014406250000001 0.81811875 0.5031359375 0.81811875 0.508075 0.8368171875 0.5072921874999999
0 0.849609375 0.5358078125 0.8491312499999999 0.5299828125 0.8402203125 0.5248921875 0.8197390625000001 0.5137828125 0.8198546875 0.5196453125 0.849609375 0.5358078125
0 0.091915625 0.0824578125 0.20425468750000003 0.174184375 0.3523375 0.2912703125 0.453571875 0.36414375 0.454078125 0.35900468750000003 0.354325 0.28652500000000003 0.34978750000000003 0.2831203125 0.29347500000000004 0.23924375000000003 0.21036875 0.17312031249999998 0.0933328125 0.076784375 0.091915625 0.0824578125
0 0.4726078125 0.353653125 0.4501453125 0.35500625 0.45395312499999996 0.358390625 0.47489218749999995 0.35771406250000004 0.4726078125 0.353653125
0 0.4540796875 0.3643125 0.4769234375 0.3634671875 0.476415625 0.35940625000000004 0.4540796875 0.3602515625 0.4540796875 0.3643125
0 0.48479218749999997 0.38241875 0.471340625 0.37108281249999997 0.46689687500000004 0.3717578125 0.48453749999999995 0.3864796875 0.48479218749999997 0.38241875
0 0.4775578125 0.3665125 0.459409375 0.3656671875 0.46055156249999996 0.36905 0.477303125 0.3700671875 0.4775578125 0.3665125
0 0.5197265625 0.3936203125 0.503065625 0.4071234375 0.5047171875 0.4103390625 0.5219750000000001 0.39697187500000003 0.5197265625 0.3936203125
0 0.662403125 0.1092453125 0.6486328125 0.1141921875 0.6494203125 0.1185265625 0.6638078125 0.1130859375 0.662403125 0.1092453125
0 0.5655218750000001 0.043890625 0.5502484375 0.0152734375 0.5420843750000001 0.0003515625 0.537871875 0.0015796875 0.55815 0.038271875 0.57631875 0.0737359375 0.584746875 0.08813125000000001 0.5888265625 0.094396875 0.5897765625 0.0931203125 0.5908296875 0.091725 0.5890921875 0.08813125000000001 0.5655218750000001 0.043890625
0 0.5851421875 0.004915625 0.5499859375 0.011059375 0.5510390625 0.0163265625 0.5867218750000001 0.010884375 0.5851421875 0.004915625
0 0.6148984375000001 0.047049999999999995 0.614371875 0.0424859375 0.5885640624999999 0.029493750000000003 0.5628890625 0.017379687499999998 0.5617046875 0.014746875000000001 0.555646875 0.015801562499999998 0.5589390625 0.0203640625 0.583034375 0.03318125 0.6016 0.040904687499999995 0.6148984375000001 0.047049999999999995
0 0.592646875 0.0319515625 0.5978296875 0.024281249999999997 0.5992296875 0.0222953125 0.5963328125 0.0200140625 0.590671875 0.0289671875 0.592646875 0.0319515625
1 0.8960296874999999 0.58229375 0.891009375 0.5735921875 0.8837890625 0.5677078125 0.8759765625 0.5677078125 0.875 0.5716140625 0.8837890625 0.5755203125 0.890625 0.5846359375 0.892578125 0.5924484375 0.8931531250000001 0.636290625 0.89453125 0.64453125 0.896484375 0.7122390625 0.8971953125000001 0.7216140625 0.9013671875 0.7213546875 0.9066625 0.7209 0.90625 0.70703125 0.900390625 0.6809890625 0.900390625 0.6393234375 0.8996109375 0.6356640625 0.8983187499999999 0.633628125 0.8984375 0.6315109375 0.8984375 0.6106765625 0.8985046875 0.6085640625 0.8984375 0.6028640625 0.8960296874999999 0.58229375
0 0.7892109375 0.3458484375 0.73233125 0.27415625 0.687421875 0.2149953125 0.66761875 0.1879640625 0.666440625 0.193621875 0.7140609375 0.2574296875 0.772271875 0.3319171875 0.7880828125 0.34826875 0.7892109375 0.3458484375
0 0.78269375 0.3314171875 0.787115625 0.34383125 0.790259375 0.3411921875 0.7866515625 0.3292453125 0.7714078125 0.2938703125 0.7681484375000001 0.2951109375 0.78269375 0.3314171875
0 0.7673921874999999 0.284846875 0.7451125000000001 0.2320125 0.7335484375 0.2006140625 0.72931875 0.201365625 0.7501859375000001 0.2541578125 0.764571875 0.287103125 0.76541875 0.28635 0.7673921874999999 0.284846875
0 0.7666671875 0.2475546875 0.7628046875 0.2481109375 0.77449375 0.276915625 0.7788765625 0.2877703125 0.7822171875 0.287490625 0.7814859375000001 0.28456875 0.7666671875 0.2475546875
0 0.7903859375 0.39973593749999997 0.7801859375 0.3933609375 0.7492640625 0.375509375 0.744325 0.376784375 0.7876765625 0.4048359375 0.7954859375 0.4065359375 0.795009375 0.39994843750000003 0.7903859375 0.39973593749999997
0 0.7430484374999999 0.375721875 0.7653625 0.372746875 0.7658406249999999 0.378271875 0.759465625 0.380396875 0.7629718750000001 0.383584375 0.7897484375 0.369984375 0.7900671874999999 0.3655203125 0.7411359375 0.371471875 0.7430484374999999 0.375721875
0 0.809671875 0.3578703125 0.819553125 0.387621875 0.8364484375 0.43671249999999995 0.8394765625 0.4441515625 0.8445765625 0.4456375 0.8353328125000001 0.42205000000000004 0.813496875 0.3576578125 0.809671875 0.3578703125
0 0.8080359375 0.388025 0.8053578124999999 0.388025 0.8053578124999999 0.3931828125 0.8241046875 0.44337031250000003 0.82693125 0.4403953125 0.8241109375000001 0.4318984375 0.8080359375 0.388025
0 0.8351921875 0.4634046875 0.831934375 0.44947968749999995 0.8281812499999999 0.4489328125 0.829296875 0.45598906250000004 0.8333812500000001 0.46747500000000003 0.8434437499999999 0.48978593750000005 0.8449140625 0.484509375 0.8351921875 0.4634046875
0 0.8090828125 0.45690156249999997 0.8122078125 0.48137968750000004 0.8151375 0.48151093749999996 0.810840625 0.44153593750000003 0.8086921874999999 0.42682343749999996 0.806153125 0.42760468749999997 0.8090828125 0.45690156249999997
0 0.8892796875 0.5995046875 0.8882218749999999 0.5974703124999999 0.886228125 0.5927749999999999 0.8794171875 0.573521875 0.8762484374999999 0.573990625 0.883996875 0.59621875 0.8866968749999999 0.6010703125 0.8892796875 0.5995046875
0 0.8587562500000001 0.521240625 0.85605625 0.523903125 0.86685625 0.554425 0.87343125 0.570390625 0.8754265625000001 0.5671046875 0.8754265625000001 0.5663218750000001 0.8587562500000001 0.521240625
0 0.8851703125 0.5692953125 0.887753125 0.5685125 0.8854046875 0.562878125 0.881296875 0.5495734375 0.8648609374999999 0.4977609375 0.8611046874999999 0.4988578125 0.8714359375 0.5323546875 0.8800046874999999 0.5569296875 0.8822359375 0.563503125 0.8851703125 0.5692953125
0 0.5730593749999999 0.0509296875 0.5709703125 0.0530515625 0.5707718749999999 0.05345 0.5934515625000001 0.0884640625 0.5981265625 0.09668750000000001 0.6066812500000001 0.10663437499999999 0.6112562500000001 0.10623750000000001 0.6093671875 0.1041140625 0.633140625 0.104246875 0.633140625 0.100003125 0.6086703124999999 0.099340625 0.6035984375 0.09575937500000001 0.5730593749999999 0.0509296875
0 0.64873125 0.1247390625 0.6493171875 0.1286453125 0.658203125 0.126953125 0.6693359375 0.12044218749999999 0.6672859375 0.1171875 0.6564453125 0.1233078125 0.64873125 0.1247390625