1 0.4150390625 0.072265625 0.4365234375 0.0514328125 0.43505937499999997 0.0442703125 0.41357499999999997 0.0572921875 0.40234375 0.07747343749999999 0.3974609375 0.126953125 0.404296875 0.1360671875 0.4072265625 0.091796875 0.4150390625 0.072265625
1 0.8227546875 0.06640625 0.8051765625 0.0559890625 0.788575 0.0559890625 0.788575 0.06510468750000001 0.8168953125 0.07552031249999999 0.826171875 0.091796875 0.8271484375 0.162109375 0.837890625 0.294921875 0.8326484375 0.3510640625 0.8381515625 0.386621875 0.83984375 0.4095046875 0.8583984375 0.4173171875 0.8671875 0.4095046875 0.8671875 0.392578125 0.8623046875 0.330078125 0.8588875 0.3216140625 0.849609375 0.3157546875 0.839421875 0.154084375 0.841796875 0.1256515625 0.8369140625 0.11783906250000001 0.8330078125 0.08528593749999999 0.8227546875 0.06640625
1 0.87109375 0.345703125 0.8740234375 0.3639328125 0.8783265625000001 0.48373906250000004 0.87890625 0.513671875 0.884765625 0.5774734375 0.900390625 0.580078125 0.9033203125 0.5631515625 0.8984375 0.5162765625 0.890625 0.5110671875 0.888671875 0.4967453125 0.8867671874999999 0.4654515625 0.8792125000000001 0.36686718749999997 0.87890625 0.3483078125 0.8657234375 0.328125 0.8642578125 0.3352859375 0.87109375 0.345703125
1 0.900390625 0.5227859375 0.9033203125 0.5358078125 0.9033203125 0.5970046875 0.9130859375 0.6803390625 0.91748125 0.6888015625 0.9267578125 0.6907546875 0.9326171875 0.6764328125 0.9298859374999999 0.657115625 0.9248046875 0.630859375 0.921875 0.5970046875 0.9132281250000001 0.586609375 0.9124359375 0.5531203125 0.9091796875 0.5201828125 0.8930671875 0.5065109375 0.8935546875 0.5188796875 0.900390625 0.5227859375
0 0.3596390625 0 0.37870781249999996 0.0240875 0.41115781250000005 0.061557812499999996 0.4151734375 0.057987500000000004 0.3767 0.013828125 0.3656609375 0 0.3596390625 0
0 0.33354374999999997 0.0008921875 0.3552890625 0.0281015625 0.3984453125 0.07806093750000001 0.401121875 0.08073749999999999 0.402459375 0.07315468750000001 0.3867359375 0.0539734375 0.338896875 0 0.33354374999999997 0.0008921875
0 0.377034375 0.095903125 0.3823875 0.10125625 0.394096875 0.0887671875 0.39978437499999997 0.0918890625 0.402459375 0.0856453125 0.3606421875 0.0396984375 0.32551406250000003 0.0008921875 0.31982656249999997 0.0008921875 0.32919375 0.013828125 0.3619796875 0.05174375 0.3910859375 0.081184375 0.377034375 0.095903125
0 0.644003125 0.3867375 0.6169046875 0.351496875 0.509503125 0.212128125 0.48074374999999997 0.176640625 0.47505625 0.17797968749999998 0.4884390625 0.198496875 0.6145640625000001 0.36755625 0.637646875 0.39655 0.644003125 0.3867375
0 0.48751718750000006 0.15023906250000002 0.4906125 0.14308437499999999 0.430721875 0.15514531250000002 0.43536562500000003 0.1613375 0.47887812500000004 0.1525359375 0.45003281250000005 0.17698125 0.4512546875 0.18121875 0.4695890625 0.1792625 0.5084578125 0.1691609375 0.5082125 0.16361874999999998 0.4647 0.1720921875 0.48751718750000006 0.15023906250000002
0 0.562484375 0.25732187500000003 0.5661484375 0.2552859375 0.539990625 0.21674687499999998 0.5077234374999999 0.1691609375 0.4859671875 0.179590625 0.4874328125 0.1857828125 0.5084578125 0.1805671875 0.5339328125 0.21518125000000002 0.5341234375 0.2486875 0.5360796875 0.25096875 0.5386656249999999 0.2225109375 0.562484375 0.25732187500000003
0 0.49525625 0.1479734375 0.474721875 0.12352812500000002 0.422409375 0.0668171875 0.422409375 0.0749640625 0.4277875 0.084090625 0.4529671875 0.11146875 0.48645625 0.1440625 0.498434375 0.1639453125 0.5028343750000001 0.1613375 0.49525625 0.1479734375
0 0.40676562499999996 0.12287812499999999 0.40774375 0.1313515625 0.422165625 0.1179890625 0.4512546875 0.1499296875 0.45697968749999995 0.1473890625 0.4560640625 0.14596562500000002 0.444165625 0.12874375 0.4123875 0.08115781250000001 0.41116562500000003 0.08735000000000001 0.43365468749999997 0.118965625 0.4321890625 0.12026875 0.40847656250000003 0.09419531249999999 0.40774375 0.1020171875 0.41874374999999997 0.1140765625 0.40676562499999996 0.12287812499999999
0 0.419878125 0.06718125 0.41678750000000003 0.087675 0.4219203125 0.09386875 0.42436562499999997 0.0951734375 0.424121875 0.0922390625 0.422409375 0.069425 0.420946875 0.0679953125 0.419878125 0.06718125
0 0.4374359375 0.11644687499999999 0.437590625 0.095275 0.43331406250000004 0.089778125 0.43499375 0.099346875 0.433771875 0.10321406250000001 0.431025 0.1060640625 0.43163437499999996 0.10911718749999999 0.43423125 0.10850625 0.434078125 0.12906718749999999 0.43636875 0.13049375000000002 0.4374359375 0.11644687499999999
0 0.466140625 0.16204687499999998 0.4627828125 0.15614375 0.4571328125 0.1585875 0.46339218750000005 0.16571249999999998 0.466140625 0.16204687499999998
0 0.4699578125 0.1665265625 0.46644687500000004 0.1714109375 0.47392812500000003 0.16957968750000002 0.47163750000000004 0.167340625 0.4699578125 0.1665265625
0 0.8228375 0.122034375 0.8109125 0.071153125 0.8046515624999999 0.0691671875 0.8127015625 0.10454375 0.799584375 0.0779109375 0.7933234375 0.06598593750000001 0.7897453125 0.067178125 0.8201546875 0.1275984375 0.8228375 0.122034375
0 0.7647015625 0.000396875 0.759634375 0.0007953125 0.7655968750000001 0.014309375 0.784378125 0.056843750000000005 0.7888499999999999 0.054856249999999995 0.7748390625 0.0218625 0.7647015625 0.000396875
0 0.7951109375 0 0.7897453125 0.000396875 0.7966031250000001 0.030607812499999998 0.8013718750000001 0.055253125 0.8076328125 0.057637499999999994 0.8007765625 0.026632812500000002 0.7951109375 0
0 0.8180671875 0 0.839234375 0.09460625 0.84579375 0.12362500000000001 0.8493703125 0.1228296875 0.830290625 0.02901875 0.8240296875 0 0.8180671875 0
0 0.8535453125 0.1224328125 0.8505796875 0.12944687500000002 0.84918125 0.141346875 0.861978125 0.22306875 0.8818718750000001 0.34051875 0.8863875 0.3701984375 0.8910109374999999 0.3696234375 0.8660671875 0.2241828125 0.8559296875 0.1470765625 0.8535453125 0.1224328125
0 0.91145625 0.508315625 0.8965781249999999 0.4094078125 0.8920328124999999 0.3757953125 0.8885203125000001 0.3757953125 0.8885203125000001 0.3848875 0.893065625 0.420703125 0.9056703125000001 0.5036328125 0.9116625 0.54 0.9162078125 0.5397234375 0.91145625 0.508315625
0 0.8002578124999999 0.16454531249999998 0.80279375 0.17440781249999998 0.8042718750000001 0.175253125 0.8137828125000001 0.1684890625 0.8275171875 0.1659546875 0.8251937500000001 0.158346875 0.8002578124999999 0.16454531249999998
0 0.8171625 0.21300781249999998 0.8275171875 0.2155421875 0.8302640625000001 0.2155421875 0.8311109374999999 0.2048375 0.8252171875000001 0.20816249999999997 0.82054375 0.2056828125 0.8120921875 0.2056828125 0.8118796875 0.2056828125 0.812409375 0.21316875 0.8171625 0.21300781249999998
0 0.645465625 0.3978375 0.67673125 0.4371078125 0.6801296875 0.434690625 0.660075 0.40754062500000005 0.6475046875 0.39149375000000003 0.645465625 0.3978375
0 0.9272421874999999 0.6384328125 0.9272421874999999 0.642309375 0.9298859374999999 0.6430140625 0.9507734375 0.6433671875 0.95183125 0.6363171875 0.9510375 0.6359640625 0.9272421874999999 0.6384328125