1 0.86561875 0.091028125 0.864840625 0.072371875 0.8820703125 0.06598125 0.8810343749999999 0.0606265625 0.8752046874999999 0.061490625 0.8630718749999999 0.062439062499999996 0.8607984375 0.0533453125 0.857009375 0.023440625 0.8507953125000001 0.0121234375 0.8450374999999999 0.002425 0.8364265625 0.0013015625 0.833984375 0.005859375 0.8432625 0.01171875 0.853515625 0.0319015625 0.8525390625 0.10481718749999999 0.857421875 0.12044218749999999 0.857421875 0.1608078125 0.8642578125 0.2259109375 0.86328125 0.263671875 0.8740234375 0.3509109375 0.873046875 0.3626296875 0.8676765625 0.3697921875 0.8388671875 0.376953125 0.8369140625 0.3834640625 0.8403328125 0.3880203125 0.849609375 0.3873703125 0.8667 0.3815109375 0.895996875 0.3815109375 0.90234375 0.3717453125 0.90234375 0.3561203125 0.8974609375 0.3483078125 0.8920453125 0.2896609375 0.8901015624999999 0.275325 0.8785718749999999 0.2763625 0.8780546875 0.2653078125 0.86561875 0.091028125
1 0.8956734375 0.38949687499999996 0.8970984375000001 0.4409703125 0.889065625 0.4426984375 0.8882875 0.4572078125 0.9000765625 0.45755156250000006 0.9015015625 0.5015968749999999 0.9016046875000001 0.5102249999999999 0.902415625 0.5261015625 0.9080734375 0.5709640625 0.9256515625 0.5748703125 0.92858125 0.5709640625 0.9255984375 0.53976875 0.9206749999999999 0.5200796875 0.9188609375000001 0.5015968749999999 0.9106984375 0.5024609375 0.9059062499999999 0.4209328125 0.9046109375 0.3998625 0.9041671875 0.3860671875 0.8960609375 0.383625 0.8956734375 0.38949687499999996
1 0.92150625 0.5859484375 0.923175 0.6304796875 0.92578125 0.654296875 0.9287421874999999 0.6954203125 0.9421015625000001 0.69208125 0.9404296875 0.6647140625 0.9404296875 0.6529953125 0.9367390625 0.6458234375 0.931525 0.6130375 0.928446875 0.5789796875000001 0.92735 0.5733328125 0.9221 0.572934375 0.921840625 0.5789796875000001 0.92150625 0.5859484375
0 0.38837968749999996 0.001171875 0.3856671875 0.0068484375 0.3785546875 0 0.3757890625 0.00158125 0.38252031249999996 0.0106765625 0.3807625 0.026171875 0.3810546875 0.0354171875 0.384375 0.037239062499999996 0.384765625 0.030989062499999998 0.38606250000000003 0.021601562499999998 0.39111406249999997 0.011457812500000001 0.394140625 0.005207812500000001 0.3962890625 0.00078125 0.38837968749999996 0.001171875
0 0.644434375 0.365234375 0.6482421875 0.3700515625 0.651209375 0.36716875 0.6387703124999999 0.3513015625 0.621484375 0.3268234375 0.5611140625 0.24071875 0.49393906249999997 0.1464109375 0.47628281250000004 0.121190625 0.445334375 0.083771875 0.40625 0.033073437500000004 0.3916015625 0.014453125 0.38837968749999996 0.019140625 0.4196515625 0.060521875 0.4494140625 0.0958328125 0.466184375 0.1173421875 0.474084375 0.1259265625 0.50935 0.17696875 0.5595343749999999 0.248621875 0.6236328125 0.3368484375 0.644434375 0.365234375
0 0.39801406250000004 0 0.398046875 0.0227859375 0.40107499999999996 0.0233078125 0.40053906250000004 0.0007218750000000001 0.39801406250000004 0
0 0.4140625 0.0315109375 0.4165453125 0.028915625 0.41669999999999996 0.0321609375 0.416796875 0.0364578125 0.4158203125 0.0393234375 0.4142578125 0.0419265625 0.417578125 0.0462234375 0.4191640625 0.043103125 0.420425 0.03829375 0.42096718749999995 0.030839062499999997 0.419884375 0.02098125 0.4179015625 0.005590625 0.4267578125 0.0197921875 0.4732421875 0.073828125 0.4795453125 0.08273125 0.4995640625 0.11591562500000001 0.530146875 0.1659828125 0.5309437499999999 0.168559375 0.5293203125 0.1942890625 0.5323249999999999 0.197265625 0.5338875 0.1723953125 0.5731437500000001 0.23275625 0.6081296875 0.287340625 0.630853125 0.321965625 0.6292 0.334375 0.628809375 0.3376296875 0.6322265625 0.3415359375 0.633559375 0.3253328125 0.6579046875000001 0.3594765625 0.6604296875 0.356590625 0.633196875 0.31907968750000004 0.5919 0.253434375 0.55961875 0.2022140625 0.5251234375 0.1488921875 0.4921703125 0.09713125 0.480971875 0.07790781249999999 0.476171875 0.0708328125 0.458609375 0.05025468749999999 0.4333609375 0.018515625 0.4182125 0.000240625 0.41213125 0.0000609375 0.41455156249999997 0.0111984375 0.41552812499999997 0.0182296875 0.41572343749999996 0.0220046875 0.41474687499999996 0.024609375 0.40618906250000003 0.0316765625 0.409278125 0.035676562499999995 0.412403125 0.03359375 0.4140625 0.0315109375
0 0.5079546875000001 0.08435781249999999 0.49189999999999995 0.07953750000000001 0.497003125 0.0774109375 0.496875 0.0723953125 0.48046875 0.07578125 0.4839234375 0.0825140625 0.49140625 0.084765625 0.51008125 0.0901703125 0.5079546875000001 0.08435781249999999
0 0.65149375 0.37370312499999997 0.6546171875 0.3693078125 0.65965 0.364909375 0.66555 0.3612078125 0.6634671875 0.355190625 0.655484375 0.3612078125 0.649584375 0.36884375 0.6469796875 0.3755546875 0.649584375 0.37786875000000003 0.65149375 0.37370312499999997
0 0.702746875 0.4273859375 0.687153125 0.4294171875 0.6893812500000001 0.43348125 0.7039187499999999 0.4312921875 0.70345 0.4286359375 0.702746875 0.4273859375
0 0.71045 0.440625 0.695478125 0.4419234375 0.6974703124999999 0.44567500000000004 0.7122437500000001 0.44426875 0.71045 0.440625
0 0.701690625 0.4317609375 0.6934843749999999 0.438953125 0.6953609375 0.4412984375 0.705209375 0.43332499999999996 0.701690625 0.4317609375
0 0.7159953125 0.4495828125 0.708021875 0.4508328125 0.70546875 0.4518234375 0.704975 0.4558359375 0.7061468750000001 0.4567734375 0.71025 0.453959375 0.7176375 0.45270937499999997 0.7159953125 0.4495828125
0 0.6607640625 0.3657015625 0.67585 0.383709375 0.6775734375 0.3810265625 0.66349375 0.3620625 0.6607640625 0.3657015625
0 0.6533203125 0.3725265625 0.651171875 0.3763015625 0.6771421875 0.41493437499999997 0.688125 0.42972656249999996 0.6902046875 0.4247015625 0.6903609375 0.405165625 0.687775 0.4036328125 0.6867703125 0.42240625 0.6767125 0.4068890625 0.6533203125 0.3725265625
0 0.84565625 0.0786046875 0.852071875 0.1194625 0.8553234375000001 0.1194625 0.8470453125 0.063775 0.8406499999999999 0.026696875 0.837034375 0.009270312499999999 0.8334203125 0.00704375 0.8359234375 0.0292921875 0.8253546875 0.0007421875 0.820628125 0.0014828125 0.8375921875 0.0396734375 0.84565625 0.0786046875
0 0.8794296875000001 0.059729687499999996 0.8698328125 0.000765625 0.8661937500000001 0 0.8720062499999999 0.0356203125 0.8761531250000001 0.0615375 0.8794296875000001 0.059729687499999996
0 0.8926421875000001 0.16233906250000002 0.8844578125 0.088628125 0.8831468750000001 0.0660203125 0.8783125 0.067625 0.880009375 0.083878125 0.88509375 0.134596875 0.8946984375 0.2232203125 0.9056203125 0.31034843749999996 0.909575 0.353034375 0.9133421875 0.35253125 0.9090109375000001 0.3111015625 0.8926421875000001 0.16233906250000002
0 0.9357875 0.5572421875 0.9308515625 0.5165124999999999 0.9235640625 0.4434875 0.916746875 0.3792359375 0.91463125 0.3582375 0.9106359375 0.3573 0.916278125 0.40807343749999997 0.922859375 0.4760671875 0.9289375 0.529596875 0.9341421875 0.59171875 0.9379046875 0.64340625 0.9410125 0.6427140625 0.9400187499999999 0.6221203125 0.9357875 0.5572421875
0 0.4481453125 0.08528593749999999 0.45068437499999997 0.089453125 0.4700203125 0.0850265625 0.4568359375 0.0967453125 0.45966874999999996 0.1006515625 0.47900468749999997 0.0829421875 0.47529374999999996 0.0779953125 0.4481453125 0.08528593749999999
0 0.44248125 0.0873703125 0.431934375 0.089453125 0.43330156249999996 0.0934890625 0.4442390625 0.091015625 0.44248125 0.0873703125
0 0.4903328125 0.100390625 0.4646484375 0.1063796875 0.4680671875 0.1104171875 0.492578125 0.105078125 0.4903328125 0.100390625
0 0.496484375 0.1040359375 0.5157234374999999 0.09921875 0.51640625 0.098828125 0.51435625 0.0947921875 0.49482499999999996 0.10026093750000001 0.496484375 0.1040359375
0 0.484765625 0.1509109375 0.45947343749999997 0.1134109375 0.455859375 0.1147140625 0.4818359375 0.1524734375 0.484765625 0.1509109375
0 0.4984375 0.113671875 0.4776375 0.121875 0.479296875 0.1252609375 0.5 0.1174484375 0.4984375 0.113671875
0 0.49580156249999996 0.1092453125 0.4744140625 0.1180984375 0.47705156249999997 0.1216140625 0.498340625 0.1138015625 0.49580156249999996 0.1092453125
0 0.4529296875 0.10091093749999999 0.4446296875 0.10677031249999999 0.44697343749999996 0.1098953125 0.4552734375 0.10416718750000001 0.4529296875 0.10091093749999999
0 0.45068437499999997 0.101953125 0.4439453125 0.0903640625 0.44091874999999997 0.0921875 0.448340625 0.10390625 0.45068437499999997 0.101953125
0 0.459375 0.1092453125 0.44990312499999996 0.1123703125 0.4515625 0.1153640625 0.46171875 0.112109375 0.459375 0.1092453125