0 0.82925 0.39398125 0.7487546875 0.44460625 0.83211875 0.38858125 0.90130625 0.3352546875 0.9104203125 0.32670468750000003 0.9321890625 0.309378125 0.9306703125 0.3044296875 0.7934812499999999 0.3919265625 0.6733640624999999 0.4609375 0.5493406249999999 0.5208328125 0.5154390624999999 0.5352703125 0.4715859375 0.5496734375 0.471746875 0.5567671875 0.49593125000000005 0.5496734375 0.590409375 0.52753125 0.6469968749999999 0.5104171875 0.7426999999999999 0.4661453125 0.8667234374999999 0.38671875 0.9222328125000001 0.3426796875 0.93370625 0.3307546875 0.9303328125 0.3204046875 0.8699187500000001 0.3654046875 0.82925 0.39398125
0 0.163290625 0.14984843750000001 0.20412499999999997 0.143553125 0.25451562499999997 0.1307859375 0.27931093749999997 0.121684375 0.27849843750000003 0.1143234375 0.259090625 0.121634375 0.205328125 0.1349796875 0.14813437499999998 0.1441296875 0.1284015625 0.1433671875 0.0780703125 0.1429859375 0.030028125 0.1406984375 0.02916875 0.1460359375 0.0491875 0.14832343750000002 0.1078109375 0.14908749999999998 0.026595312500000003 0.15022968750000001 0.025451562500000004 0.1567125 0.049759375 0.157475 0.1115296875 0.15556874999999998 0.1361234375 0.15442499999999998 0.163290625 0.14984843750000001
0 0.16786406250000002 0.0864671875 0.0391375 0.0750421875 0.038748437499999996 0.082053125 0.15656874999999998 0.0924390625 0.2800375 0.1056828125 0.280428125 0.09893125 0.16786406250000002 0.0864671875
0 0.9060484375 0.2904421875 0.8280156249999999 0.3323609375 0.769490625 0.359878125 0.659559375 0.4053109375 0.586465625 0.43003281250000003 0.5451921875 0.44250156250000006 0.4752203125 0.458409375 0.4756171875 0.46368593750000003 0.5080234375 0.4568078125 0.5715453125 0.4404703125 0.61781875 0.42671093750000005 0.6947484375 0.3983359375 0.748759375 0.3738296875 0.8240953125000001 0.3407453125 0.8781062500000001 0.31150937500000003 0.9302328125000001 0.283778125 0.930071875 0.2781890625 0.9060484375 0.2904421875
0 0.4823140625 0.45582968749999997 0.4744125 0.43218281249999996 0.4703828125 0.434546875 0.4766703125 0.458409375 0.4823140625 0.45582968749999997
0 0.4918265625 0.453034375 0.47473593750000004 0.418209375 0.47102656249999997 0.42186406249999997 0.48489375 0.45604374999999997 0.4918265625 0.453034375
0 0.69856875 0.1780953125 0.72725 0.16840468749999998 0.756946875 0.1518875 0.7887015625 0.1300640625 0.815159375 0.107390625 0.829640625 0.09123125 0.82551875 0.09013125 0.7983171875 0.11394375000000001 0.7872296875 0.12281249999999999 0.7623234375 0.1395890625 0.7459015625000001 0.14989531250000002 0.72413125 0.1615703125 0.7109203125 0.1662578125 0.7028796875000001 0.1692671875 0.6873140624999999 0.1732921875 0.6581890625 0.17805625 0.6279640625 0.17695624999999998 0.602165625 0.17077031250000002 0.591146875 0.16743125 0.5769171875 0.1621203125 0.5573515625 0.1524109375 0.5260281250000001 0.1285984375 0.510915625 0.1146765625 0.505965625 0.1162296875 0.5298546875000001 0.1390390625 0.549975 0.1540328125 0.5664781249999999 0.1643765625 0.5941265625 0.176246875 0.6363796875000001 0.185190625 0.658590625 0.1851546875 0.6859921875 0.1805671875 0.69856875 0.1780953125
0 0.790790625 0.0890640625 0.7553468750000001 0.0926234375 0.6718328125 0.09954531250000001 0.7059484375 0.091965625 0.740809375 0.0826703125 0.77961875 0.0695515625 0.831984375 0.0477953125 0.8610625000000001 0.035026562500000004 0.8650125 0.032787500000000004 0.861896875 0.029665625 0.84385 0.037246875 0.7961375 0.057025000000000006 0.75559375 0.0721875 0.7418484375000001 0.0772609375 0.72395 0.0814171875 0.6881046875 0.0899875 0.66684375 0.09493125 0.6165328125 0.10185312500000002 0.5527515625 0.10580937500000001 0.44521249999999996 0.108775 0.44505 0.1124671875 0.44505 0.116475 0.4489953125 0.11597500000000001 0.452753125 0.11597500000000001 0.6037015625000001 0.1097640625 0.6584859375 0.10505781249999999 0.7165515625000001 0.10304374999999999 0.7500546875 0.1005359375 0.835396875 0.08932812500000001 0.916284375 0.07020937499999999 0.9152953125 0.064934375 0.8784609375000001 0.07185781249999999 0.8376703125 0.082075 0.790790625 0.0890640625
0 0.5785421875 0.111803125 0.578184375 0.1149421875 0.60193125 0.1165890625 0.6274625 0.116221875 0.6567390625 0.1131515625 0.6896484375 0.1079421875 0.6908203125 0.1072921875 0.6890968749999999 0.104690625 0.6737234375 0.1068875 0.6343265625 0.1118296875 0.5981015625 0.113140625 0.5785421875 0.111803125
0 0.8845656249999999 0.029099999999999997 0.8931578124999999 0.0229109375 0.9005656249999999 0.0168546875 0.8972265625 0.015421874999999998 0.8803328125000001 0.025990625 0.8596796875000001 0.0375265625 0.82756875 0.0570078125 0.7981546875000001 0.0699203125 0.78995625 0.073475 0.7476453125 0.0890640625 0.7481656250000001 0.09287656250000001 0.7841640625 0.0804 0.82886875 0.061340625 0.8613578125 0.0424 0.87474375 0.033270312499999996 0.8786421875 0.030843749999999996 0.85836875 0.057181249999999996 0.8382250000000001 0.078840625 0.842125 0.080053125 0.8610984374999999 0.059434375 0.8845656249999999 0.029099999999999997
0 0.48812187500000004 0.0906421875 0.4851609375 0.08848906250000001 0.508853125 0.088846875 0.54243125 0.0897453125 0.5813359375 0.0893859375 0.61539375 0.08723125000000001 0.6508671875 0.0834625 0.67644375 0.0787953125 0.723865625 0.0691046875 0.7798640625 0.05456562499999999 0.8560156250000001 0.030512499999999998 0.8914249999999999 0.01795 0.9126937500000001 0.00825625 0.912290625 0.0043078125 0.8879250000000001 0.0141796875 0.8500984375 0.026565625 0.7797625 0.04523125 0.7373578125 0.0540265625 0.6814640625 0.0655140625 0.6517140625 0.0708984375 0.6013859375 0.0766421875 0.5682703124999999 0.07969375 0.523115625 0.0827453125 0.473321875 0.0827453125 0.45528281249999997 0.07951406250000001 0.441146875 0.0761046875 0.442225 0.0809484375 0.47075625 0.0897453125 0.48771875 0.095309375 0.48892968750000004 0.0954875 0.4972671875 0.09986406249999999 0.5047140625 0.10142500000000002 0.5325453125 0.10284843749999999 0.5719890624999999 0.10410468749999999 0.5721234374999999 0.1010515625 0.5363156250000001 0.0976421875 0.5084500000000001 0.095309375 0.48812187500000004 0.0906421875
0 0.1747484375 0.41564375 0.180215625 0.410784375 0.186178125 0.40305625 0.1930453125 0.3900421875 0.1947921875 0.3862703125 0.191146875 0.384725 0.186178125 0.3935578125 0.179884375 0.4048234375 0.17590937499999998 0.40923906250000003 0.1727609375 0.41188906249999996 0.1747484375 0.41564375