1 0.20676250000000002 0.7783671875 0.2049734375 0.7490625 0.196490625 0.7514062499999999 0.20676250000000002 1 0.2197109375 0.9993359375 0.2107796875 0.7783671875 0.20676250000000002 0.7783671875
1 0.551065625 0.9981640625000001 0.536328125 0.7871609375 0.5251640625 0.78891875 0.5376671875000001 1 0.551065625 0.9981640625000001
1 0.707809375 0.70920625 0.707809375 0.67696875 0.6961999999999999 0.6775546875 0.7073625 0.8604265625 0.7171875 0.859840625 0.7091484375 0.70920625 0.707809375 0.70920625
1 0.907871875 0.7437843749999999 0.92618125 0.9342734374999999 0.9342203124999999 0.92665625 0.9190359375 0.7689874999999999 0.91055 0.7133078125 0.9038546875 0.63476875 0.892240625 0.635940625 0.9007265625 0.7291328125 0.9047468750000001 0.741440625 0.907871875 0.7437843749999999
0 0 0.989903125 0.0727046875 0.9697109375 0.0702921875 0.9613953125 0 0.978815625 0 0.989903125
0 0 0.6949140625 0.12851718750000002 0.758265625 0.1979046875 0.786778125 0.1991125 0.7756875 0.13304218750000002 0.749159375 0.0425390625 0.70401875 0 0.6810546875 0 0.6865984375 0 0.6949140625
0 0.2036375 0.9217968750000001 0.0953328125 0.953078125 0.0965390625 0.9641671875 0.204240625 0.9309062499999999 0.2036375 0.9217968750000001
0 0.289315625 0.8932890625000001 0.21510156249999998 0.9162546875 0.2172140625 0.92615625 0.2920296875 0.9027937500000001 0.289315625 0.8932890625000001
0 0.2887109375 0.8049875 0.20936875000000002 0.78123125 0.207559375 0.7899453125 0.28780625 0.8152859375 0.2887109375 0.8049875
0 0.456546875 0.840234375 0.3202375 0.901171875 0.3217265625 0.91015625 0.3705359375 0.889453125 0.451190625 0.85234375 0.462203125 0.846484375 0.456546875 0.840234375
0 0.3217265625 0.8921875 0.41875 0.855859375 0.449703125 0.841015625 0.4327375 0.838671875 0.3205359375 0.881640625 0.3217265625 0.8921875
0 0.51636875 0.8046875 0.4625 0.827734375 0.47291718749999995 0.832421875 0.512796875 0.816796875 0.48809531249999993 0.8296875 0.5032734375000001 0.83203125 0.5220234375 0.82109375 0.52738125 0.81953125 0.526190625 0.803125 0.51636875 0.8046875
0 0.84613125 0.73203125 0.8994140625 0.69140625 0.8955453125 0.684375 0.8634015625 0.7078125 0.830059375 0.72890625 0.7580453125 0.769921875 0.7110203125 0.790234375 0.6553656250000001 0.808203125 0.5794734375 0.825 0.5431546875000001 0.830859375 0.440178125 0.8296875 0.3633921875 0.82109375 0.30863125 0.8109375 0.3083328125 0.821484375 0.3642859375 0.83203125 0.41636875 0.837890625 0.4610125 0.841796875 0.548809375 0.840234375 0.593453125 0.8328125 0.65625 0.81953125 0.68869375 0.80859375 0.75744375 0.782421875 0.8247031249999999 0.745703125 0.84613125 0.73203125
0 0.657440625 0.742578125 0.574703125 0.780859375 0.5755953125 0.79140625 0.6616078125 0.75 0.657440625 0.742578125
0 0.7005953125 0.721875 0.668453125 0.7375 0.67261875 0.745703125 0.7029765625 0.7296875 0.7005953125 0.721875
0 0.83988125 0.72109375 0.71011875 0.71953125 0.7104171874999999 0.72890625 0.8279765625 0.73125 0.83988125 0.72109375
0 0.8824406249999999 0.7234375 0.85863125 0.72265625 0.8491078125 0.730859375 0.875 0.73203125 0.8824406249999999 0.7234375
0 1 0.7207890625 0.95506875 0.7215828125 0.955371875 0.7291359374999999 1 0.7283390625 1 0.7207890625
0 0.3544640625 0.819140625 0.46309531249999997 0.819140625 0.483928125 0.81875 0.483928125 0.810546875 0.3547625 0.81171875 0.3544640625 0.819140625
0 1 0.3770546875 0.5524015624999999 0.4013 0.2129828125 0.41373906250000003 0 0.4195125 0 0.43125 0.2407734375 0.425390625 0.716703125 0.40658593749999994 1 0.39052031249999997 1 0.3770546875