0 0.6802900375 0.7046152625000001 0.75963271875 0.6654336916666667 0.8438731 0.6125385708333333 0.925174859375 0.5485420041666667 0.9501531125 0.5269921375 0.942806565625 0.5211149041666666 0.898237528125 0.5570313416666667 0.8424037906249999 0.6007841 0.788529128125 0.6347414583333334 0.7454294 0.6608625083333333 0.68665704375 0.6882896083333333 0.6367005375 0.7072273666666666 0.585764496875 0.7228999958333334 0.587233803125 0.7320423625 0.626905146875 0.7228999958333334 0.6802900375 0.7046152625000001
0 0 0.5806473416666668 0.191012953125 0.5606250208333333 0.52138126875 0.520580375 0.734523134375 0.49415091250000004 1 0.453305375 0.9992378937499999 0.4404910875 0.8995267312499999 0.45570805416666665 0.6784802937500001 0.4877437666666667 0.422903159375 0.5197794833333333 0.20910584375000002 0.5438062708333333 0 0.5662312708333334 0 0.5806473416666668
0 1 0.40365001666666667 0.9467529406249999 0.4124598375 0.6440154312499999 0.453305375 0.429195415625 0.4765312666666667 0.19260400625000001 0.4997571625 0 0.5189785916666667 0 0.5357973416666667 0.33654308125 0.5021598416666666 0.640724840625 0.4677214458333333 1 0.41806608749999996 1 0.40365001666666667
0 1 0.37241519166666665 0.95600625625 0.3796232291666667 0.7247484375 0.41406162083333337 0.542745528125 0.4380884083333333 0.322953528125 0.4613143041666667 0 0.49575269583333337 0 0.5157750208333334 0.169778559375 0.4997571625 0.51148691875 0.4597125166666666 0.776406028125 0.4252741208333333 1 0.38843305 1 0.37241519166666665
0 1 0.32436162083333336 0.9071596812499999 0.33237055000000004 0.815857890625 0.3427821541666667 0.5095163625 0.3668089416666667 0.18143623749999999 0.38923394166666664 0 0.4012473375 0 0.4156634083333334 0.3037321 0.3972428708333334 0.406201178125 0.39083572916666665 0.85069673125 0.3531937625 1 0.33637501249999996 1 0.32436162083333336
0 0.9990105187499999 0.28964521249999997 0.9153909499999999 0.32385992083333337 0.9246820124999999 0.3315287333333333 1 0.30085347916666666 0.9990105187499999 0.28964521249999997
0 0.977727853125 0.28197639583333334 0.999407 0.28020667083333334 0.999407 0.25838004583333335 0.9330422625000001 0.27489749166666666 0.860925915625 0.28551585 0.700979803125 0.29815430416666666 0.350316153125 0.3144213791666666 0.35075858437499996 0.3250397375 0.530385809375 0.31737092499999997 0.718425 0.3066125833333333 0.8241603812499999 0.29731402500000004 0.762219959375 0.3114718375 0.5339252625 0.361024175 0.56887735625 0.36161408333333334 0.663115284375 0.3456865458333333 0.8396454875 0.30675256666666667 0.944955440625 0.283746125 0.84762049375 0.33447827916666667 0.8613683468750001 0.3386076416666667 0.960915453125 0.2878754833333333 0.977727853125 0.28197639583333334
0 1 0.23962927083333332 0.6369506656249999 0.2608034416666667 0.351749390625 0.27187296666666666 0.351749390625 0.2843307583333334 0.616170715625 0.274054425 1 0.2517686791666667 1 0.23962927083333332
0 0.30283221562499996 0.27693209166666666 0.08766195624999999 0.2789244083333333 0.088658115625 0.28888599583333335 0.302334134375 0.2875577833333333 0.30283221562499996 0.27693209166666666
0 0.32126115 0.31412201250000005 0.10907936562500001 0.3161143291666667 0.10907936562500001 0.32541180833333333 0.32126115 0.32341949166666667 0.32126115 0.31412201250000005
0 0.32225730625 0.39846344166666664 0.088658115625 0.43830978333333337 0.08915619375 0.44959958333333333 0.321759228125 0.40908913333333335 0.32225730625 0.39846344166666664
1 0 0.46237405416666666 0.00072614375 0.4700577791666667 0.00850415625 0.46741355 0.01464604375 0.46426386666666664 0.016063403125 0.45985430416666667 0.0174807625 0.45544474166666665 0.024111903125 0.4531872333333334 0.025040012499999997 0.45607467916666666 0.035997975 0.99921655 0.11811326250000001 1 0.09212834375 0.476232675 0.08976608124999999 0.3231578875 0.10252231249999999 0.326307575 0.111026465625 0.32378782500000003 0.111026465625 0.31685851249999997 0.110081559375 0.3092992625 0.107719296875 0.3036298291666667 0.10063249999999999 0.30299989166666663 0.08834872187500001 0.3023699541666666 0.08504155 0.2406360875 0.077009846875 0.2374864 0.017953215624999998 0.2418959625 0.015590950000000001 0.25953420833333335 0.013228684374999999 0.2727628958333333 0.007086796875 0.27150302083333333 0 0.27528264583333334 0 0.30174001666666667 0.013701137499999998 0.29544064166666667 0.015590950000000001 0.2897712041666667 0.02031548125 0.28851132916666666 0.02031548125 0.44347592916666667 0.011981390625000001 0.44198017500000003 0.000363071875 0.4434324666666667 0 0.44914536666666666 0 0.46237405416666666
1 0.379008234375 0.6685760916666666 0.365958678125 0.4112838333333333 0.355047065625 0.268593525 0.36427996875 0.26523610416666665 0.367217709375 0.25964040833333335 0.365539 0.25292557083333334 0.358404484375 0.2512468583333333 0.356306096875 0.2210300875 0.35798480625 0.21263654166666665 0.3634406125 0.20927912083333336 0.36427996875 0.1992068625 0.357145453125 0.19696858333333334 0.3377833 0.13143869166666666 0.33112545625 0.13373719166666667 0.3193744875 0.20312385416666665 0.313079328125 0.21375567916666668 0.31265964999999996 0.2210300875 0.32231223125 0.22214922916666666 0.32273190625 0.2590808375 0.3147580375 0.26803395416666664 0.301328359375 0.27754664166666665 0.299229975 0.27922535 0.300069328125 0.2842614791666667 0.303426746875 0.2859401916666667 0.323990940625 0.27866578333333336 0.323990940625 0.3105612625 0.32273190625 0.31391868333333334 0.321053196875 0.3172761 0.318535134375 0.32063352083333335 0.31601706875 0.32566965 0.3172761 0.33126534583333334 0.32021384375 0.33126534583333334 0.32372148125 0.33291231250000003 0.324128465625 0.33720988333333335 0.3125005375 0.6715127875 0.379008234375 0.6685760916666666