0 0.1949171875 0.2309921875 0.2800921875 0.2313 0.280171875 0.2285046875 0.2807109375 0.2221140625 0.1949171875 0.2206921875 0.1949171875 0.2309921875
0 1 0.16505468750000002 0.8938625 0.1759265625 0.6593921875000001 0.19813750000000002 0.5317828125 0.2044296875 0.3743515625 0.21514843749999998 0.37363124999999997 0.2260203125 0.565015625 0.21742656249999998 0.8308328125 0.1957734375 1 0.17970312500000002 1 0.16505468750000002
0 0.6147890625 0.6819484375 0.675428125 0.7341562500000001 0.6775921874999999 0.7235 0.5988359375 0.6585109375 0.594378125 0.6742703125 0.6735328125 0.7416125 0.6751578125 0.7345109375 0.6147890625 0.6819484375
0 0.78286875 0.7191375 0.5953125 0.55470625 0.5898984375 0.56678125 0.778 0.731921875 0.78286875 0.7191375
0 0.7426125 0.6084765625 0.8876781250000001 0.737453125 0.8906546875 0.7303484375 0.8625093749999999 0.7054875 0.7077 0.5655625 0.5818484374999999 0.4464453125 0.57830625 0.45708281250000005 0.6283984375 0.504421875 0.7426125 0.6084765625
0 0.7182140625 0.5196328125 0.8986124999999999 0.6796171875 0.903484375 0.6707375 0.8336578125 0.60965625 0.7059249999999999 0.49799531249999995 0.5360359375 0.3424484375 0.532009375 0.351296875 0.6175328125 0.427296875 0.7182140625 0.5196328125
0 0.5750656249999999 0.7499921875 0.6197234375 0.786215625 0.624325 0.77946875 0.61918125 0.7755625 0.5777703125 0.7411140625 0.5750656249999999 0.7499921875
0 0.5872140625 0.549034375 0.5650203125 0.5284375 0.5617734375000001 0.5358953125 0.5836640625 0.5543484375000001 0.5872140625 0.549034375
0 0.5650203125 0.5007343750000001 0.5620453125 0.5007343750000001 0.5625328125 0.5051296875 0.5677265625000001 0.510325 0.5812593749999999 0.50996875 0.5891078125 0.50215625 0.5956046875000001 0.4922109375 0.5969578125 0.47551875 0.5904609375 0.47480781250000004 0.589378125 0.48653124999999997 0.5818 0.49860625000000003 0.575578125 0.50215625 0.5650203125 0.5007343750000001
0 0.509809375 0.5390890625 0.4970890625 0.51671875 0.4924875 0.5234640625 0.5056875 0.5465359375000001 0.509809375 0.5390890625
0 0.496984375 0.6433171875 0.47722968750000005 0.6220078124999999 0.4750328125 0.6316921875 0.49184218749999997 0.6518359375 0.496984375 0.6433171875
1 0.597859375 0.6706921875 0.5967796875 0.6564875 0.580078125 0.6524062500000001 0.5781046875 0.60001875 0.5648421875 0.6010859375 0.5640031249999999 0.6461875 0.5645453125000001 0.65258125 0.5648421875 0.6618125 0.5550984375 0.66110625 0.5546875 0.6190781249999999 0.5585953124999999 0.588315625 0.591796875 0.562684375 0.5924046875 0.552325 0.564453125 0.5473 0.5626484375 0.5029765625 0.5561515625 0.48486406249999997 0.580240625 0.45396562500000004 0.57536875 0.44615312500000004 0.551375 0.4462921875 0.5326078125 0.3378359375 0.5244875 0.33854687499999997 0.509765625 0.449890625 0.483890625 0.457515625 0.48280625 0.46959375000000003 0.5078125 0.49090625 0.5077140625000001 0.52595 0.5055468750000001 0.557203125 0.497428125 0.5575578125 0.493640625 0.51423125 0.48416718750000004 0.5160046875 0.48227343749999996 0.554359375 0.4735265625 0.562203125 0.474609375 0.5771171875000001 0.482953125 0.57829375 0.5081546875 0.5904765624999999 0.510321875 0.6178203124999999 0.510875 0.638909375 0.5111453125 0.6641250000000001 0.5009765625 0.6639421875 0.5008625 0.6463671875 0.4931640625 0.645996875 0.4921875 0.6652234375 0.48144687499999994 0.6639421875 0.48110468749999996 0.6254140625 0.46865468750000006 0.627190625 0.466796875 0.670346875 0.5106578125000001 0.7009375 0.51036875 0.7184921875 0.50225 0.72453125 0.4976484375 0.7426453125 0.4987328125 0.7501015625 0.5092859375 0.7508125 0.5079312500000001 0.76004375 0.4984609375 0.7706999999999999 0.49683593750000005 0.783128125 0.48730312500000006 0.7921125 0.474609375 0.7831406249999999 0.47265781249999994 0.7600703125 0.466796875 0.7600703125 0.46484531249999994 0.79339375 0.47084843750000005 0.829328125 0.4789703125 0.822934375 0.47949062500000006 0.807496875 0.5380859375 0.8126203125 0.6042796874999999 0.7913281249999999 0.6050890625 0.7828046875 0.5820328124999999 0.7754531250000001 0.5750531249999999 0.7238203125 0.5590859375 0.7238203125 0.5585453125 0.6755234375 0.5785203125 0.6759140625 0.597859375 0.6706921875
0 0.5927374999999999 0.6098640625 0.5881375 0.6109296875 0.578121875 0.604534375 0.577115625 0.6129421875000001 0.5897625 0.620515625 0.595175 0.620159375 0.6024828125 0.6134140625 0.6084078125 0.6043234375 0.6097890625 0.5938828125 0.6097890625 0.5871328124999999 0.6041046875 0.585715625 0.6038359375 0.596721875 0.5981515625 0.605246875 0.5927374999999999 0.6098640625
0 0.47220781250000005 0.7071296874999999 0.481678125 0.7266609374999999 0.49169375000000004 0.733765625 0.5041421875000001 0.733409375 0.5025203125 0.7238203125 0.490609375 0.723109375 0.47761875 0.7014453125 0.47680937500000004 0.6723250000000001 0.47116406250000004 0.6734890625000001 0.47220781250000005 0.7071296874999999
0 0.564815625 0.6968328125000001 0.5561546875000001 0.7135234374999999 0.55750625 0.7213359374999999 0.564815625 0.7117453125 0.5707671875 0.6964765625 0.5715796875 0.6765890625 0.564815625 0.6769453125 0.564815625 0.6968328125000001
0 0.49516406249999995 0.58053125 0.48731562500000003 0.5798203125 0.48812812499999997 0.6043234375 0.5089671874999999 0.6313171875 0.511671875 0.619953125 0.4965171875 0.59864375 0.49516406249999995 0.58053125