1 0.5479171875 0.492578125 0.5479171875 0.483203125 0.5375 0.484375 0.53988125 0.629296875 0.544625 0.628940625 0.549325 0.6223562499999999 0.5485296875000001 0.5135859375 0.5479171875 0.492578125
1 0.161309375 0.571875 0.1610125 0.568359375 0.15386875 0.568359375 0.153571875 0.58359375 0.1458328125 0.584375 0.1458328125 0.595703125 0.15386875 0.596484375 0.153571875 0.6859375 0.1645828125 0.68515625 0.16488125 0.609375 0.171428125 0.609375 0.171428125 0.594921875 0.162203125 0.594921875 0.162203125 0.5890625 0.169940625 0.5890625 0.16964218749999999 0.57265625 0.161309375 0.571875
0 0.1523484375 0.6097390625 0.036012499999999996 0.6218640625 0.036607812499999996 0.6328015625 0.1532734375 0.6203015625 0.1523484375 0.6097390625
0 0.1451375 0.584890625 0.0009015624999999999 0.5983015625 0.0009015624999999999 0.6085546875000001 0.146640625 0.5955390625 0.1451375 0.584890625
0 0.166765625 0.6205234374999999 0.3623953125 0.5942234375 0.44934531250000004 0.5817421875 0.448325 0.5714875 0.166765625 0.6089328125 0.166765625 0.6205234374999999
0 0.38786875 0.5549921875 0.1701609375 0.5821875000000001 0.1701609375 0.5928859375 0.397321875 0.565234375 0.460553125 0.5558859375 0.458515625 0.5451875 0.38786875 0.5549921875
0 0 0.5822109375 0.20159531249999998 0.5629765625 0.469421875 0.530746875 0.46823437500000004 0.519309375 0.20287187499999998 0.55101875 0 0.570253125 0 0.5822109375
0 0.537203125 0.51015625 0.484821875 0.5171875 0.487203125 0.526171875 0.5375 0.51953125 0.537203125 0.51015625
0 0.5369046875000001 0.536328125 0.49583281250000005 0.53828125 0.49613125 0.546875 0.5375 0.5453125 0.5369046875000001 0.536328125
0 0.537796875 0.559765625 0.50625 0.561328125 0.5077375 0.569921875 0.538690625 0.56796875 0.537796875 0.559765625
0 1 0.582421875 0.743178125 0.571465625 0.5505953124999999 0.55859375 0.5504109374999999 0.5676453125 0.734821875 0.58125 1 0.5921875 1 0.582421875
0 1 0.5642546875 0.8093953125000001 0.55278125 0.68363125 0.54453125 0.5491078125 0.533203125 0.5479171875 0.543359375 0.802671875 0.5629296874999999 1 0.5743984375 1 0.5642546875
0 1 0.5391874999999999 0.6633921875000001 0.5203125 0.5491078125 0.51171875 0.548559375 0.519253125 0.6513687499999999 0.52884375 0.9174640625 0.5437390625 1 0.5484375 1 0.5391874999999999