1 0.34867768906249996 0.4168972375 0.35836318125 0.4156339125 0.359375 0.5498671875000001 0.3604904390625 0.576256028125 0.3680421875 0.6049609375 0.3770796875 0.60828125 0.375 0.367859375 0.37450937500000003 0.3536796875 0.373696875 0.3455109375 0.3582703125 0.3455109375 0.358 0.358296875 0.3582703125 0.38635156249999997 0.34608906250000004 0.3891921875 0.3326609375 0.4014796875 0.3356375 0.4174609375 0.34867768906249996 0.4168972375
0 0.7442921874999999 0.6487109375 0.7072109375 0.6245625 0.70330625 0.6316921875 0.7418546874999999 0.657590625 0.7442921874999999 0.6487109375
0 0.38423281249999997 0.41426562499999997 0.39072968750000003 0.4163953125 0.4194171875 0.44516406249999996 0.42158281249999996 0.4316671875 0.3872109375 0.3965078125 0.3834203125 0.39473437499999997 0.381796875 0.38656718749999996 0.374490625 0.3862109375 0.374734375 0.4078640625 0.38423281249999997 0.41426562499999997
0 0.345253125 0.5025859374999999 0.3520203125 0.429075 0.347690625 0.4248125 0.34173437500000003 0.4663640625 0.3393 0.4894453125 0.345253125 0.5025859374999999
0 0.340384375 0.415578125 0.31494062500000003 0.4386609375 0.3198125 0.4454109375 0.344675 0.42114531250000004 0.340384375 0.415578125
0 0.30325 0.45005468750000005 0.2723953125 0.47846406249999995 0.278621875 0.4837921875 0.30598437500000003 0.4598171875 0.30325 0.45005468750000005
0 0.118128125 0.6098671875 0.12245781250000001 0.615903125 0.206628125 0.549846875 0.2520984375 0.5100734375 0.2537203125 0.5072296875 0.24911875 0.5011953124999999 0.118128125 0.6098671875
0 0.18638125 0.5897265625 0.14740781249999999 0.6007390625 0.149571875 0.60996875 0.18665156249999998 0.59860625 0.186921875 0.6081953125 0.289496875 0.57623125 0.2848953125 0.5645125 0.18638125 0.5897265625
0 0.287871875 0.5780078125 0.18638125 0.6149421875 0.1887234375 0.6258328125 0.29193125000000003 0.586175 0.287871875 0.5780078125
0 0.262703125 0.6152968750000001 0.2610796875 0.610325 0.3041125 0.5925703125 0.2987 0.5844015625 0.2137171875 0.6195578125 0.21804687500000003 0.6273703125 0.24808906249999998 0.61423125 0.21615156249999998 0.6312765625 0.218484375 0.6410671875 0.262703125 0.6152968750000001
0 0.0652046875 0.47133125 0.0369462671875 0.475534209375 0.03813808125 0.48340018906250004 0.06601718749999999 0.47879375 0.0652046875 0.47133125
0 0.1253453125 0.4909734375 0.2008546875 0.4622078125 0.22900312500000003 0.44942187499999997 0.1556578125 0.4831609375 0.0893484375 0.51228125 0.0925953125 0.517965625 0.1434796875 0.499140625 0.227378125 0.4632734375 0.2988296875 0.42989062499999997 0.3326609375 0.41852343750000004 0.330390625 0.4020046875 0.223046875 0.43237500000000006 0.115871875 0.45759062500000003 0.11803593750000001 0.4661140625 0.196253125 0.4487109375 0.11830624999999999 0.472153125 0.12209531250000001 0.48103125 0.1532203125 0.468246875 0.1686484375 0.46256250000000004 0.1229078125 0.4831609375 0.1253453125 0.4909734375