1 0.33142187500000003 0.345153125 0.27926562499999996 0.3251875 0.278178125 0.277409375 0.3265328125 0.2766953125 0.33468437500000003 0.2766953125 0.33414062499999997 0.266 0.278178125 0.2453203125 0.270571875 0.17685937499999999 0.265140625 0.15475468750000002 0.25047031249999996 0.15404374999999998 0.246121875 0.24817187500000001 0.19287812499999998 0.2766828125 0.1977671875 0.2852421875 0.248296875 0.282390625 0.24775312500000002 0.33016875 0.19124687499999998 0.355125 0.19124687499999998 0.36724999999999997 0.25101249999999997 0.36296875 0.25155625000000004 0.408609375 0.200484375 0.43713281249999997 0.20265781249999998 0.4456921875 0.25155625000000004 0.44497656250000006 0.23960468750000002 0.6603359375 0.23525625 0.7530390625 0.31784218750000004 0.7509015625 0.2841546875 0.44142187499999996 0.3080625 0.44142187499999996 0.33794375 0.4364296875 0.33740156250000003 0.4285859375 0.2836125 0.40862031249999997 0.279809375 0.36298125 0.33359843749999996 0.360128125 0.33142187500000003 0.345153125
1 0.5890390625 0.4256953125 0.594684375 0.4215265625 0.5918625 0.411796875 0.5742140625000001 0.3904921875 0.5713921875 0.377984375 0.5939796875 0.3654765625 0.5939796875 0.3566765625 0.57245 0.3251765625 0.5600984375 0.2621796875 0.5491578125000001 0.261715625 0.5410390625 0.3279609375 0.509628125 0.357140625 0.5142171875 0.36547968750000004 0.527628125 0.3617734375 0.5420984375 0.3775234375 0.5416875 0.39078124999999997 0.515065625 0.41431250000000003 0.515065625 0.42144531250000006 0.5199546875000001 0.4271484375 0.5286484375 0.42358593750000006 0.54331875 0.4328546875 0.54331875 0.45068437499999997 0.5156078125 0.4713640625 0.5166968749999999 0.483484375 0.5221281249999999 0.48705 0.5329937499999999 0.4841984375 0.5406015625 0.497746875 0.5357109375 0.613984375 0.529734375 0.6581953125 0.5253875 0.6774484375000001 0.5223328125 0.7800546875000001 0.608803125 0.7860734375 0.62574375 0.78190625 0.5869203125 0.574846875 0.5788031250000001 0.4942609375 0.5939796875 0.48453125 0.5925687500000001 0.4715625 0.5773921875 0.448403125 0.5756281249999999 0.4349609375 0.5890390625 0.4256953125
1 0.9375125000000001 0.6039296875 0.9551125 0.602515625 0.953678125 0.5916718750000001 0.9367953124999999 0.571871875 0.921428125 0.503515625 0.9127296875 0.5035078125 0.901953125 0.57516875 0.88255625 0.5907265625 0.88794375 0.601096875 0.9044671875000001 0.6043984375 0.9033906249999999 0.6411718750000001 0.8793218749999999 0.652015625 0.880759375 0.6590890625 0.883634375 0.6666328125 0.9049171875 0.6740859375 0.8935531250000001 0.9586328125 0.8922531250000001 0.9740109374999999 0.9360781250000001 0.980140625 0.9727140625 0.969765625 0.9375125000000001 0.667575 0.9583484375 0.664746875 0.9587046875 0.6614453124999999 0.9583484375 0.6562578125 0.939309375 0.639284375 0.9375125000000001 0.6039296875
0 1 0.6265625 0.9389875 0.60625 0.9386906249999999 0.61640625 1 0.63671875 1 0.6265625
0 1 0.609375 0.9553578125 0.59140625 0.9544640624999999 0.60234375 0.9991078124999999 0.619140625 1 0.609375
0 0.8997031249999999 0.575390625 0.9041671875 0.567578125 0.8130953125 0.508203125 0.656546875 0.40078125 0.6095234375 0.367578125 0.6032734375000001 0.360546875 0.6005953125 0.35703125 0.5943453125 0.357421875 0.591071875 0.359765625 0.593453125 0.36640625 0.599703125 0.3734375 0.596428125 0.380078125 0.5928578124999999 0.382421875 0.5904765624999999 0.383984375 0.5889875 0.384765625 0.586309375 0.38203125 0.5827375 0.3734375 0.57738125 0.37421875 0.5806546875 0.38828125 0.5842265624999999 0.391796875 0.5892859374999999 0.39453125 0.594940625 0.39375 0.5985125 0.390625 0.6017859375 0.387890625 0.6056546875000001 0.376953125 0.6446421875 0.4046875 0.7732140625 0.494140625 0.8997031249999999 0.575390625
0 0.69575 0.356590625 0.56488125 0.2671875 0.5607140625 0.2765625 0.7342265625 0.39609375 0.9081812499999999 0.5137234375 0.9122140625 0.5047296875 0.69575 0.356590625
0 0.8642859375 0.580859375 0.7880953125 0.533984375 0.6907734375000001 0.4703125 0.6241078124999999 0.4234375 0.583928125 0.393359375 0.5803578125 0.401171875 0.644046875 0.449609375 0.7568453125 0.5265625 0.8619046875 0.591015625 0.8714281250000001 0.596484375 0.8824406249999999 0.598828125 0.8845234375000001 0.598046875 0.8839281250000001 0.59140625 0.8767859375 0.585546875 0.86875 0.580859375 0.8642859375 0.580859375
0 0.651190625 0.47109375 0.7702375 0.554296875 0.9005953124999999 0.637109375 0.9035718749999999 0.628125 0.8258921875 0.57890625 0.7107140625 0.5015625 0.6116078125 0.43046875 0.6017859375 0.421484375 0.59613125 0.41640625 0.5922625 0.41523125 0.5904765624999999 0.421090625 0.5922625 0.426171875 0.6 0.4316375 0.6005953125 0.43203125 0.5991078125 0.43554375 0.5982140625000001 0.4390625 0.5958328125000001 0.44335625 0.5928578124999999 0.445703125 0.587796875 0.444528125 0.5860125 0.44296875 0.5821421875 0.43085625 0.5770828125 0.432421875 0.580059375 0.44375 0.5818453124999999 0.44609375 0.58363125 0.45 0.5875 0.452734375 0.591071875 0.452734375 0.5955359375 0.452734375 0.5994046875000001 0.45 0.603571875 0.44609375 0.6053578125 0.4375 0.651190625 0.47109375
0 0.8741078124999999 0.646484375 0.8669640624999999 0.644140625 0.8547625 0.638671875 0.763690625 0.57890625 0.6479171874999999 0.49921875 0.581546875 0.451171875 0.5797625 0.45859375 0.67261875 0.527734375 0.7455359374999999 0.57890625 0.8595234375 0.65234375 0.8633921875 0.655859375 0.8717265624999999 0.658984375 0.8782734375000001 0.661328125 0.8806546875000001 0.661328125 0.8815468750000001 0.655078125 0.8794640625 0.650390625 0.8741078124999999 0.646484375
0 0.8604171875000001 0.68203125 0.8636906249999999 0.672265625 0.7767859374999999 0.612890625 0.773809375 0.6109375 0.661309375 0.5296875 0.6116078125 0.49140625 0.6056546875000001 0.484375 0.5994046875000001 0.478125 0.5928578124999999 0.47734375 0.590178125 0.48203125 0.5931546875 0.487890625 0.5982140625000001 0.490625 0.6008921875000001 0.494140625 0.5994046875000001 0.49921875 0.597321875 0.5015625 0.594940625 0.505078125 0.5931546875 0.506640625 0.58988125 0.506640625 0.5866078124999999 0.50390625 0.582440625 0.495703125 0.578571875 0.502734375 0.5830359374999999 0.510546875 0.587203125 0.5140625 0.5955359375 0.513671875 0.6005953125 0.5125 0.603571875 0.509375 0.60625 0.50625 0.606546875 0.49765625 0.677678125 0.5546875 0.8029765624999999 0.644140625 0.8604171875000001 0.68203125
0 0.5791671875 0.52578125 0.6232140625 0.5640625 0.691071875 0.615234375 0.7556546875000001 0.657421875 0.7642859375 0.662890625 0.7681546875 0.654296875 0.7279765625 0.626953125 0.692559375 0.603515625 0.6258921875000001 0.552734375 0.580059375 0.51484375 0.5791671875 0.52578125
0 0.546075 0.5205421875 0.5419937499999999 0.5118875 0.455953125 0.5811296875 0.37179531250000003 0.6441874999999999 0.336625 0.668503125 0.3407078125 0.67921875 0.3827859375 0.6516046875 0.44370468750000003 0.6042062500000001 0.5109046875 0.5502140625 0.546075 0.5205421875
0 0.41964218750000004 0.552734375 0.3470234375 0.60703125 0.3053578125 0.638671875 0.3083328125 0.648046875 0.3366078125 0.627734375 0.381546875 0.59609375 0.40922656249999995 0.573828125 0.40922656249999995 0.575390625 0.393453125 0.587890625 0.3154765625 0.65 0.32113125 0.65703125 0.3642859375 0.623046875 0.3875 0.60546875 0.42172656249999996 0.575 0.4875 0.517578125 0.5145828125 0.49453125 0.518453125 0.4953125 0.5232140625 0.507421875 0.526190625 0.508984375 0.5318453125 0.509765625 0.5395828125000001 0.50859375 0.5389875 0.500390625 0.5360125 0.50078125 0.5330359375 0.5015625 0.5303578124999999 0.50078125 0.5279765624999999 0.497265625 0.5264875 0.492578125 0.5255953124999999 0.4875 0.5154765625 0.474609375 0.41964218750000004 0.552734375
0 0.54375 0.43125 0.538690625 0.430078125 0.5360125 0.437109375 0.534821875 0.4390625 0.5306546875 0.43984375 0.52738125 0.437890625 0.5229171874999999 0.427734375 0.5154765625 0.41640625 0.5005953125 0.4296875 0.431546875 0.48828125 0.35863125 0.544140625 0.298809375 0.590625 0.300296875 0.60078125 0.3657734375 0.552734375 0.300296875 0.60546875 0.3044640625 0.6171875 0.367559375 0.56328125 0.4764875 0.467578125 0.51636875 0.427734375 0.519940625 0.441015625 0.5217265624999999 0.44609375 0.5282734375 0.446875 0.53511875 0.446875 0.5392859375 0.446875 0.5416671875 0.44375 0.54375 0.43125
0 0.51011875 0.36015625 0.43839218750000003 0.428125 0.363690625 0.49375 0.2946421875 0.552734375 0.2970234375 0.563671875 0.375 0.501171875 0.41190468750000003 0.4671875 0.46458281250000005 0.4171875 0.49702343750000005 0.384375 0.51011875 0.373046875 0.5125 0.373046875 0.5139875 0.37734375 0.51875 0.383984375 0.522321875 0.387109375 0.5306546875 0.3890625 0.536309375 0.386328125 0.543453125 0.377734375 0.537203125 0.373046875 0.5327375 0.38046875 0.5291671874999999 0.380859375 0.5264875 0.3796875 0.524703125 0.378515625 0.52113125 0.375 0.51875 0.36953125 0.5157734375 0.363671875 0.51011875 0.36015625
0 0.308928125 0.442578125 0.283928125 0.452734375 0.2842265625 0.4609375 0.308928125 0.452734375 0.3110125 0.455078125 0.3116078125 0.45859375 0.2845234375 0.487109375 0.287796875 0.496875 0.3166671875 0.46328125 0.3208328125 0.46171875 0.325296875 0.46015625 0.327678125 0.45703125 0.3327375 0.45078125 0.3345234375 0.43984375 0.3333328125 0.43515625 0.3202375 0.437890625 0.3116078125 0.440234375 0.308928125 0.442578125
0 0.30863125 0.378515625 0.2821421875 0.4078125 0.287796875 0.411328125 0.3133921875 0.387890625 0.3178578125 0.381640625 0.3220234375 0.376953125 0.3294640625 0.369140625 0.3306546875 0.361328125 0.330059375 0.357421875 0.3235125 0.357421875 0.3130953125 0.358203125 0.3071421875 0.361328125 0.2797625 0.371484375 0.280953125 0.380859375 0.309821875 0.370703125 0.30863125 0.376171875 0.30863125 0.378515625
0 0.3133921875 0.301953125 0.3193453125 0.2984375 0.3279765625 0.29140625 0.3291671875 0.284765625 0.3291671875 0.276171875 0.3107140625 0.275390625 0.277678125 0.290625 0.2779765625 0.29921875 0.305953125 0.289453125 0.3077375 0.294921875 0.282440625 0.325 0.2880953125 0.33046875 0.3095234375 0.30703125 0.3133921875 0.301953125
0 0 0.2298640625 0.16881875 0.1925515625 0.2376078125 0.1755078125 0.2507625 0.1705515625 0.249190625 0.160765625 0.2358515625 0.1639921875 0 0.2188078125 0 0.2298640625
0 0.1191640625 0.2996640625 0.127559375 0.30474999999999997 0.2192734375 0.21616718750000002 0.2525359375 0.17759375 0.244140625 0.17335625 0.1902109375 0.22973125 0.1191640625 0.2996640625
0 0 0.3823171875 0.041335937499999996 0.3751125 0 0.41156249999999994 0.0019375 0.4221609375 0.051348437499999997 0.378925 0.06071093749999999 0.3653640625 0.074921875 0.3623953125 0.14661249999999998 0.3424765625 0.10269375 0.390371875 0.110121875 0.3933359375 0.165990625 0.3365421875 0.248015625 0.31153437500000003 0.24672343749999998 0.2996640625 0.175 0.321875 0.2002203125 0.29118750000000004 0.19860781249999998 0.28059375000000003 0.1966703125 0.27465937500000004 0.191825 0.27465937500000004 0.1802 0.2793203125 0.1747078125 0.28440625 0.1711578125 0.2865265625 0.10592187500000001 0.31153437500000003 0 0.3454421875 0 0.3585828125 0.08452343749999999 0.331640625 0.0613578125 0.355190625 0 0.37045 0 0.3823171875
0 0 0.6644921874999999 0.12373749999999999 0.5725078124999999 0.2087859375 0.49488750000000004 0.2204671875 0.4896140625 0.25141718750000003 0.47659375 0.2493 0.4666203125 0.228859375 0.474765625 0.2544109375 0.4469765625 0.24638125 0.4426640625 0.20696093750000003 0.4838671875 0.16644375 0.4968 0.1883453125 0.467578125 0.200390625 0.45991406250000005 0.20550000000000002 0.44985156249999997 0.20404218749999997 0.44075 0.200390625 0.44075 0.1934546875 0.43739531249999997 0.162065625 0.456078125 0.2113390625 0.410565625 0.2182765625 0.4076921875 0.2507625 0.3966765625 0.2493 0.38421875 0.2317796875 0.39140625 0.25331562500000004 0.36601249999999996 0.2452859375 0.362659375 0.2087859375 0.401465625 0.163890625 0.41297656250000003 0.18141093749999998 0.390925 0.1883453125 0.3861359375 0.192359375 0.3823015625 0.198565625 0.3688875 0.19418437500000002 0.3598015625 0.187615625 0.3569265625 0.174109375 0.3631515625 0.17119062499999999 0.368421875 0.103296875 0.3933359375 0 0.431659375 0 0.4421984375 0.0806671875 0.4153703125 0.0423421875 0.45178124999999997 0 0.46328125 0 0.4738203125 0.0328515625 0.4651953125 0 0.49441875 0 0.506875 0.0518296875 0.45944531250000004 0.1288484375 0.437875 0.0784765625 0.490109375 0.06168749999999999 0.4972921875 0.000365625 0.5202890625000001 0.000365625 0.5317890625 0.0310265625 0.5231640625 0.0554828125 0.51023125 0.061321875000000005 0.5107078125 0.0397859375 0.5317890625 0 0.5523859375 0 0.5614890625 0.0193453125 0.5523859375 0 0.5677187499999999 0 0.5868828125000001 0.061321875000000005 0.5423281249999999 0.1361484375 0.5188406249999999 0.0562109375 0.6022109375 0 0.650596875 0 0.6644921874999999
0 0.1401640625 0.6381281249999999 0.2482046875 0.5394375 0.2482046875 0.526503125 0.1288484375 0.633815625 0.1401640625 0.6381281249999999
0 0.2422625 0.595703125 0.1928578125 0.63359375 0.19613125 0.641796875 0.24375 0.60546875 0.2422625 0.595703125