1 0.39775625 0.8455515625000001 0.383571875 0.8455515625000001 0.3828125 0.9087531249999999 0.385740625 0.93310625 0.412109375 0.9369500000000001 0.3975125 0.150175 0.385615625 0.1489734375 0.39775625 0.8455515625000001
1 0.352234375 0.11188281250000001 0.3449140625 0.11188281250000001 0.332559375 0.169515625 0.32844375000000003 0.3148046875 0.3558953125 0.3148046875 0.3591046875 0.1812 0.352234375 0.11188281250000001
1 0.6649203124999999 0.11842187500000001 0.6491703125 0.11842187500000001 0.64338125 0.1749453125 0.6356671875 0.21585937500000002 0.6237734374999999 0.23948125 0.6453125 0.241590625 0.6475625 0.26858593750000004 0.6687765625 0.26858593750000004 0.6694203125 0.23779374999999997 0.68549375 0.23526093750000002 0.687421875 0.231890625 0.670384375 0.21037499999999998 0.6665265625 0.1601796875 0.6649203124999999 0.11842187500000001
0 0.2677234375 0.254065625 0.332703125 0.237109375 0.332703125 0.2276875 0.22428281249999998 0.2526515625 0.0462171875 0.2893984375 0.039753125 0.29081250000000003 0.044651562500000005 0.301628125 0.151765625 0.28045 0.2677234375 0.254065625
0 0.332703125 0.21214062500000003 0.331625 0.19895000000000002 0.22141093750000002 0.2319265625 0.045140625000000004 0.2809171875 0.0474171875 0.288675 0.11873437499999999 0.27196875 0.240078125 0.23757812500000003 0.332703125 0.21214062500000003
0 0.3401375 0.1151875 0.11411562500000001 0.1772109375 0.11640781250000001 0.18848437499999998 0.34231875 0.12753125 0.3401375 0.1151875
0 0.38625 0.1515859375 0.355128125 0.1228203125 0.3540453125 0.1306328125 0.38396093750000004 0.15864375 0.38625 0.1515859375
0 0.390309375 0.144840625 0.3537734375 0.11394062499999999 0.351878125 0.12175312499999999 0.3863421875 0.15161249999999998 0.390309375 0.144840625
0 0.195740625 0.3578875 0.2863390625 0.357515625 0.28668125 0.346328125 0.2309796875 0.342596875 0.2770171875 0.335140625 0.27588124999999997 0.323953125 0.1991515625 0.3392421875 0.14089218750000002 0.3422265625 0.2568421875 0.3112734375 0.3303578125 0.2900421875 0.3295953125 0.281065625 0.25769375 0.3012078125 0.1809609375 0.32096874999999997 0.085759375 0.344090625 0.0874640625 0.35453125 0.1201453125 0.35154687500000004 0.1277625 0.3578875 0.151065625 0.357515625 0.195740625 0.3578875
0 0.4723453125 0.278328125 0.408203125 0.292534375 0.4084734375 0.3021203125 0.47324687499999996 0.287159375 0.4723453125 0.278328125
0 0.4566484375 0.2762 0.404684375 0.23500000000000001 0.40089218750000005 0.24246093750000003 0.4517765625 0.2833015625 0.4566484375 0.2762
0 0.39990468749999997 0.2253078125 0.39914062499999997 0.23637812500000002 0.42724062500000004 0.23916093749999998 0.5172734375 0.26589843750000003 0.5749203125 0.2843671875 0.6551875 0.30634843749999996 0.6554546875 0.29853593749999996 0.5761578125 0.27545312499999997 0.49517187500000004 0.2487453125 0.428384375 0.22502343749999998 0.416684375 0.2253078125 0.39990468749999997 0.2253078125
0 0.3876609375 0.299496875 0.3565390625 0.276765625 0.354496875 0.28950312500000003 0.386309375 0.3094375 0.3876609375 0.299496875
0 0.3899078125 0.2249890625 0.3577 0.22534375 0.358240625 0.2349328125 0.3899078125 0.2342234375 0.3899078125 0.2249890625
0 0.3882828125 0.20900781249999997 0.3587828125 0.2193078125 0.361759375 0.2271203125 0.3890203125 0.21958125 0.3882828125 0.20900781249999997
0 0.3994375 0.1609875 0.4846609375 0.22435624999999998 0.5368421875 0.26370312500000004 0.54225625 0.2551796875 0.4018453125 0.150734375 0.3994375 0.1609875
0 1 0.3619578125 0.9047140625000001 0.3501671875 0.7940203125 0.328859375 0.6843546875000001 0.3040703125 0.6827703125 0.3176640625 0.7044109375 0.3373078125 0.79561875 0.3916453125 0.910075 0.45607031249999996 0.9596046875 0.48021874999999997 0.962740625 0.47258125 0.8924828125 0.435828125 0.76663125 0.3633796875 0.711690625 0.3292859375 0.7054640625 0.3239578125 0.8489078125 0.3545 0.9604140624999999 0.3726125 1 0.37609375 1 0.3619578125
0 0.734003125 0.30662500000000004 0.6889875 0.27935468750000003 0.685746875 0.287940625 0.7295859375 0.31451562499999997 0.734003125 0.30662500000000004
0 0.773703125 0.3006640625 0.83405625 0.339375 0.8386578124999999 0.3294296875 0.7607109375000001 0.2797109375 0.7100984375 0.24845625 0.6879046875 0.22928125000000002 0.6827703125 0.23833125000000002 0.708746875 0.2608875 0.773703125 0.3006640625
0 0.713128125 0.38403437500000004 0.793871875 0.435109375 0.871628125 0.4800703125 0.8759578125 0.47119218749999997 0.7170093750000001 0.37651249999999997 0.713128125 0.38403437500000004
0 0.9085296875 0.42115625 0.9738749999999999 0.4523359375 0.9792859375 0.44381250000000005 0.901765625 0.4051765625 0.8449015624999999 0.3734265625 0.7804703125 0.337590625 0.7687828125 0.341846875 0.8600562500000001 0.39473437499999997 0.9085296875 0.42115625
0 0.9992171875 0.41519218750000003 0.8909578125 0.35943281250000003 0.8800921875000001 0.3641125 0.9951578124999999 0.424778125 0.9992171875 0.41519218750000003
0 0.7764249999999999 0.18975 0.665484375 0.12461249999999999 0.665015625 0.134675 0.7689015625 0.1976453125 0.9986750000000001 0.321503125 1 0.3106328125 0.7764249999999999 0.18975