1 0.7817624999999999 0.4406921875 0.7792859375 0.500059375 0.778065625 0.5101984374999999 0.765625 0.6318984375000001 0.7651343749999999 0.6469296875 0.779296875 0.6472765625 0.794825 0.645328125 0.795640625 0.6298515625000001 0.83143125 0.6314484375 0.8125 0.5114140625 0.8046875 0.2781359375 0.7981906249999999 0.2236953125 0.7900359375 0.2241359375 0.7851578124999999 0.2653203125 0.7826703125 0.4275703125 0.7817624999999999 0.4406921875
1 0.5712890625 0.71008125 0.568359375 0.7216171874999999 0.5664078124999999 0.9318234375 0.5664281250000001 0.9379531249999999 0.580078125 0.939515625 0.5820328124999999 0.7318703125 0.580078125 0.7139296875000001 0.5712890625 0.71008125
0 0.5685796875 0.7850734375 0.5041671875 0.7843640625 0.5044375 0.7918203125 0.568309375 0.7932421875 0.5685796875 0.7850734375
0 0.5675265625 0.8037890624999999 0.515565625 0.8034328125 0.5155093749999999 0.8125515625 0.5670984375 0.812528125 0.5675265625 0.8037890624999999
0 0.7450890625000001 0.81125 0.5821609375000001 0.8069875 0.581878125 0.8160671875000001 0.74455 0.8190625 0.7450890625000001 0.81125
0 0.8295921875 0.79183125 0.5814140625 0.788296875 0.5812828125 0.7969265625 0.830190625 0.8008671875 0.8295921875 0.79183125
0 0.3907703125 0.60329375 0.3528875 0.607659375 0.35271093750000004 0.6160671875 0.3909796875 0.6128828125 0.44646093750000004 0.6008078125 0.535503125 0.5816328125 0.67605 0.5461171874999999 0.7783546875 0.5169953125 0.7767234375000001 0.506096875 0.708796875 0.52623125 0.5715796875 0.56103125 0.44900312500000006 0.5898015625 0.3907703125 0.60329375
0 0.428675 0.5434140625 0.5133062500000001 0.5271671875 0.6096703125 0.503996875 0.7075828125 0.4767546875 0.781328125 0.455203125 0.7800859375 0.44503906249999997 0.6704015625 0.4759421875 0.5669109375 0.5048078125 0.46651718750000004 0.5271671875 0.426546875 0.5361140625 0.428675 0.5434140625
0 0.42731250000000004 0.5367078125 0.557925 0.5027734374999999 0.672878125 0.466184375 0.7742 0.43284374999999997 0.7844249999999999 0.4275578125 0.782875 0.4194265625 0.73856875 0.4340625 0.5978953125 0.477565625 0.5562796875 0.491609375 0.426546875 0.5279843750000001 0.42731250000000004 0.5367078125
0 0.5422796875 0.4590109375 0.63456875 0.43521875000000004 0.72631875 0.41071093750000004 0.7824203125 0.3929578125 0.78205625 0.3839734375 0.7242296875 0.4018328125 0.6054171875 0.4330859375 0.45462187500000006 0.46895625 0.4550921875 0.4750515625 0.5422796875 0.4590109375
0 0.7871609375 0.3627703125 0.785809375 0.352825 0.6959531250000001 0.3847890625 0.453009375 0.4605046875 0.45424687500000005 0.4695828125 0.55124375 0.44125312499999997 0.653546875 0.4092921875 0.7871609375 0.3627703125
0 0.6305468750000001 0.3576921875 0.7844171875 0.3019375 0.781440625 0.29128125 0.7194609375 0.3143671875 0.5654640625 0.3676359375 0.405625 0.41842187500000005 0.40836875 0.427265625 0.5138984375 0.396046875 0.6305468750000001 0.3576921875
0 0.7526937499999999 0.2485 0.7885328125 0.23557812500000003 0.789565625 0.2235578125 0.5168625 0.309653125 0.51956875 0.32243750000000004 0.7526937499999999 0.2485
0 0.9784796874999999 0.5380703125 0.8099703125 0.431621875 0.8088296875 0.4435703125 0.97449375 0.5451640624999999 0.9784796874999999 0.5380703125
0 0.9850796875000001 0.528046875 0.8105390625 0.41481250000000003 0.8079765625 0.42601562499999995 0.9821046875 0.53728125 0.9850796875000001 0.528046875
0 1 0.496125 0.808378125 0.367921875 0.8086484374999999 0.38105781250000004 0.929628125 0.45990156249999997 1 0.5071328125 1 0.496125
0 1 0.479078125 0.91311875 0.4233203125 0.8078390625 0.34980781250000004 0.8062828124999999 0.36255000000000004 0.89255 0.4208359375 1 0.493284375 1 0.479078125
0 0.932796875 0.39423906249999996 0.805865625 0.3047421875 0.8056875 0.31489375000000003 0.922515625 0.39814531249999996 0.9991078124999999 0.44964062499999996 1 0.43969531249999994 0.932796875 0.39423906249999996
0 0.9341515625 0.37861406249999996 0.8053250000000001 0.2866328125 0.8042 0.296925 0.9103359375 0.3732859375 0.999378125 0.43401562499999996 1 0.4219375 0.9341515625 0.37861406249999996
0 0.9162968749999999 0.3141375 0.9436312499999999 0.330828125 0.9520203125 0.32585625 0.8004609374999999 0.22393281250000002 0.7988421875 0.23676875000000003 0.9317234375 0.335090625 0.9387624999999999 0.3315390625 0.9162968749999999 0.3141375
0 0.9983124999999999 0.312984375 0.89844375 0.3474328125 0.9060234375 0.35666875 1 0.3264796875 0.9983124999999999 0.312984375
0 0.999125 0.3683875 0.9544671875 0.3399765625 0.9488421875 0.345753125 0.9939828125 0.37478125 0.999125 0.3683875
0 1 0.3570234375 0.9688125 0.3357140625 0.9613421875 0.340675 0.9993953125000001 0.3666125 1 0.3570234375
0 0.8680468749999999 0.3589734375 0.836921875 0.3667859375 0.8434203124999999 0.3756640625 0.8765203125 0.3672375 0.8680468749999999 0.3589734375
0 0.9999874999999999 0.371925 0.9571249999999999 0.38879687500000004 0.9641671875 0.39924218749999996 1 0.38839375 0.9999874999999999 0.371925
0 0.9246718749999999 0.40004687499999997 0.8986515624999999 0.41089062500000006 0.9096718750000001 0.420534375 0.9372828125 0.4087421875 0.9246718749999999 0.40004687499999997
0 0.8665062499999999 0.4793234375 0.811984375 0.49515937499999996 0.8136093750000001 0.5065234375000001 0.8780093750000001 0.48833281250000005 0.8665062499999999 0.4793234375
0 0.9291750000000001 0.4574765625 0.900178125 0.4700203125 0.9094171875000001 0.4779640625 0.9377328125 0.46778906249999996 0.9291750000000001 0.4574765625
0 0.9825531249999999 0.4375265625 0.9543515625 0.44892656249999996 0.9662593749999999 0.45780468750000003 0.9919968750000001 0.44653593750000004 0.9825531249999999 0.4375265625
0 0.8625453125 0.41597343750000004 0.83461875 0.42843749999999997 0.8422171875 0.4367109375 0.8714765625 0.4234296875 0.8625453125 0.41597343750000004
0 0 0.61060625 0.11220000000000001 0.5998515624999999 0.1868984375 0.5863546875 0.1844203125 0.5764375 0.1037328125 0.590359375 0 0.600953125 0 0.61060625
0 0 0.5906515625 0.000032812500000000005 0.5910671875 0.0920953125 0.5718328125000001 0.17924374999999998 0.5476796875 0.1746421875 0.53809375 0.10292187500000001 0.55798125 0 0.58141875 0 0.5906515625
0 0 0.5564921875 0.095428125 0.5440625 0.1645984375 0.53359375 0.16212500000000002 0.523496875 0 0.5437765625 0 0.5564921875
0 0 0.4676046875 0.06048750000000001 0.4517390625 0.1527140625 0.42528125 0.1486078125 0.4135234375 0 0.45512499999999995 0 0.4676046875