1 0.9500359375 0.03175 0.938003125 0.03421875 0.9259671875000001 0.09540625 0.9230625 0.2329140625 0.9501546875000001 0.23348125 0.952384375 0.098375 0.9500359375 0.03175
1 0.9959312499999999 0.23078437499999999 0.991875 0.0696015625 0.9822140625 0.0699140625 0.9836515625000001 0.2310265625 0.9959312499999999 0.23078437499999999
0 0.9805953125 0.22279374999999998 0.9521750000000001 0.19935624999999998 0.9485453125 0.205909375 0.977615625 0.23025 0.9805953125 0.22279374999999998
0 0.9833000000000001 0.1464375 0.9529875000000001 0.145375 0.9527171875 0.1528328125 0.9833000000000001 0.1553171875 0.9833000000000001 0.1464375
0 0.983571875 0.1382703125 0.981678125 0.1315234375 0.9716640625 0.135075 0.954071875 0.11873906249999999 0.9527171875 0.1301015625 0.9608359375 0.13755781250000002 0.951634375 0.14146875 0.9510953125 0.143953125 0.9515203124999999 0.146925 0.983571875 0.1382703125
0 0.9000328124999999 0.2191765625 0.9259828125 0.21160937500000002 0.9242531250000001 0.201015625 0.8838874999999999 0.213121875 0.7247375 0.2577625 0.6788953125 0.26116875 0.6788953125 0.2717625 0.6791515625 0.2746953125 0.7593359375000001 0.2744109375 0.8801406249999999 0.275921875 0.8792734375 0.2660859375 0.8218984375 0.2645734375 0.8749499999999999 0.25398125 0.8717765625 0.24376562499999999 0.7844203125 0.2630578125 0.72300625 0.2657078125 0.7873 0.2501953125 0.9000328124999999 0.2191765625
0 0.6738062499999999 0.2174875 0.737265625 0.20409375000000002 0.8547968750000001 0.1776640625 0.9265296875000001 0.1566671875 0.9268062499999999 0.1461671875 0.8898359375 0.15702812500000002 0.7643 0.185265625 0.6395953125 0.2116953125 0.63655 0.2214484375 0.6738062499999999 0.2174875
0 0.9279109375000001 0.132046875 0.927634375 0.1222734375 0.7993421875 0.1588390625 0.6442859375000001 0.20119531249999997 0.6447406250000001 0.2114953125 0.7110531250000001 0.19504375000000002 0.81506875 0.1649921875 0.9279109375000001 0.132046875
0 0.4752109375 0.560078125 0.33393125 0.5607890624999999 0.33422968750000004 0.568690625 0.4754828125 0.5686015624999999 0.4752109375 0.560078125
0 0.447059375 0.5381328125 0.33393125 0.54978125 0.3339609375 0.5563015625000001 0.4467921875 0.548359375 0.55505 0.5306015625 0.5555921875000001 0.5231453125 0.447059375 0.5381328125
0 0.580428125 0.45591875000000004 0.3376578125 0.48965625 0.3375328125 0.49927031250000004 0.5809703125000001 0.4655078125 0.580428125 0.45591875000000004
0 0.47585156250000005 0.391825 0.3380921875 0.41490625000000003 0.33755 0.42946875 0.4815359375 0.40318750000000003 0.5792375 0.3896921875 0.5792375 0.3712265625 0.47585156250000005 0.391825
0 0.21521093750000003 0.385596875 0.3330625 0.3611046875 0.5160390625 0.3195546875 0.585325 0.3028640625 0.5815328125 0.293984375 0.44885937499999995 0.3211875 0.2137953125 0.3450203125 0.21514843749999998 0.3638390625 0.3201578125 0.3538984375 0.213253125 0.3748515625 0.21521093750000003 0.385596875
0 0 0.2880890625 0.2112046875 0.2763703125 0.3987671875 0.2582609375 0.46216406250000003 0.2508 0.21425 0.3044296875 0.21461562500000003 0.319971875 0.379696875 0.282765625 0.49391093750000004 0.2497390625 0.500675 0.24618437499999998 0.5738984375 0.23233593749999998 0.5728156249999999 0.22452343749999998 0.4607671875 0.23908125 0.29505625 0.2571953125 0.2111578125 0.264296875 0.0006421875 0.2738859375 0 0.2880890625
0 0.205609375 0.3067703125 0 0.350453125 0.0012234375000000001 0.362159375 0.2069640625 0.3199109375 0.205609375 0.3067703125
0 0 0.42634375 0.141996875 0.39965937500000004 0.140328125 0.39082812499999997 0 0.41497968749999997 0 0.42634375
0 0 0.3805625 0.09755625 0.3734609375 0.20836562500000003 0.3641125 0.20852343750000002 0.357121875 0.1668421875 0.36103125 0 0.3738125 0 0.3805625
0 0.2079828125 0.35001875 0.000125 0.366 0.000628125 0.373878125 0.2079828125 0.3574765625 0.2079828125 0.35001875
0 0.13628281250000002 0.433015625 0 0.4451953125 0.000032812500000000005 0.4574734375 0.1368 0.44661718749999996 0.13628281250000002 0.433015625
0 0.072115625 0.46792656250000003 0.0006671875 0.4824890625 0 0.4930203125 0.072928125 0.4785828125 0.072115625 0.46792656250000003
0 0.1365296875 0.45975781250000003 0.0840265625 0.46721406249999997 0.083484375 0.47645 0.1373421875 0.46899218749999994 0.1365296875 0.45975781250000003
1 0.212890625 0.3883671875 0.2140453125 0.1829296875 0.20909218749999997 0.18184687500000002 0.2070328125 0.18328906250000002 0.2068625 0.38840625 0.212890625 0.3883671875
0 0.706809375 0.11552812500000001 0.8229828124999999 0.0824140625 0.9364046874999999 0.0496359375 0.934378125 0.0350203125 0.7038296875000001 0.1005046875 0.706809375 0.11552812500000001
0 0.9840859375000001 0.061917187500000005 0.9530125 0.03934375 0.9516249999999999 0.053542187500000005 0.980296875 0.07339375000000001 0.9840859375000001 0.061917187500000005