0 0.10093749999999999 0.1120984375 0.1072265625 0.2966875 0.1168875 0.294784375 0.1125421875 0.1160125 0.119996875 0.11533906249999999 0.1217171875 0.1115734375 0.1217171875 0.10396875000000001 0.1072265625 0.09509375 0.088871875 0.09509375 0.088871875 0.10587031250000001 0.10093749999999999 0.1120984375
0 0.12281875 0.4340359375 0.120703125 0.33166406249999997 0.1104671875 0.331203125 0.11258281249999999 0.4368171875 0.12281875 0.4340359375
0 0.256625 0.5200828125 0.2574796875 0.48309375 0.2523546875 0.48253124999999997 0.251075 0.51671875 0.248940625 0.5200828125 0.248809375 0.5296875 0.24979218749999998 0.5363359375 0.2425328125 0.7997375 0.24780000000000002 0.7981374999999999 0.2549171875 0.549221875 0.25625 0.5328125 0.2571421875 0.524609375 0.256625 0.5200828125
0 0.5115031250000001 0.486109375 0.5724640625 0.481175 0.6087921875 0.4735046875 0.6497109375 0.4614484375 0.717425 0.433496875 0.7721250000000001 0.40499999999999997 0.76961875 0.395684375 0.74999375 0.40499999999999997 0.7140828124999999 0.4241796875 0.6639796875 0.4450078125 0.6272328125 0.45651562500000004 0.6101125 0.4603515625 0.587565625 0.46583125000000003 0.5650171875 0.47131249999999997 0.53913125 0.47404999999999997 0.47065156249999995 0.47404999999999997 0.413446875 0.4625421875 0.3616703125 0.44445625 0.319496875 0.4214421875 0.278578125 0.39349218750000003 0.2710625 0.38582031250000004 0.269809375 0.383078125 0.26187499999999997 0.383078125 0.262640625 0.395684375 0.2744046875 0.40078125 0.282440625 0.407421875 0.312746875 0.428015625 0.35241406249999996 0.45103593750000004 0.3816421875 0.4641875 0.406696875 0.471859375 0.4334203125 0.47953124999999996 0.45346093749999994 0.4828203125 0.47225312500000005 0.4839171875 0.5115031250000001 0.486109375
0 0.8460328125000001 0.3443796875 0.80195 0.37608593749999997 0.776890625 0.3907453125 0.77749375 0.3990703125 0.7780984375 0.40184375 0.8158390624999999 0.37687499999999996 0.852675 0.351515625 0.8460328125000001 0.3443796875
0 1 0.2080546875 0.930578125 0.2722546875 0.8614312500000001 0.335265625 0.868678125 0.3408125 0.9565453125 0.263534375 1 0.2207390625 1 0.2080546875
0 0.744940625 0.4796875 0.753571875 0.415625 0.7470234375 0.416796875 0.7375 0.478515625 0.744940625 0.4796875
0 0.76011875 0.3265625 0.7494046875 0.4046875 0.755953125 0.40234375 0.7657734375 0.332421875 0.76011875 0.3265625
0 0.861309375 0.329296875 0.85625 0.324609375 0.8327375 0.324609375 0.8324406249999999 0.334375 0.8258921875 0.336328125 0.8145828125 0.3265625 0.772321875 0.32421875 0.7729171874999999 0.333203125 0.7770828125 0.332421875 0.7755953124999999 0.352734375 0.7767859374999999 0.3546875 0.7806546875 0.358203125 0.7857140625000001 0.358203125 0.7895828125000001 0.35625 0.790178125 0.3375 0.8485125 0.34140625 0.8633921875 0.3375 0.861309375 0.329296875
0 1 0.359375 0.8580359375000001 0.3375 0.85386875 0.34765625 0.9244046875 0.35703125 1 0.367578125 1 0.359375
1 0.7732140625 0.287890625 0.7797625 0.284375 0.784821875 0.275 0.7842265625 0.258984375 0.77738125 0.25625 0.7577375 0.2578125 0.75386875 0.263671875 0.755859375 0.275575 0.7604171875 0.28359375 0.765625 0.316590625 0.7672625 0.367578125 0.7881421875 0.7006796875 0.796253125 0.7015 0.7925093750000001 0.6085390625 0.7773453124999999 0.3832390625 0.80386875 0.378125 0.8085953124999999 0.367859375 0.8074406249999999 0.36015625 0.8017593749999999 0.356325 0.7952375 0.35546875 0.782440625 0.3640625 0.775390625 0.36273125 0.7732140625 0.287890625
1 0.206053125 0.3024921875 0.144815625 0.2933984375 0.09135937499999999 0.293825 0.0890921875 0.30360156250000003 0.091796875 0.3140265625 0.0946015625 0.3274140625 0.11425937500000001 0.3358171875 0.166990625 0.31274531250000004 0.2021484375 0.31274531250000004 0.22354218750000002 0.3248625 0.25 0.35760625 0.25269375 0.409153125 0.246553125 0.4172109375 0.246553125 0.4345671875 0.2555265625 0.4475859375 0.2588328125 0.4897421875 0.27437187500000004 0.7846093749999999 0.2736703125 0.8669328125 0.2817296875 0.8683156249999999 0.2890859375 0.8669328125 0.287109375 0.7857078125 0.265625 0.3960578125 0.26420781249999997 0.390925 0.263671875 0.3832390625 0.25820468750000003 0.3206125 0.24783906249999998 0.32146093750000004 0.247071875 0.3358171875 0.229046875 0.31295625 0.2193296875 0.3053046875 0.206053125 0.3024921875