1 0.49569375000000004 0.9012921875 0.487184375 0.9967 0.5753421875 0.997715625 0.553690625 0.821109375 0.5529171875000001 0.676984375 0.550875 0.6169734375 0.5514218750000001 0.571109375 0.524303125 0.4191828125 0.5134796875000001 0.4202 0.4925984375 0.606953125 0.49569375000000004 0.9012921875
0 0.10534218749999999 0.17439375 0.30134531249999996 0.15705156250000002 0.6107734375 0.12525312500000002 0.6111421874999999 0.11369218750000001 0.542871875 0.12188281249999999 0.2958578125 0.1454875 0.104628125 0.16379375000000002 0.0000203125 0.1686125 0 0.17872656250000002 0.10534218749999999 0.17439375
0 0 0.1666828125 0.1090328125 0.158496875 0.3637625 0.1334453125 0.6148156250000001 0.10502031249999999 0.6159171875 0.0939421875 0.5215859375 0.10405781249999999 0.28117187499999996 0.13103437499999998 0 0.15560625 0 0.1666828125
0 0 0.29325 0.213871875 0.27652343749999997 0.5902375 0.23575 0.5890421875 0.222684375 0.524125 0.22999999999999998 0.20034843750000003 0.26554687499999996 0 0.282796875 0 0.29325
0 0.5727109375 0.31520625 0.454421875 0.328796875 0.18041093749999998 0.3565 0 0.3711375 0.0007968750000000001 0.38368437499999997 0.2620625 0.360684375 0.5719140625 0.32670781249999997 0.5727109375 0.31520625
0 0 0.4699328125 0.307065625 0.443796875 0.5500171875000001 0.41609375000000004 0.550815625 0.4019796875 0.418190625 0.4166171875 0.238171875 0.4370046875 0 0.4594796875 0 0.4699328125
0 0.6232953125 0.095659375 0.639621875 0.001046875 0.6316578125000001 0 0.6213 0.06164531250000001 0.5790859375 0.271253125 0.548815625 0.4103 0.5285062500000001 0.489234375 0.53368125 0.498640625 0.556384375 0.412925 0.5986015625000001 0.22477343749999998 0.6232953125 0.095659375
0 0.6838296875000001 0 0.671484375 0.064784375 0.6515718749999999 0.1792625 0.61731875 0.3460359375 0.5814765625 0.510621875 0.567934375 0.5723 0.5751015625 0.5760468750000001 0.5890421875 0.5143671875 0.6252859374999999 0.35075 0.662203125 0.168359375 0.6702375 0.1265625 0.6933906249999999 0 0.6838296875000001 0
0 0.7188984375 0 0.7081703125 0.0330078125 0.6903984375000001 0.0941796875 0.6655828125000001 0.169875 0.651503125 0.21124218749999998 0.655190625 0.22004687500000003 0.6635718749999999 0.2006796875 0.6686015624999999 0.1839578125 0.6971046875 0.0968203125 0.7262734375 0 0.7188984375 0
0 0.5824281250000001 0.3841984375 0.5951703125 0.36219531250000003 0.6152890625 0.321265625 0.6048921875 0.3208234375 0.596175 0.33975 0.5847765625 0.363075 0.5747171875 0.3784765625 0.561303125 0.3960828125 0.5673390625 0.4018 0.5824281250000001 0.3841984375
0 0.631384375 0.26361406249999997 0.610928125 0.3089453125 0.6126078125000001 0.31114375 0.6193125 0.31114375 0.6337296875 0.276375 0.631384375 0.26361406249999997
0 0.6069046874999999 0.39740312499999997 0.5586218749999999 0.40312187499999996 0.5572796875 0.4150046875 0.605565625 0.407965625 0.6069046874999999 0.39740312499999997
0 0.6250125 0.31070312499999997 0.577734375 0.3146640625 0.577734375 0.32390625 0.625684375 0.319503125 0.6250125 0.31070312499999997
0 0.6434546875 0.21740624999999997 0.59919375 0.2213671875 0.5965125 0.2345671875 0.64245 0.2297265625 0.6434546875 0.21740624999999997
0 0.6632374999999999 0.10958125 0.6199828125 0.114421875 0.6189765625 0.12366406249999999 0.6632374999999999 0.1183828125 0.6632374999999999 0.10958125
0 0.6655828125000001 0.08889843750000001 0.623 0.09330000000000001 0.6223296875 0.1038625 0.6659203125000001 0.0994609375 0.6655828125000001 0.08889843750000001
0 0.7916609375 0.0730546875 0.7004546875 0.0836171875 0.69945 0.0946203125 0.7916609375 0.0831765625 0.7916609375 0.0730546875
0 0.7849546875 0.0941796875 0.69375 0.103421875 0.69274375 0.11354375000000001 0.7852890625 0.1047421875 0.7849546875 0.0941796875
0 0.7614828124999999 0.2002421875 0.652509375 0.21344531249999998 0.6491546875 0.2270859375 0.7604765625 0.2143234375 0.7614828124999999 0.2002421875
0 0.7396874999999999 0.2953015625 0.633059375 0.3067421875 0.6317171874999999 0.3177453125 0.73868125 0.304984375 0.7396874999999999 0.2953015625
0 0.7188984375 0.3806796875 0.6162953124999999 0.3943203125 0.612940625 0.40928437500000003 0.71755625 0.395640625 0.7188984375 0.3806796875
0 0.8084828125 0 0.7982 0.042125 0.7657140625000001 0.1824609375 0.73980625 0.29202812499999997 0.6958031250000001 0.4636609375 0.6731874999999999 0.552715625 0.6431671875 0.6568875000000001 0.6205468749999999 0.73353125 0.595053125 0.811690625 0.5753125 0.8564890625 0.5592734375 0.8969687499999999 0.5642109375000001 0.906765625 0.5876484375000001 0.8517109375 0.6020453125 0.8171671875 0.6345296874999999 0.7162375 0.669484375 0.6018125000000001 0.7027953124999999 0.47552656249999997 0.7430953125 0.3152234375 0.7751718750000001 0.18353906250000002 0.817940625 0 0.8084828125 0
0 0.9309015625000001 0.8182546875 0.9054343749999999 0.8487734375 0.893253125 0.8628234375 0.8648296875 0.8943125000000001 0.8223843750000001 0.9277421875 0.7740296875 0.9524484375 0.7696015625 0.9543874999999999 0.7727046875 0.965059375 0.8047796875 0.9510234375 0.8434375 0.9251171875 0.8763359375 0.8981296875 0.9168749999999999 0.8536203125 0.9441578125 0.821890625 0.9676515625000001 0.7914656250000001 1 0.7470390625000001 0.9984500000000001 0.7339578125 0.964490625 0.7756203125 0.9309015625000001 0.8182546875
0 1 0.4425078125 0.996309375 0.443003125 0.9588484375 0.517003125 0.9664171874999999 0.52395625 1 0.454921875 1 0.4425078125
0 0.7961406249999999 0.512034375 0.703809375 0.5398468750000001 0.7072171875000001 0.54978125 0.7972734375 0.5209765625 0.7961406249999999 0.512034375
0 0.9887406249999999 0.44946093749999994 0.8120296874999999 0.5070703125 0.8124109374999999 0.5175 0.990253125 0.45889375 0.9887406249999999 0.44946093749999994
0 0.969065625 0.48968749999999994 0.8551671875 0.527434375 0.8585750000000001 0.535875 0.96830625 0.501109375 0.969065625 0.48968749999999994
0 1 0.11460937499999999 0.9961609375 0.1134375 0.9863593749999999 0.1374140625 0.955175 0.211671875 0.931115625 0.2672234375 0.897259375 0.337390625 0.8727562499999999 0.3888484375 0.8424609375 0.4426453125 0.8172078125000001 0.4861515625 0.8005828125000001 0.5128078125 0.7836515625 0.537953125 0.7907796874999999 0.5438015625 0.8126093750000001 0.5110546874999999 0.843796875 0.4601828125 0.8932499999999999 0.36779687499999997 0.9413625 0.2643015625 0.9693453125 0.203515625 1 0.126953125 1 0.11460937499999999
0 0.9985125 0.06484375 0.7958328125 0.091015625 0.79613125 0.1015625 0.9991078124999999 0.07421875 0.9985125 0.06484375
0 0.8002968750000001 0.080078125 1 0.0515625 0.9997031249999999 0.041796875 0.8005953124999999 0.070703125 0.8 0.079296875 0.8002968750000001 0.080078125
0 0.7678578125 0.212890625 0.9672625 0.1859375 0.9738093750000001 0.166796875 0.77113125 0.19453125 0.7678578125 0.212890625
0 1 0.162109375 0.9821421875 0.163671875 0.9767859375000001 0.180859375 1 0.178515625 1 0.162109375
0 0.9276781250000001 0.2671875 0.747321875 0.2921875 0.747321875 0.303515625 0.9264875 0.27890625 0.9276781250000001 0.2671875
0 1 0.25703125 0.93988125 0.265625 0.9363093750000001 0.27578125 1 0.268359375 1 0.25703125
0 0.9130953125 0.29140625 0.8363093750000001 0.31796875 0.732440625 0.3546875 0.732440625 0.3609375 0.7327375 0.365625 0.8330359375 0.329296875 0.91488125 0.30078125 0.9130953125 0.29140625
0 0.7244046875000001 0.39453125 0.88125 0.37265625 0.8827375 0.357421875 0.7258921875000001 0.378125 0.7235125 0.39453125 0.7244046875000001 0.39453125
0 0.9696421875000001 0.351953125 1 0.3453125 0.9997031249999999 0.338671875 0.89761875 0.355078125 0.8940468750000001 0.3671875 1 0.35546875 0.9988093750000001 0.349609375 0.9696421875000001 0.351953125