1 0.5085203125 0.4781171875 0.542821875 0.4406359375 0.541203125 0.4329484375 0.51456875 0.4304015625 0.5097031249999999 0.3601453125 0.53305625 0.32015625000000003 0.5313984375 0.31260937499999997 0.5084500000000001 0.3098703125 0.488634375 0.18577656250000002 0.48202656250000003 0.1866875 0.480321875 0.199671875 0.46079218749999995 0.31246406250000003 0.433696875 0.324471875 0.4350890625 0.33359375 0.456884375 0.35604375 0.45493125 0.4329484375 0.43930625 0.4329484375 0.438671875 0.3873828125 0.43136875 0.3851015625 0.42754531250000005 0.432546875 0.41815781249999995 0.4448671875 0.419825 0.452028125 0.45216093749999997 0.47346875 0.45297968749999995 0.52010625 0.4529703125 0.558871875 0.44775625 0.5593281250000001 0.4474078125 0.531953125 0.438365625 0.5328671875000001 0.4387140625 0.5579562499999999 0.4227046875 0.5572781250000001 0.417203125 0.506715625 0.40883281250000003 0.5059578124999999 0.40805625 0.543175 0.401859375 0.5606953125 0.4079671875 0.569940625 0.40883281250000003 0.6002296874999999 0.4164609375 0.5994765625 0.41922031249999997 0.5722140625 0.45207499999999995 0.5946171875 0.4505890625 0.616046875 0.4392078125 0.765403125 0.4377234375 0.795921875 0.48555000000000004 0.80316875 0.48701249999999996 0.7655828125 0.493171875 0.67033125 0.49889062500000003 0.642625 0.50813125 0.5975937499999999 0.535984375 0.56753125 0.5425953125 0.567265625 0.54468125 0.554034375 0.519384375 0.543175 0.519384375 0.494471875 0.5085203125 0.4781171875
1 0.969490625 1 0.9787140624999999 0.6476531249999999 0.9491421875 0.6462296875 0.9486015625 0.6547734375 0.96875 0.6626609375 0.9586406249999999 0.9702 0.9580984375 1 0.969490625 1
1 0.8493453125 1 0.8589734375000001 0.69891875 0.8334734375 0.6985625 0.8334734375 0.708171875 0.849609375 0.7113625 0.8469765625000001 0.7847390625 0.8388390625 1 0.8493453125 1
0 0.5388578125000001 0.37090625 0.533984375 0.3748125 0.5304671875 0.376234375 0.525865625 0.377296875 0.5190984375000001 0.376234375 0.5109796875 0.37090625 0.5101515625 0.382471875 0.5180171875 0.3854640625 0.5345265625 0.3854640625 0.5372328125 0.3836921875 0.5450796875 0.37658593749999997 0.5532 0.3627390625 0.558071875 0.3488859375 0.5532 0.34569218749999997 0.5475171875 0.357765625 0.5412921875000001 0.3659328125 0.5388578125000001 0.37090625
0 0.4387171875 0.3950546875 0.454684375 0.4195578125 0.45766406249999997 0.41281249999999997 0.44229531250000004 0.38794062500000004 0.4387171875 0.3950546875
0 0.44005625000000004 0.48290625 0.439515625 0.45982500000000004 0.43058281249999997 0.45804687499999996 0.4308546875 0.4875234375 0.43545468749999994 0.49711249999999996 0.453009375 0.5180203125 0.4560234375 0.5067 0.44005625000000004 0.48290625
0 0.4178625 0.5177109375 0.4373484375 0.5404375 0.4405953125 0.5336921875 0.41705 0.5045703125000001 0.4178625 0.5177109375
0 0.5495828125 0.4964765625 0.54344375 0.4995984375 0.533428125 0.49995312500000005 0.5204375 0.4903625 0.5187828125 0.5000515625 0.528015625 0.5056375 0.5372171875 0.5102546875 0.5477734375 0.5091875 0.5550796874999999 0.5042140625 0.562115625 0.49604687500000005 0.5715890625 0.46870312500000005 0.5642828125 0.466925 0.5577859375 0.48539374999999996 0.554184375 0.49115156249999997 0.5495828125 0.4964765625
0 0.4911046875 0.20512812500000002 0.5610359375 0.262909375 0.681203125 0.3595078125 0.8677953125 0.5105203125 0.9980593750000001 0.613140625 1 0.6010671875 0.9198421874999999 0.5385625 0.792559375 0.437203125 0.6261015624999999 0.30215625 0.492059375 0.1906453125 0.4911046875 0.20512812500000002
0 0.5343843749999999 0.31359375 0.5310828125 0.32661250000000003 0.5946343749999999 0.379578125 0.6877375 0.4545109375 0.8438812499999999 0.580734375 0.9673718750000001 0.678684375 0.9703484375 0.666609375 0.876434375 0.5938046875 0.818365625 0.54739375 0.7286609375 0.47376874999999996 0.598796875 0.3689953125 0.5343843749999999 0.31359375
0 0.6090796875 0.46040625 0.5148953125 0.3836953125 0.51049375 0.3935984375 0.5782296875 0.4467734375 0.7230234375 0.5626875 0.727625 0.5559375 0.6090796875 0.46040625
0 0.8834843749999999 0.6755546875 0.7973359375 0.6104609375 0.794675 0.6211453125 0.8728484375000001 0.6800703125 0.965190625 0.7481453124999999 0.9686578125 0.739378125 0.8834843749999999 0.6755546875
0 0.563446875 0.4453125 0.5530296875 0.438840625 0.5428875 0.4377625 0.5399406250000001 0.44675000000000004 0.5579640625 0.464378125 0.573315625 0.47157499999999997 0.6204671875 0.508984375 0.7306703125 0.5996328125 0.75863125 0.6212140625 0.7602765625 0.6125828125 0.6665203125 0.536684375 0.5746875 0.4636609375 0.5716703125 0.459703125 0.563446875 0.4453125
0 0.6156453125 0.577471875 0.5218906249999999 0.5044500000000001 0.518234375 0.5155984375 0.626884375 0.5986953125000001 0.7645 0.70409375 0.7661453125000001 0.6943828125 0.6156453125 0.577471875
0 0.5462890625 0.5591203124999999 0.5411718750000001 0.5698015625 0.550675 0.5799921875 0.5638328125000001 0.590421875 0.5736046875 0.5945203125 0.6584109375 0.6616484375 0.770259375 0.74725 0.7710125 0.73484375 0.7028218749999999 0.68214375 0.566575 0.5785421875 0.563559375 0.5717109375 0.5462890625 0.5591203124999999
0 0.6300890625 0.7191171875 0.72905 0.7925 0.7764765625 0.825234375 0.7778484375 0.8137234375 0.6336515625 0.707965625 0.6300890625 0.7191171875
0 0.8187765625000001 0.657046875 0.782234375 0.6263328125000001 0.7787171875000001 0.6366328125 0.87155 0.71103125 0.9632999999999999 0.7806375 0.9657375 0.7706921875 0.8187765625000001 0.657046875
0 0.849684375 0.7561328125 0.7868921875 0.7089015625 0.7831046875000001 0.7192000000000001 0.845434375 0.765796875 0.849684375 0.7561328125
0 0.8471671875 0.7938515625 0.7889765625 0.7483906250000001 0.7857296875 0.7608203125 0.8447296874999999 0.8052140624999999 0.8471671875 0.7938515625
0 0.93888125 0.86079375 0.8574171875 0.7982890625 0.8550921875 0.8121609375000001 0.9331968749999999 0.870734375 0.93888125 0.86079375
0 0.962696875 0.8416140625 0.8598515624999999 0.7631281249999999 0.8562828124999999 0.7750515625000001 0.9589078125 0.85298125 0.962696875 0.8416140625
0 1 0.691253125 0.9794796874999999 0.6745234375 0.9785890625 0.6814484375000001 0.9783062499999999 0.6867703125 1 0.7034687500000001 1 0.691253125
0 1 0.7618515625 0.976503125 0.7462265625 0.9759249999999999 0.7590359375 1 0.77428125 1 0.7618515625