1 0.2148453125 0.7549453125000001 0.2634046875 0.7398015625000001 0.24902031249999998 0.622125 0.240234375 0.3960578125 0.23338437500000003 0.33383281249999996 0.22369374999999997 0.3334734375 0.220703125 0.37555 0.216796875 0.616515625 0.1964046875 0.7437421875 0.1961453125 0.7558984375 0.2148453125 0.7549453125000001
1 0.49631875000000003 0.4632921875 0.48828281249999994 0.455015625 0.48828281249999994 0.424253125 0.4974578125 0.41439843749999994 0.4980296875 0.40689843750000004 0.486328125 0.39349218750000003 0.48063124999999995 0.3288015625 0.4719828125 0.3278125 0.46484531249999994 0.398621875 0.4578578125 0.40907499999999997 0.45499999999999996 0.4128234375 0.45614218749999996 0.42145 0.462428125 0.43382343749999996 0.4627140625 0.4645734375 0.45542499999999997 0.46846875 0.45399687499999997 0.47821875 0.46213125 0.4889421875 0.46142500000000003 0.523253125 0.4549578125 0.5288640625000001 0.4549578125 0.53703125 0.4577078125 0.541628125 0.461996875 0.551375 0.46056875 0.5746249999999999 0.453125 0.670346875 0.4511484375 0.7142734374999999 0.454109375 0.7436906249999999 0.47949062500000006 0.7434109375 0.48828281249999994 0.7421249999999999 0.498046875 0.7344375000000001 0.5039078124999999 0.6908546875 0.4922890625 0.5401296875 0.5011453125 0.5333796875 0.5002890625 0.5285046875 0.490859375 0.520253125 0.49088750000000003 0.4797921875 0.500003125 0.478628125 0.5022921874999999 0.471128125 0.49631875000000003 0.4632921875
0 0 0.41693281249999997 0.1625171875 0.3681875 0.22377656250000003 0.34966718750000003 0.22176718750000002 0.33503906250000004 0 0.4069890625 0 0.41693281249999997
0 0 0.48898437499999997 0.21937812499999998 0.41411406250000005 0.2192 0.4080109375 0.2186578125 0.401971875 0.000246875 0.47513281249999995 0 0.48898437499999997
0 0 0.549425 0.21937812499999998 0.47661406250000005 0.217575 0.4656140625 0 0.536996875 0 0.549425
0 0.2183875 0.49615312500000003 0 0.55333125 0.0005171875000000001 0.5625625000000001 0.21759218749999998 0.5051296875 0.2183875 0.49615312500000003
0 0 0.5957656250000001 0.0005234375 0.6081953125 0.172925 0.5574109375 0.21878281249999998 0.5398953125 0.2183953125 0.5279328125 0.171303125 0.5456921875 0 0.5957656250000001
0 0.11825625 0.5957656250000001 0.21640156250000003 0.5676296875 0.2182078125 0.5559140625000001 0.000253125 0.6124578125 0 0.625953125 0.11825625 0.5957656250000001
0 0 0.6844265625 0.10182968750000002 0.6585515625 0.16380625 0.64328125 0.21523281249999998 0.6276515625 0.213878125 0.61735625 0.1594765625 0.632625 0 0.6738203125 0 0.6844265625
0 0.5587109375 0.670909375 0.5016046875 0.6389453125 0.5015203125000001 0.6484890625 0.5573578125 0.6797890625 0.5587109375 0.670909375
0 0.5457203125000001 0.6229640625 0.4989796875 0.595090625 0.4973546875 0.6047390625 0.5440953125 0.6322 0.5457203125000001 0.6229640625
0 0.5462625 0.6066296875 0.49646093750000003 0.5757296875 0.494296875 0.58603125 0.544675 0.6172390625 0.5462625 0.6066296875
0 0.53605625 0.5844375 0.49456875 0.561171875 0.49456875 0.5707625000000001 0.532809375 0.5940234375 0.53605625 0.5844375
0 0.524925 0.545125 0.5040859375 0.5295 0.49705625 0.5359890625 0.51599375 0.551875 0.5433296875 0.56785625 0.54711875 0.5586203125 0.524925 0.545125
0 0.4899140625 0.5102078125 0.5197859375 0.5302109374999999 0.55145 0.548325 0.5579468750000001 0.5390890625 0.491365625 0.5007343750000001 0.4899140625 0.5102078125
0 0.5695828125 0.5227546875 0.625065625 0.5508078125 0.6272328125 0.5419296874999999 0.5787859375 0.5160046875 0.5241156250000001 0.48404375 0.5032734375000001 0.470546875 0.49884218750000003 0.4789578125 0.5227625 0.4975390625 0.5695828125 0.5227546875
0 0.63886875 0.5209765625 0.5801406250000001 0.49114375 0.5130171875 0.45278906250000006 0.4910953125 0.439296875 0.48920312499999996 0.448528125 0.519515625 0.4662859375 0.576890625 0.49895625 0.6350796875 0.5302109374999999 0.63886875 0.5209765625
0 0.5993546875 0.47871406250000004 0.6567328125 0.5089015625 0.6616046875 0.5010890625 0.6004375 0.46841875 0.524925 0.4272234375 0.500296875 0.40591406250000006 0.4961640625 0.41802031250000005 0.5173484375 0.43432343749999996 0.5993546875 0.47871406250000004
0 0.5796578125 0.39291875 0.6947109375 0.44590625 0.6976875 0.4359609375 0.5921015625 0.387175 0.4825953125 0.32978125 0.4809015625 0.337590625 0.4810390625 0.340596875 0.49265468749999997 0.34652343750000003 0.5796578125 0.39291875
0 0.469328125 0.32896875 0.30330625 0.3783234375 0.31732499999999997 0.3862265625 0.47030625 0.340690625 0.469328125 0.32896875
0 0.41449687500000004 0.649796875 0.24431250000000002 0.5429140625 0.24397031249999998 0.5532578125 0.410134375 0.6588640625 0.41449687500000004 0.649796875
0 0.43250625 0.6468328125 0.24169999999999997 0.525375 0.24197031249999998 0.5378046875 0.42871718750000004 0.65535625 0.43250625 0.6468328125
0 0.2409140625 0.49018281249999995 0.4520171875 0.6329484375 0.4563484375 0.622653125 0.242265625 0.4788203125 0.241184375 0.484503125 0.2409140625 0.49018281249999995
0 0.37975625 0.55553125 0.242265625 0.4603515625 0.24169999999999997 0.47192656250000004 0.41142031250000005 0.5882031249999999 0.4563484375 0.618746875 0.4585125 0.608090625 0.37975625 0.55553125
0 0.36343125 0.503046875 0.241640625 0.414971875 0.24140156250000003 0.4266140625 0.3304140625 0.4916796875 0.458428125 0.5793984375 0.46005312500000006 0.5680359375 0.36343125 0.503046875
0 0.4622171875 0.5566718749999999 0.4375890625 0.5378484375 0.3485453125 0.47321562500000003 0.240828125 0.39828125000000003 0.24109843749999998 0.41035468750000004 0.32608281250000004 0.4696640625 0.41810156249999997 0.534653125 0.461134375 0.5662625 0.4622171875 0.5566718749999999
0 0.341425 0.4247421875 0.42695 0.486534375 0.434259375 0.482984375 0.3879765625 0.45102343749999996 0.43913125 0.48085625 0.4469796875 0.47765625 0.352253125 0.4140859375 0.2347921875 0.335246875 0.234259375 0.350440625 0.341425 0.4247421875
0 0.45360781250000004 0.41440625000000003 0.394875 0.43784375000000003 0.40164218749999997 0.446721875 0.45766718749999996 0.42541406249999997 0.45360781250000004 0.41440625000000003
0 0.4568546875 0.4840109375 0.3983921875 0.5063859374999999 0.4027234375 0.5141984374999999 0.4641609375 0.49146875 0.4568546875 0.4840109375
0 0.4525234375 0.47371093750000004 0.388109375 0.4999921875 0.3940625 0.50709375 0.4565796875 0.4832546875 0.4525234375 0.47371093750000004
0 0.631565625 0.5922890625 0.61099375 0.5741765625 0.606934375 0.5805671875 0.627115625 0.5973171875000001 0.631565625 0.5922890625
0 0.6375171875000001 0.584828125 0.61424375 0.563875 0.609371875 0.571690625 0.6318359375 0.5908671875 0.6375171875000001 0.584828125
0 0.66693125 0.56004375 0.6401375 0.5461921875 0.6363484374999999 0.5550703125 0.6626015625 0.5664328125 0.66693125 0.56004375
0 0.69575625 0.5476140625 0.6632796875 0.5305671875 0.656515625 0.5380234374999999 0.68931875 0.5543484375000001 0.69575625 0.5476140625
0 0.3735125 0.447784375 0.33264218749999996 0.459503125 0.3443953125 0.4721828125 0.38499374999999997 0.4554921875 0.3735125 0.447784375
0 0.3019046875 0.470765625 0.27159218749999997 0.4799953125 0.2797109375 0.48745781250000003 0.31272968749999996 0.47928906250000003 0.3019046875 0.470765625
0 0.3047703125 0.590903125 0.24793437499999998 0.6040421874999999 0.24982812499999998 0.6161171875 0.315509375 0.6012234375000001 0.3047703125 0.590903125
0 0.361440625 0.5116359375 0.3322109375 0.521221875 0.34357812499999996 0.531878125 0.3733484375 0.520515625 0.361440625 0.5116359375
0 0.302875 0.5312390625 0.2736453125 0.5429578125 0.28230625 0.5514796875 0.31431875 0.5406765625000001 0.302875 0.5312390625
0 0.42461874999999993 0.5558484375 0.39511875 0.56579375 0.399990625 0.5718328125000001 0.4286046875 0.5617703125 0.42461874999999993 0.5558484375
0 0.394578125 0.5665046874999999 0.42205624999999997 0.5555203125 0.41872031249999997 0.5527968750000001 0.416015625 0.5488906250000001 0.38754218749999997 0.5594015625 0.394578125 0.5665046874999999
0 0.3662140625 0.5741015625 0.3402328125 0.5886640625 0.34780937500000003 0.59328125 0.371759375 0.5809109375 0.3662140625 0.5741015625
0 0.3572828125 0.5694890625 0.330759375 0.5815625 0.33969062499999997 0.5883078125 0.36550937499999997 0.5746609375 0.3572828125 0.5694890625
0 0.4550953125 0.5343984374999999 0.44129218750000004 0.5386609375 0.4458921875 0.545765625 0.458365625 0.5414578125 0.4550953125 0.5343984374999999