1 0.2 0.7359375 0.2005953125 0.76171875 0.216796875 0.7626328124999999 0.2070328125 0.175596875 0.20545312500000001 0.13515625 0.18988125 0.13779375 0.2 0.7359375
1 0.3433984375 0.789325 0.343753125 0.7203046875 0.3381078125 0.7212296874999999 0.3384578125 0.7897890624999999 0.3433984375 0.789325
1 0.6500953125 0.428015625 0.650390625 0.4396375 0.6652703125 0.718453125 0.66668125 0.746246875 0.6783296875 0.747171875 0.6640625 0.480653125 0.659625 0.4270890625 0.6500953125 0.428015625
1 0.9993390625 0.571965625 0.9968421875000001 0.54948125 0.9921875 0.4724921875 0.9904171875 0.4628203125 0.9797109374999999 0.4628203125 0.9804703124999999 0.49043749999999997 0.990234375 0.6109218750000001 0.9929171875 0.6890734375 1 0.6878234375 0.9993390625 0.571965625
0 1 0.07353125 0.730509375 0.08410625000000001 0.49762500000000004 0.0937140625 0.24043437499999998 0.09865937500000001 0 0.10392187500000001 0 0.117746875 0.41543437499999997 0.11115625 0.9081015625 0.08987031250000001 1 0.0860265625 1 0.07353125
0 0.0005953125 0.306640625 0.03988125 0.2890625 0.1333328125 0.24140625 0.184821875 0.2109375 0.184821875 0.2078125 0.19136875 0.20703125 0.190178125 0.1984375 0.17410781250000001 0.203515625 0.1571421875 0.213671875 0 0.295703125 0.0005953125 0.306640625
0 1 0.505153125 0.8773031250000001 0.5030703125 0.827765625 0.496815625 0.735671875 0.4788953125 0.629925 0.44221875 0.5414796875000001 0.4047890625 0.447796875 0.355190625 0.361871875 0.30517656249999997 0.307946875 0.2704140625 0.23903593750000002 0.22039843750000002 0.2314140625 0.21581250000000002 0.226015625 0.20372656249999999 0.21934843750000002 0.1999765625 0.20664531249999998 0.1999765625 0.20632812500000003 0.20831249999999998 0.2119046875 0.208203125 0.2139875 0.215625 0.2154765625 0.226171875 0.21636875 0.230078125 0.2383921875 0.232421875 0.3092265625 0.283984375 0.3586640625 0.315640625 0.43753281250000003 0.362515625 0.51045 0.400796875 0.575446875 0.4324375 0.650296875 0.46171875 0.70386875 0.48046875 0.7911453125000001 0.50234375 0.8577203125 0.514325 0.895609375 0.513671875 1 0.514325 1 0.505153125
0 0.9791671875000001 0.4765625 0.9199609375 0.503484375 0.9291703124999999 0.5076515625 0.9806125 0.4859796875 0.9791671875000001 0.4765625
0 0.887796875 0.526953125 0.8069109375 0.562253125 0.7751546874999999 0.5751765625 0.7754734375 0.58434375 0.7754734375 0.5864265625 0.8053250000000001 0.5751765625 0.891071875 0.53515625 0.887796875 0.526953125
0 0.7797625 0.56796875 0.8625 0.53515625 0.9014875 0.519921875 0.8922625 0.512109375 0.77738125 0.557421875 0.7797625 0.56796875
0 0.743453125 0.568359375 0.6702375 0.5953125 0.67113125 0.60390625 0.7452375 0.57890625 0.743453125 0.568359375
0 0.551190625 0.64140625 0.606546875 0.625390625 0.6633921875000001 0.606640625 0.6604171875 0.598828125 0.548809375 0.631640625 0.551190625 0.64140625
0 0.524703125 0.676171875 0.344046875 0.729296875 0.344940625 0.739453125 0.3979171875 0.726171875 0.5 0.694140625 0.527678125 0.6859375 0.524703125 0.676171875
0 0.336309375 0.732421875 0.292559375 0.7453125 0.2955359375 0.755078125 0.3380953125 0.7421875 0.336309375 0.732421875
0 0 0.73828125 0.11279687499999999 0.7296875 0.2 0.718359375 0.1994046875 0.70859375 0.10297656250000001 0.718359375 0 0.727734375 0 0.73828125
0 0.4605390625 0.666590625 0.5291406249999999 0.647109375 0.52625 0.6374734375 0.4661578125 0.6518484375 0.3646609375 0.6760671874999999 0.2631671875 0.69765625 0.2651046875 0.7075828125 0.369875 0.6881765625 0.4605390625 0.666590625