1 0.2694171875 0.1354796875 0.2690828125 0.167065625 0.2674109375 0.1675046875 0.267309375 0.227809375 0.277440625 0.22628906249999997 0.279178125 0.135671875 0.2694171875 0.1354796875
0 0.2239671875 0.25570781249999996 0.193925 0.2972578125 0.202315625 0.3001015625 0.22741406249999999 0.26684687500000004 0.2239671875 0.25570781249999996
0 0.2661875 0.1963984375 0.24967812500000003 0.2209015625 0.2567140625 0.22516406249999998 0.26818749999999997 0.205909375 0.2661875 0.1963984375
0 0.3714671875 0.18574531249999998 0.2786375 0.185390625 0.2786046875 0.195753125 0.37227968749999996 0.194625 0.3714671875 0.18574531249999998
0 0.5661046875 0.17426875 0.5644078125 0.16433124999999998 0.5054046875 0.1977140625 0.41852656250000003 0.2406875 0.35736249999999997 0.26696875000000003 0.359796875 0.27442500000000003 0.3974171875 0.2591515625 0.4472171875 0.2371375 0.5135234375 0.20375468749999998 0.5661046875 0.17426875
0 0.4382859375 0.17569531249999998 0.37684843749999997 0.1863515625 0.37711875 0.1888359375 0.3777109375 0.193409375 0.40932812500000004 0.1923859375 0.4650796875 0.18031250000000001 0.512984375 0.16468750000000001 0.5514171875 0.1508359375 0.5627046874999999 0.1467578125 0.5687375 0.1416015625 0.5684671875 0.13485625 0.5554765625 0.136278125 0.4989109375 0.159359375 0.4382859375 0.17569531249999998
0 0.714125 0.20616718750000002 0.6908515625 0.20616718750000002 0.6913921875 0.21220781249999998 0.7333421875 0.2125625 0.7365890625 0.2146921875 0.7797953125 0.229346875 0.783953125 0.222153125 0.7644546875 0.216434375 0.7909765625 0.21714375000000002 0.7918000000000001 0.209721875 0.75418125 0.2093671875 0.74525 0.2079453125 0.691578125 0.18209375 0.6908515625 0.19835624999999998 0.714125 0.20616718750000002
0 0.6591015625 0.1757 0.6255390625 0.15971875 0.6244375 0.1688 0.6558515625 0.1835125 0.6591015625 0.1757
0 0.66261875 0.16504687499999998 0.6247296875 0.14515625000000001 0.6236453125 0.1565234375 0.6610453125 0.175440625 0.66261875 0.16504687499999998
0 0.6869765625 0.1799609375 0.6661374999999999 0.1685984375 0.663703125 0.1774765625 0.684765625 0.1861765625 0.6869765625 0.1799609375
1 0.62544375 0.120440625 0.6092046875 0.120796875 0.608934375 0.14210625 0.61461875 0.1410390625 0.615134375 0.16341406249999998 0.615675 0.18116875 0.6171875 0.4037453125 0.6171515624999999 0.4103625 0.6258843749999999 0.40959687499999997 0.62544375 0.120440625
0 0.5726453125 0.1404328125 0.6129703125 0.16103125000000001 0.6135125 0.14966718750000002 0.5769765625 0.13013593750000002 0.5726453125 0.1404328125