1 0.044921875 0.6882921875 0.10481875 0.051968749999999994 0.0852109375 0.0426140625 0.078125 0.0781875 0.0506375 0.3227390625 0.0371125 0.3611796875 0.038803125 0.38373124999999997 0.041059374999999995 0.42291093750000003 0.0234375 0.6011375 0.0195328125 0.6729140625000001 0.044921875 0.6882921875
1 0.353303125 0.5901921875 0.35362499999999997 0.576690625 0.37034218750000003 0.5745828125 0.37034218750000003 0.5661484375 0.31922968749999997 0.5669921875 0.31955 0.5762703124999999 0.3388390625 0.576690625 0.33851718750000004 0.5944109375 0.32372968750000003 0.5939875 0.32372968750000003 0.60790625 0.3388390625 0.60790625 0.3391609375 0.628996875 0.32405 0.6306828125 0.32469375 0.6399640625 0.3388390625 0.6403875 0.33903906250000004 0.663059375 0.3497671875 0.6640078125 0.3500890625 0.6424953125 0.3639109375 0.6424953125 0.364553125 0.6302625 0.3500890625 0.63110625 0.3500890625 0.60790625 0.367446875 0.60790625 0.3680921875 0.5918796875 0.353303125 0.5901921875
1 0.7004140624999999 0.5202296875 0.6998546875 0.5290546875000001 0.7008921875 0.545815625 0.7008921875 0.5509609375 0.6983718750000001 0.574484375 0.6748421875 0.5755859375 0.673803125 0.588596875 0.6976125 0.5900703125 0.697265625 0.62676875 0.6692671875 0.6336984375 0.6698593749999999 0.6379890625 0.6701312500000001 0.6418953125 0.6703875 0.6461953125 0.689128125 0.643953125 0.692234375 0.6509734375 0.6933578125000001 0.657590625 0.6982406250000001 0.6665046875 0.7080093749999999 0.6741953125 0.71875 0.6754765625 0.7265625 0.65753125 0.729546875 0.6415265625 0.7287046875 0.618003125 0.7226578124999999 0.616515625 0.7226578124999999 0.5806296875 0.7148453124999999 0.5421765625 0.7148453124999999 0.5293593750000001 0.7119140625 0.5203875 0.7060531250000001 0.5203875 0.7004140624999999 0.5202296875
0 0.3231875 0.5956921875 0.2330625 0.6098984375 0.2357703125 0.6216171875 0.323246875 0.6082546875 0.3231875 0.5956921875
0 0.3191546875 0.5717625 0.14190468750000002 0.5915 0.143740625 0.6023359375 0.31996718749999997 0.5820624999999999 0.3191546875 0.5717625
0 0.6678546875 0.63766875 0.53605 0.6390859375 0.5111515625 0.6394421875 0.392878125 0.635890625 0.392890625 0.6473171875 0.5309078125 0.6500984375 0.6683953125000001 0.6493875 0.6678546875 0.63766875
0 0.5225171875 0.6053484375 0.6724546874999999 0.5957625 0.672184375 0.5890109375 0.6421421875 0.590078125 0.6719140625 0.5868828125000001 0.6702921875000001 0.5801328125 0.524684375 0.5915 0.3677078125 0.5961171875 0.3687828125 0.6074734375 0.5225171875 0.6053484375
0 0.700203125 0.5212578125 0.66880625 0.522675 0.5770390625 0.5365656249999999 0.369740625 0.5660046875 0.37146093750000003 0.5742703125 0.5464734375 0.5521515625 0.69993125 0.52978125 0.700203125 0.5212578125
0 0.072878125 0.5429999999999999 0.079921875 0.378878125 0.0731609375 0.378878125 0.0675625 0.5424296875 0.072878125 0.5429999999999999
0 0.0331546875 0.374109375 0 0.470590625 0.0010390625 0.489809375 0.0393515625 0.3774375 0.0331546875 0.374109375
0 0.0544171875 0.25195 0 0.4031328125 0.0020203125 0.41939843750000005 0.0606125 0.2563875 0.0544171875 0.25195
0 0 0.368359375 0.0322796875 0.29628125 0.05650625 0.240465625 0.06467500000000001 0.213109375 0.0683359375 0.20128125 0.0598875 0.199434375 0.0536875 0.21569531249999999 0.044671875 0.21680468749999998 0.043265625 0.22567656249999998 0.0488984375 0.230484375 0.042140625 0.24859375 0 0.3528359375 0 0.368359375
0 1 0.270125 0.8035718749999999 0.26135156249999997 0.5963812500000001 0.2455359375 0.3404375 0.226125 0.18438125 0.2088359375 0.130115625 0.19107812500000002 0.092496875 0.17758281250000002 0.0880296875 0.22090937500000002 0.230859375 0.2286453125 0.29714843750000003 0.24805000000000002 0.561171875 0.3141875 0.7303296875 0.35192968750000003 0.7864828125 0.3634296875 0.7875796875 0.3540859375 0.6503453125 0.323890625 0.392615625 0.2624296875 0.2754734375 0.23439375 0.4236640625 0.2458953125 0.6222562500000001 0.2595546875 0.7983984375000001 0.27033593749999996 0.8736937499999999 0.2750078125 0.936421875 0.2782453125 1 0.2800421875 1 0.270125