1 0.24788125 0.46071875 0.215140625 0.454628125 0.211234375 0.3879765625 0.2361609375 0.3487078125 0.2358 0.34016875 0.21410468749999997 0.33874218749999996 0.19782968750000002 0.21537968749999997 0.186984375 0.21775000000000003 0.164359375 0.33926875 0.1386375 0.3500828125 0.1382765625 0.36431562500000003 0.160453125 0.380284375 0.1585 0.4597546875 0.14649375 0.4598671875 0.14344375 0.41433593750000003 0.1347828125 0.41433593750000003 0.1331125 0.4584453125 0.122628125 0.4665109375 0.12118124999999999 0.476471875 0.1331125 0.48643749999999997 0.1558953125 0.5025703125 0.156546875 0.5469140625 0.1584375 0.5847765625 0.1542765625 0.583609375 0.15130625 0.5594296875 0.1425359375 0.5609484375 0.1401609375 0.5820125 0.12455625 0.58126875 0.1200984375 0.5418796875 0.1186546875 0.530921875 0.1121609375 0.5316328125 0.10918749999999999 0.5763515625 0.10429531249999999 0.5835781250000001 0.1045984375 0.5908046875 0.11102343750000002 0.596421875 0.110546875 0.6260234375 0.1210328125 0.628871875 0.12175625000000001 0.5989765625000001 0.1504375 0.6206953125 0.14174375 0.76478125 0.20855625 0.7650078125 0.2094578125 0.6308984375 0.22412187499999997 0.6054015625 0.246390625 0.5879296875 0.2476015625 0.5788828125000001 0.222953125 0.569984375 0.222953125 0.52896875 0.211234375 0.5110234375 0.21611562499999998 0.494359375 0.2458953125 0.4716828125 0.24788125 0.46071875
0 0.1424375 0.48684374999999996 0.133565625 0.4872421875 0.136625 0.518153125 0.15443437499999998 0.543984375 0.1583453125 0.5350078125 0.14580312499999998 0.51253125 0.1424375 0.48684374999999996
0 0.144578125 0.5586921874999999 0.1210234375 0.5309953125 0.1182703125 0.5414328125 0.1406015625 0.5663203125 0.144578125 0.5586921874999999
0 0.159328125 0.43315625 0.146065625 0.412909375 0.1414015625 0.4203640625 0.157434375 0.4452296875 0.159328125 0.43315625
0 0.231496875 0.40428593749999997 0.2139046875 0.3957609375 0.21312812499999997 0.40630156250000005 0.2293296875 0.41316406250000004 0.2366875 0.4122078125 0.246921875 0.40535156250000004 0.2612671875 0.38439843749999997 0.2647859375 0.3748078125 0.2585625 0.369484375 0.25044374999999997 0.38439843749999997 0.24124062500000001 0.3957609375 0.23718124999999998 0.40037968749999997 0.231496875 0.40428593749999997
0 0.6982765625 0.628421875 0.6130234375 0.5595234375 0.448740625 0.42503906249999995 0.3177234375 0.31884375 0.240046875 0.25491874999999997 0.23216718749999998 0.24621093749999998 0.22350625000000002 0.24053125 0.217821875 0.2341359375 0.20022968749999998 0.219578125 0.1997265625 0.2244890625 0.1991453125 0.23200781250000002 0.21527968749999998 0.2445859375 0.218796875 0.25204375 0.22529531249999998 0.2577265625 0.2298921875 0.2591484375 0.236390625 0.26234375 0.310546875 0.3259140625 0.42424062500000004 0.419496875 0.6300749999999999 0.586953125 0.692321875 0.6344609375 0.6982765625 0.628421875
0 0.619859375 0.65709375 0.483996875 0.545578125 0.3379875 0.42381718749999997 0.2681609375 0.366640625 0.2584171875 0.355984375 0.2484015625 0.34604375 0.24353281249999997 0.34462187499999997 0.23920312500000002 0.343909375 0.234259375 0.351221875 0.252703125 0.36905 0.26055 0.374378125 0.26921093749999997 0.3779296875 0.2873453125 0.3949765625 0.3666453125 0.46103125 0.4732796875 0.54875 0.63718125 0.682309375 0.670740625 0.7068125000000001 0.6729078125 0.697934375 0.619859375 0.65709375
0 0.722934375 0.7367109375 0.6799015625 0.703328125 0.6792 0.7156765625 0.7180625 0.7445234375 0.722934375 0.7367109375
0 0.3855921875 0.5581609375000001 0.424684375 0.5891296875 0.429015625 0.581671875 0.3407859375 0.5088671875 0.24443437499999998 0.4318015625 0.2135796875 0.4080078125 0.21205625 0.419309375 0.26077343750000004 0.45695312499999996 0.3855921875 0.5581609375000001
0 0.277440625 0.4881953125 0.2760890625 0.4839328125 0.2590390625 0.467596875 0.251190625 0.463690625 0.24631875 0.4651140625 0.24527031250000003 0.4762234375 0.2582265625 0.4892609375 0.26877968750000003 0.49671875 0.27473437500000003 0.498846875 0.32236875 0.535784375 0.41872031249999997 0.61426875 0.4587921875 0.6466203125 0.46121093750000003 0.6380625 0.395171875 0.583371875 0.30315156249999997 0.509503125 0.277440625 0.4881953125
0 0.247309375 0.5261640625 0.23513125 0.5222578125 0.22159843750000002 0.5137343750000001 0.2172671875 0.5208359375 0.21789062499999998 0.5235234375 0.23279999999999998 0.5331609375 0.24957968749999998 0.537778125 0.2592171875 0.5329109375 0.266321875 0.522003125 0.2754546875 0.49917187500000004 0.2681484375 0.4945546875 0.26300625 0.50485625 0.2584046875 0.5169296875 0.25272031250000004 0.5250984375 0.247309375 0.5261640625
0 0.42518124999999996 0.70016875 0.46715156249999995 0.7302140625 0.4695890625 0.7195625 0.4027375 0.6687765625 0.3188390625 0.603078125 0.22492499999999999 0.53205 0.222759375 0.542703125 0.30530625 0.6062734375 0.42518124999999996 0.70016875
0 0.5656453124999999 0.6867109375 0.5002953125 0.6362 0.4955421875 0.64566875 0.6127953125000001 0.73683125 0.66919375 0.781471875 0.6700890625 0.7697234374999999 0.5656453124999999 0.6867109375
0 0.5446640625 0.7014765625 0.4848515625 0.6560203125 0.4824171875 0.6670265625 0.5826578125 0.7458015625 0.6648328125 0.810503125 0.6667265625 0.7991406249999999 0.5446640625 0.7014765625
0 0.71575 0.80109375 0.6794078125 0.7745625 0.6772234375 0.78615625 0.712696875 0.8114953125 0.71575 0.80109375
0 0.73218125 0.8498515624999999 0.67995 0.8093671875 0.6767000000000001 0.820375 0.729746875 0.8594421875 0.73218125 0.8498515624999999
0 0.48574687499999997 0.7473171875 0.548759375 0.795090625 0.552546875 0.784434375 0.48894374999999995 0.7361359375000001 0.4862375 0.745015625 0.48574687499999997 0.7473171875
0 0.6352078125 0.8464453125 0.560803125 0.79146875 0.557125 0.8003781249999999 0.6311484375 0.855325 0.6352078125 0.8464453125
0 0.5511781250000001 0.822153125 0.4904671875 0.77545 0.488425 0.7867703125000001 0.547928125 0.8335156250000001 0.5511781250000001 0.822153125
0 0.622115625 0.875953125 0.5579734375000001 0.8272999999999999 0.5568906250000001 0.8386640625 0.61724375 0.8851875 0.622115625 0.875953125
0 0.27038125 0.6008718749999999 0.2610296875 0.5928515625 0.2481875 0.58595625 0.24140156250000003 0.5941921875 0.26361249999999997 0.6129453125000001 0.2730859375 0.6186296875 0.3339828125 0.6676375 0.448196875 0.7546484375 0.47309531250000003 0.7741796875 0.47417499999999996 0.76210625 0.4246484375 0.725171875 0.32856874999999997 0.6513 0.2741703125 0.6090390625000001 0.27038125 0.6008718749999999
0 0.3830453125 0.770371875 0.3795234375 0.773921875 0.3774140625 0.7777859375 0.4369015625 0.8215125000000001 0.47831250000000003 0.8524109375 0.4812890625 0.8431765625000001 0.3830453125 0.770371875
0 0.54288125 0.88809375 0.5003 0.8571796875000001 0.496759375 0.8691921875 0.538821875 0.8973281249999999 0.54288125 0.88809375
1 0.551046875 1 0.5580859375 0.834859375 0.56125 0.726234375 0.5576156250000001 0.725465625 0.535565625 0.72551875 0.5358359375 0.736175 0.552075 0.73759375 0.549425 0.8366328125000001 0.5442828125 0.9477921874999999 0.542115625 1 0.551046875 1
1 0.6699531249999999 1 0.6795203125 0.6743828125 0.651375 0.6747375 0.651375 0.6893 0.669940625 0.6908593749999999 0.661071875 0.9586218750000001 0.6596703125000001 1 0.6699531249999999 1
1 0.9558328125 1 0.9596218750000001 0.887628125 0.9677671875 0.5585078125 0.9696609374999999 0.3885890625 0.9708875000000001 0.2705109375 0.8999796874999999 0.272640625 0.9007890625 0.291109375 0.9606046875 0.2896875 0.9401375 1 0.9558328125 1
1 0.891203125 1 0.892578125 0.44554687499999995 0.8740234375 0.44604687500000006 0.8379078124999999 0.44732500000000003 0.838178125 0.4657890625 0.8828359375 0.46508125 0.8771281249999999 1 0.891203125 1
1 0.80650625 0.62483125 0.80650625 0.6394921874999999 0.8329078125 0.6408234375 0.81686875 0.999609375 0.8283390624999999 0.999909375 0.8415390625000001 0.6255 0.80650625 0.62483125
1 0.8212296875 0.5475546875 0.8217375 0.559546875 0.8527078124999999 0.560878125 0.8511843750000001 0.7274296875 0.8623546875000001 0.7254328125 0.863371875 0.5475546875 0.8212296875 0.5475546875