1 0.314453125 0.8985 0.3146078125 0.9054296875000001 0.328125 0.9036250000000001 0.328125 0.68316875 0.3212890625 0.6741953125 0.3164078125 0.6780390625 0.314453125 0.8985
1 0.521484375 0.6088234375 0.5765296875 0.598159375 0.5583296875 0.43205 0.5507828124999999 0.2371203125 0.5461968749999999 0.1890859375 0.5367140625 0.189609375 0.53125 0.24737499999999998 0.529296875 0.4678359375 0.513671875 0.588315625 0.513671875 0.6062609375 0.521484375 0.6088234375
1 0.8004765624999999 0.2751765625 0.8087796875000001 0.2672375 0.807425 0.2590703125 0.7985234375 0.24953906250000002 0.794434375 0.18555468749999998 0.7880390625 0.184590625 0.7828984375 0.185453125 0.774678125 0.24983593750000002 0.7672734375 0.272609375 0.773865625 0.28321874999999996 0.7741374999999999 0.31518437499999996 0.7646640625 0.33222968750000004 0.7646640625 0.3372 0.775759375 0.345015625 0.776071875 0.37628125 0.767578125 0.387425 0.7691484375 0.3932078125 0.7750859375 0.4059109375 0.7653218749999999 0.52383125 0.770203125 0.5328046875 0.7848515625 0.5315234375 0.8134015625 0.5287499999999999 0.803125 0.39609375 0.811303125 0.387840625 0.810990625 0.381234375 0.803440625 0.374628125 0.8004765624999999 0.3341328125 0.8109437500000001 0.3293875 0.8095921875000001 0.32476875 0.802825 0.311984375 0.8004765624999999 0.2751765625
0 0.288328125 0.5466171875 0.381328125 0.5228859375 0.526484375 0.484953125 0.525065625 0.47414843749999996 0.2051421875 0.5539765625 0.099765625 0.5740828125 0.10030625 0.584703125 0.16535468749999999 0.5731015625 0.288328125 0.5466171875
0 0.468565625 0.439621875 0.528921875 0.4220859375 0.529628125 0.41088281249999997 0.45535156250000003 0.43187031249999996 0.324053125 0.46702656249999996 0.1911703125 0.499903125 0.1927765625 0.5078750000000001 0.324128125 0.47837968750000004 0.468565625 0.439621875
0 0.4042921875 0.43610625000000003 0.53019375 0.3963875 0.52855 0.3868125 0.40131249999999996 0.4265203125 0.2832296875 0.46353125000000006 0.18855 0.4888640625 0.19041406249999998 0.4974015625 0.2866015625 0.473984375 0.4042921875 0.43610625000000003
0 0.2550421875 0.4333390625 0.3416484375 0.41203124999999996 0.43880937500000006 0.387171875 0.5316421874999999 0.3612453125 0.5311015625 0.35165625 0.4296078125 0.379359375 0.27290156250000003 0.41984374999999996 0.2041578125 0.43617968749999997 0.20509218749999997 0.4449734375 0.2550421875 0.4333390625
0 0.5319140625000001 0.3317703125 0.5302890625 0.3207609375 0.3924375 0.3674953125 0.20118125 0.42872187500000003 0.20330625000000002 0.4371609375 0.28129218749999996 0.4138046875 0.39631875 0.3775828125 0.5319140625000001 0.3317703125
0 0.48395 0.2857859375 0.531115625 0.2688078125 0.530675 0.25842187499999997 0.47585468750000004 0.27796875 0.2958 0.338953125 0.151303125 0.3835234375 0.1533875 0.39446875000000003 0.217115625 0.374496875 0.263178125 0.360065625 0.3775859375 0.3240984375 0.48395 0.2857859375
0 0.2586046875 0.278496875 0.259196875 0.290546875 0.47702656250000003 0.2219609375 0.535509375 0.20414531249999998 0.5350265624999999 0.189859375 0.47394687500000005 0.210359375 0.2586046875 0.278496875
0 0.865128125 0.5224015625 0.8147171875 0.49100781250000003 0.8126218749999999 0.5007390625 0.86188125 0.5316328125 0.865128125 0.5224015625
0 0.8609171874999999 0.4660421875 0.807059375 0.4312390625 0.806246875 0.44153906249999997 0.8604499999999999 0.4762234375 0.8609171874999999 0.4660421875
0 0.8582109375 0.4468671875 0.8065171875000001 0.413840625 0.8054343749999999 0.4244921875 0.8550921875 0.4559109375 0.8582109375 0.4468671875
0 0.8625421875000001 0.4156140625 0.8116609374999999 0.3843640625 0.809765625 0.3928859375 0.8592953124999999 0.425203125 0.8625421875000001 0.4156140625
0 0.8755328125 0.3967921875 0.8029999999999999 0.35453125 0.8029999999999999 0.3669609375 0.8707890624999999 0.40641875 0.8755328125 0.3967921875
0 0.9325421875 0.40226562499999996 0.9540031250000001 0.4132421875 0.9576578124999999 0.404184375 0.881065625 0.3654734375 0.8361375000000001 0.3402578125 0.8104250000000001 0.323921875 0.80800625 0.333796875 0.8497234375 0.3600046875 0.9325421875 0.40226562499999996
0 0.9413359375000001 0.380390625 0.945125 0.37115624999999997 0.8660953125 0.3296046875 0.8043906249999999 0.2944484375 0.8005984375 0.30367968749999996 0.8276640625 0.3182421875 0.9004671875 0.36014843750000003 0.9413359375000001 0.380390625
0 0.8817 0.306175 0.8102328125 0.2608875 0.8050921875 0.272315625 0.8695031249999999 0.31025 0.9623359375 0.35996875 0.9663953125000001 0.351590625 0.8817 0.306175
0 0.7257203125 0.506921875 0.556865625 0.39855 0.5563 0.4082 0.7234546875000001 0.514715625 0.7257203125 0.506921875
0 0.743821875 0.5043234375 0.5582796875 0.384078125 0.5548921874999999 0.39234375 0.7412734375000001 0.5136015625 0.743821875 0.5043234375
0 0.5550921875 0.34458125 0.6438484375 0.4066640625 0.7567859375 0.4857890625 0.76030625 0.47726562499999997 0.555696875 0.33201562500000004 0.5550921875 0.34458125
0 0.651234375 0.3845734375 0.556509375 0.317809375 0.5542 0.32934687500000004 0.701575 0.43074218750000004 0.7678843750000001 0.4722921875 0.770046875 0.461996875 0.651234375 0.3845734375
0 0.7732734375 0.4242859375 0.5521546875000001 0.26909062499999997 0.552425 0.283296875 0.76975625 0.4356484375 0.7732734375 0.4242859375
0 0.55181875 0.26489375000000004 0.7001999999999999 0.371371875 0.77056875 0.4203796875 0.774628125 0.4086609375 0.5540499999999999 0.2541765625 0.55181875 0.26489375000000004
0 0.697825 0.2914375 0.5460390625 0.1901796875 0.5452859375 0.2038875 0.6921406250000001 0.29960624999999996 0.697825 0.2914375
0 0.6152765625 0.3273328125 0.5882109375 0.33621093750000003 0.5936250000000001 0.3429578125 0.6214609375 0.334034375 0.6152765625 0.3273328125
0 0.76656875 0.2698015625 0.7045890625 0.296078125 0.682578125 0.3050703125 0.647753125 0.31525781249999996 0.652115625 0.32348750000000004 0.6875390625 0.313125 0.769003125 0.27903125 0.76656875 0.2698015625
0 0.761621875 0.3299953125 0.7050562499999999 0.35236718749999996 0.7083062499999999 0.36160156250000003 0.7649140625 0.33989375 0.761621875 0.3299953125
0 0.7114703125 0.759559375 0.3279875 0.7519609375 0.3275796875 0.7631203125 0.7110562500000001 0.7704171875 0.7114703125 0.759559375
0 0.71245 0.7847140625 0.32773281249999997 0.7723078125 0.32773281249999997 0.78266875 0.712565625 0.79528125 0.71245 0.7847140625
0 0.3176609375 0.7536484375 0.2659671875 0.7536484375 0.2659671875 0.7589765625 0.31759218749999996 0.7590359375 0.3176609375 0.7536484375
0 0.8816046875 0.7871015625 0.7415859375 0.787921875 0.7417703125 0.7944484375 0.8819171875 0.7956953125 0.8816046875 0.7871015625
0 0.9118546875 0.7572296875 0.7413125 0.7591171875 0.7413125 0.7676406250000001 0.9115421874999999 0.7654140625 0.9118546875 0.7572296875
0 0.7422953125 0.7754421875 0.8928750000000001 0.7750984375 0.8928750000000001 0.7687078125 0.7423953125 0.7690578125 0.7421249999999999 0.773675 0.7422953125 0.7754421875