1 0.26632968749999997 0.796815625 0.296875 0.8036484375 0.349609375 0.2499375 0.353515625 0.178159375 0.3447265625 0.166625 0.3320328125 0.18328906250000002 0.322265625 0.2499375 0.3021875 0.43915625 0.29059843750000003 0.4763859375 0.2914703125 0.5380703125 0.2695328125 0.778015625 0.26632968749999997 0.796815625
1 0.6248 0.7107734375 0.6022140625 0.7088234375 0.602509375 0.6943953125 0.6194531249999999 0.6940046875 0.6191546875 0.6846453125 0.5707078125 0.6846453125 0.570115625 0.695171875 0.588078125 0.6958671875 0.5888390625000001 0.7107734375 0.572490625 0.7103828125 0.5718984375 0.724421875 0.589434375 0.725203125 0.589434375 0.7482109375 0.5730859374999999 0.7486015625 0.5730859374999999 0.7575703125000001 0.589434375 0.7591328125000001 0.5896281250000001 0.7807578125 0.5996703125 0.7800359375 0.5993984375 0.7704484375 0.59894375 0.7610812499999999 0.613803125 0.761471875 0.61350625 0.747434375 0.6019171875 0.746653125 0.60161875 0.72559375 0.6250984374999999 0.725203125 0.6248 0.7107734375
1 0.9509015625 0.644715625 0.9528546875 0.670346875 0.94895 0.6934218750000001 0.9259046874999999 0.6983546875 0.9280687500000001 0.710784375 0.9392734375 0.7090468750000001 0.9453906249999999 0.7083015625 0.946203125 0.723215625 0.9453906249999999 0.7441671875 0.9416015625 0.7505625 0.9367296875 0.7509171875 0.9185984375 0.7519796875 0.9194078125 0.764059375 0.9429546875 0.7626359375 0.951878125 0.7895515625 0.959690625 0.7972421875 0.9704312500000001 0.7959609375000001 0.9782437500000001 0.7728859375 0.9802 0.7549453125000001 0.9793843750000001 0.7454484375 0.9782437500000001 0.737 0.976515625 0.7274765624999999 0.975053125 0.7035390625 0.972078125 0.695015625 0.964575 0.642153125 0.9577375 0.6383046875 0.9509015625 0.644715625
0 0.29959531250000004 0.35021874999999997 0.2857078125 0.38578125 0.23680625000000002 0.49885156249999996 0.1834875 0.5987734375 0.186640625 0.6098171875 0.2243578125 0.540296875 0.264140625 0.45648437499999994 0.2924765625 0.39359375 0.31096406249999997 0.3431171875 0.318 0.33210625 0.3077140625 0.325003125 0.2985125 0.336721875 0.29472343749999996 0.33849999999999997 0.294453125 0.344534375 0.29959531250000004 0.35021874999999997
0 0.169734375 0.6226171875000001 0.161075 0.63753125 0.165134375 0.6435703125 0.1751484375 0.627940625 0.169734375 0.6226171875000001
0 0.26933281249999996 0.49228125 0.3126375 0.37117187500000004 0.30672968749999996 0.364684375 0.2679796875 0.4730984375 0.2263 0.57715625 0.188678125 0.662034375 0.1949734375 0.6648953125 0.230359375 0.5924296874999999 0.26933281249999996 0.49228125
0 0.2294640625 0.6622453125 0.267628125 0.5631640625000001 0.29414843749999997 0.48219218750000004 0.2887375 0.4779296875 0.2662734375 0.5425671875 0.2475984375 0.5937078125 0.2237828125 0.6551453125 0.2105203125 0.6824921875000001 0.21402031250000003 0.6918484375 0.2294640625 0.6622453125
0 0.32482968749999996 0.6621515625 0.32889218750000004 0.508328125 0.32308906249999997 0.508328125 0.31720468749999997 0.66259375 0.32482968749999996 0.6621515625
1 0.015625 0.780578125 0.012496875000000001 0.8433125 0.010871875 0.8880625 0.027345312500000003 0.8882453124999999 0.0351578125 0.7677625 0.036634375000000004 0.7427390625 0.0390625 0.7164921875 0.041015625 0.62933125 0.040634375 0.6179921875 0.027914062499999996 0.618703125 0.027345312500000003 0.62676875 0.025390625 0.644715625 0.022615625 0.73314375 0.015625 0.780578125
0 0.570484375 0.715471875 0.478140625 0.7278328125 0.481440625 0.738909375 0.57056875 0.7262234375000001 0.570484375 0.715471875
0 0.538546875 0.7015515625 0.5702703125 0.6973171875 0.56994375 0.6894765625 0.40260937500000005 0.7063859375 0.403496875 0.715403125 0.538546875 0.7015515625
0 0.7237703125 0.767503125 0.8363578125 0.7693828125 0.922296875 0.767503125 0.9222203125 0.7569890625 0.8317203125000001 0.75801875 0.736678125 0.7573390625 0.7049828125000001 0.756809375 0.6449906249999999 0.7535937500000001 0.6447296875 0.7649796875 0.7237703125 0.767503125
0 0.9285421875000001 0.706953125 0.9273921875 0.7002734375 0.8258984375 0.706309375 0.6250796875 0.7134140625 0.6250796875 0.7251328125 0.7745453125 0.722578125 0.9290828125000001 0.7140546875 0.9285421875000001 0.706953125
0 0.94995 0.636753125 0.8714609375 0.6476453125 0.7832921875000001 0.6603484374999999 0.61695 0.6829453125 0.6194171875000001 0.6937234375 0.8178328125000001 0.6682765625 0.9513328124999999 0.6490046875 0.94995 0.636753125
0 1 0.3736609375 0.6783718750000001 0.35158125 0.45554531249999997 0.3321984375 0.4038390625 0.3165828125 0.3447 0.29940625 0.3398421875 0.3413515625 0.4728 0.346734375 0.5121374999999999 0.3553515625 0.6627375 0.3946609375 0.8047265625 0.4301984375 0.9524546875000001 0.46196875000000004 1 0.4738171875 1 0.4603515625 0.7423515625 0.4038125 0.53224375 0.350503125 0.7123921875 0.3661203125 0.933578125 0.3817390625 1 0.3855078125 1 0.3736609375
1 0.498325 0.8172859375 0.49805312500000004 0.8350390624999999 0.5075265625000001 0.83575 0.50806875 0.87375 0.517 0.87339375 0.517 0.8336218750000001 0.5272859375000001 0.8339765625 0.52945 0.8258093750000001 0.5180828125 0.8155078124999999 0.5172703125 0.7949109375 0.5050921875000001 0.7949109375 0.505634375 0.8172859375 0.498325 0.8172859375