1 0.3915625 0.6231375 0.3876484375 0.5657453125 0.38699374999999997 0.5499031249999999 0.3778578125 0.539621875 0.37100625 0.538765625 0.37100625 0.541765625 0.36774375 0.624421875 0.329565625 0.64198125 0.332503125 0.647546875 0.36872343750000003 0.648403125 0.36774375 0.69423125 0.325325 0.710934375 0.3259765625 0.71735625 0.3713328125 0.7160703125000001 0.370678125 0.7404843750000001 0.3909109375 0.7400546875 0.3912375 0.7182109375 0.3974375 0.7182109375 0.3984171875 0.6929453125 0.394171875 0.6916609375 0.39286875 0.6479765625 0.40494062499999994 0.647546875 0.40526718749999996 0.6291328125 0.3915625 0.6231375
1 0.47444375 0.4154484375 0.4734640625 0.402175 0.44670781249999997 0.3833203125 0.44605625 0.3267890625 0.4679171875 0.325075 0.4721609375 0.3225078125 0.47411875 0.31137187499999996 0.444425 0.2903859375 0.44344687499999996 0.23728125000000003 0.4666125 0.23728125000000003 0.467265625 0.22057812499999999 0.4378984375 0.19916406250000002 0.43398281250000004 0.1811765625 0.4333296875 0.1670421875 0.428109375 0.1285 0.41636249999999997 0.1319265625 0.4072265625 0.20128906249999998 0.381446875 0.229984375 0.382425 0.2376953125 0.4101640625 0.23683593749999998 0.411140625 0.2912265625 0.382425 0.3207734375 0.3834046875 0.32676875 0.4144046875 0.3250578125 0.41375312500000005 0.38672968750000003 0.3892796875 0.41071093750000004 0.388953125 0.4201328125 0.39319375 0.4201328125 0.41538437500000003 0.4192765625 0.41179531249999995 0.5473328125 0.40526718749999996 0.6102890624999999 0.3938484375 0.7344875 0.39286875 0.7443953125 0.45095 0.743109375 0.48814843750000003 0.73283125 0.48814843750000003 0.7195546875 0.4617171875 0.5495234375 0.45062499999999994 0.41845 0.4591078125 0.41716406250000004 0.4705296875 0.416309375 0.47444375 0.4154484375
1 0.810446875 0.36335937500000004 0.8658875 0.35927031249999997 0.8644999999999999 0.3483515625 0.8087140625 0.32970625 0.807675 0.2842296875 0.8291578124999999 0.2824109375 0.8624203125 0.2801359375 0.8624203125 0.2692234375 0.8042109375000001 0.2501203125 0.799359375 0.1928203125 0.7910453125 0.1573484375 0.7782234375 0.1578046875 0.7744109375 0.25239375000000003 0.7234765624999999 0.2778671875 0.72313125 0.2874140625 0.7768359375 0.28559687500000003 0.7768359375 0.3333484375 0.7200124999999999 0.35790625 0.71931875 0.3674578125 0.7792625 0.367 0.780684375 0.412828125 0.7272890624999999 0.4414734375 0.73274375 0.451190625 0.7795156249999999 0.4486359375 0.7736703125 0.5356015625 0.76938125 0.72948125 0.76886875 0.739 0.84024375 0.7403625 0.8444046875 0.7353484375 0.8371281249999999 0.6675859375 0.8152968749999999 0.4465859375 0.8690031250000001 0.4438546875 0.8690031250000001 0.431578125 0.8128718750000001 0.409746875 0.810446875 0.36335937500000004
0 0 0.246278125 0.09349062500000001 0.22640312499999998 0 0.248871875 0.0003296875 0.259671875 0.10665781249999999 0.23374531250000002 0.314378125 0.1767140625 0.41478281250000004 0.145175 0.4160984375 0.13394062499999998 0.23207968750000002 0.18146875 0 0.233315625 0 0.246278125
0 0 0.359765625 0.1517859375 0.322265625 0.3508921875 0.267578125 0.3505953125 0.255859375 0.17738125 0.30390625 0 0.350390625 0 0.35703125 0 0.359765625
0 0 0.343359375 0.1952375 0.295703125 0.3616078125 0.24921875 0.361309375 0.2390625 0.225 0.274609375 0.162203125 0.283984375 0 0.2984375 0 0.31015625 0.1544640625 0.294921875 0 0.333984375 0 0.343359375
0 0.377678125 0.234375 0.41458281250000006 0.165625 0.4125 0.1515625 0.3678578125 0.2328125 0.377678125 0.234375
0 0 0.450515625 0.202621875 0.397328125 0.29304687500000004 0.371921875 0.292140625 0.36398437499999997 0 0.43821093749999995 0 0.450515625
0 0 0.436625 0.189015625 0.38740312499999996 0.302421875 0.35445625000000003 0.3012140625 0.344534375 0 0.4251125 0 0.436625
0 0 0.47115625000000005 0.24919687499999998 0.44059375 0.2488921875 0.42749218750000006 0.08316718749999999 0.4469453125 0 0.45329375 0 0.47115625000000005
0 0 0.54140625 0.226190625 0.484765625 0.2255953125 0.473828125 0 0.53046875 0 0.54140625
0 0 0.523046875 0.050296875 0.5125 0.2383921875 0.46484375 0.23660781250000001 0.4546875 0 0.514453125 0 0.523046875
0 0.212796875 0.5421875 0.212203125 0.534375 0.1869046875 0.53828125 0.2178578125 0.531640625 0.2166671875 0.524609375 0.000296875 0.55546875 0 0.566796875 0.1854171875 0.545703125 0.212796875 0.5421875
0 0 0.664453125 0.1520828125 0.64375 0.151190625 0.630859375 0 0.65234375 0 0.664453125
0 0.5866078124999999 0.210546875 0.46636875 0.238671875 0.46666718749999997 0.2484375 0.5818453124999999 0.223828125 0.7196421875000001 0.190625 0.77738125 0.173828125 0.77738125 0.163671875 0.5866078124999999 0.210546875
0 0.744046875 0.218359375 0.7818453125 0.177734375 0.775 0.17265625 0.6479171874999999 0.30546875 0.655059375 0.3109375 0.744046875 0.218359375
0 0.2005984375 0.52376875 0.21160937500000002 0.52455 0.270240625 0.42415624999999996 0.3059546875 0.36284062499999997 0.3395859375 0.30151249999999996 0.3568484375 0.27221562499999996 0.36190781250000004 0.26010625 0.3666671875 0.26484375 0.29524062500000003 0.3945125 0.21160937500000002 0.5421640625 0.14137187499999998 0.6605203125 0.07917031249999999 0.7562234375 0.0880984375 0.7589578125 0.1267890625 0.7019265625 0.157440625 0.6503593750000001 0.215178125 0.5515546875 0.2577375 0.4800703125 0.3205359375 0.366796875 0.3678578125 0.28046875 0.37261875 0.271484375 0.3755953125 0.27578125 0.380059375 0.273046875 0.3791671875 0.264453125 0.3833328125 0.2546875 0.3869046875 0.24765625 0.386309375 0.23828125 0.38542031250000003 0.233128125 0.378575 0.23273749999999999 0.3693484375 0.233909375 0.363990625 0.235471875 0.36250312500000004 0.23859687499999999 0.35952656250000004 0.249925 0.35476562500000003 0.256175 0.2696453125 0.4058 0.2005984375 0.52376875
0 0.14613125 0.63203125 0.19761875 0.550390625 0.201190625 0.544140625 0.1833328125 0.54453125 0.1318453125 0.63203125 0.14613125 0.63203125
0 0.0639875 0.753125 0.13687812500000002 0.6520234375 0.1327375 0.650390625 0.122321875 0.646484375 0.0544640625 0.7390625 0.0639875 0.753125
0 0.3255984375 0.354715625 0.325003125 0.3621375 0.3657765625 0.35198125 0.3684546875 0.349246875 0.36905 0.3527625 0.36012187500000004 0.364871875 0.22172968750000002 0.607440625 0.1282765625 0.7586125 0.1354203125 0.762128125 0.224703125 0.618753125 0.2794640625 0.5242218750000001 0.325296875 0.443359375 0.369940625 0.364453125 0.3860125 0.33984375 0.387203125 0.334765625 0.387796875 0.325390625 0.382740625 0.323075 0.3681578125 0.32229375 0.366371875 0.32385625 0.3633953125 0.327371875 0.3363125 0.3340125 0.33542031250000004 0.3433875 0.36518125 0.3371375 0.36607500000000004 0.342215625 0.3255984375 0.354715625
0 0.39018125000000003 0.369559375 0.413990625 0.3262 0.4068484375 0.323075 0.3806578125 0.368778125 0.2693453125 0.558203125 0.14018124999999998 0.7605625 0.1488125 0.763296875 0.21726562500000002 0.6566562499999999 0.29940781250000004 0.5246359375 0.3470265625 0.4426046875 0.39018125000000003 0.369559375
0 0.3041671875 0.45390625 0.265178125 0.463671875 0.265178125 0.470703125 0.305059375 0.462109375 0.3041671875 0.45390625
0 0.3157734375 0.435546875 0.27738125 0.44453125 0.2755953125 0.45390625 0.316071875 0.44375 0.3157734375 0.435546875
0 0.3258921875 0.420703125 0.2869046875 0.425390625 0.283928125 0.433984375 0.324703125 0.427734375 0.3258921875 0.420703125
0 0.3303578125 0.408984375 0.291071875 0.41640625 0.290178125 0.42421875 0.3303578125 0.417578125 0.3303578125 0.408984375
0 0.2720234375 0.5125 0.23363125 0.51953125 0.2297625 0.5296875 0.269940625 0.521875 0.2720234375 0.5125
0 0.263690625 0.52734375 0.2255953125 0.532421875 0.221428125 0.54140625 0.2639875 0.5359375 0.263690625 0.52734375
0 0.20625 0.6296875 0.1678578125 0.633984375 0.1645828125 0.641796875 0.203571875 0.637109375 0.20625 0.6296875
0 0.2095234375 0.620703125 0.1720234375 0.625 0.168453125 0.6328125 0.2077375 0.628515625 0.2095234375 0.620703125
0 0.375 0.435546875 0.374703125 0.4390625 0.2960265625 0.569140625 0.175934375 0.7558984375 0.1867 0.75766875 0.26205 0.640215625 0.3182296875 0.5488046875 0.371378125 0.460940625 0.394925 0.42164843750000003 0.3895453125 0.416828125 0.388196875 0.40843749999999995 0.38180625 0.40843749999999995 0.3770953125 0.41462187500000003 0.3643125 0.4115265625 0.3548953125 0.4309578125 0.3700328125 0.4287453125 0.37261875 0.432421875 0.375 0.435546875
0 0.324703125 0.51796875 0.3032734375 0.51875 0.3 0.528515625 0.3217265625 0.527734375 0.324703125 0.51796875
0 0.3357140625 0.4984375 0.3119046875 0.50234375 0.31011875 0.5109375 0.3354171875 0.50625 0.3357140625 0.4984375
0 0.2595234375 0.6203125 0.2375 0.62265625 0.23511875 0.63125 0.258928125 0.628125 0.2595234375 0.6203125
0 0.267559375 0.6078125 0.2467265625 0.60859375 0.2428578125 0.6171875 0.2672625 0.61484375 0.267559375 0.6078125
0 0.4014875 0.39296875 0.37261875 0.397265625 0.3693453125 0.40703125 0.40238125 0.401171875 0.4014875 0.39296875
0 0.382440625 0.475390625 0.41458593749999995 0.42234375 0.40744375 0.4184375 0.3568484375 0.503203125 0.2550625 0.665309375 0.197325 0.756325 0.2044671875 0.76023125 0.2571453125 0.678984375 0.2955359375 0.618753125 0.3383921875 0.54765625 0.382440625 0.475390625
0 0.3080359375 0.685546875 0.3235125 0.66328125 0.334821875 0.649609375 0.3282734375 0.64296875 0.3470234375 0.616796875 0.3705359375 0.58125 0.3657734375 0.571484375 0.3041671875 0.666796875 0.247321875 0.75 0.255059375 0.753515625 0.2779765625 0.723828125 0.3080359375 0.685546875
0 0.3392859375 0.6046875 0.298809375 0.612109375 0.2958328125 0.62109375 0.3389875 0.6125 0.3392859375 0.6046875
0 0.30625 0.605078125 0.3547625 0.590625 0.3541671875 0.582421875 0.309821875 0.594921875 0.306546875 0.6015625 0.30625 0.605078125
0 0.40535781249999997 0.510546875 0.381546875 0.541796875 0.3869046875 0.5515625 0.4142859375 0.509375 0.415178125 0.498828125 0.3592265625 0.509765625 0.357440625 0.518359375 0.3625 0.517578125 0.3720234375 0.516015625 0.40535781249999997 0.510546875
0 0.41577343750000006 0.474609375 0.3741078125 0.486328125 0.3720234375 0.4953125 0.416071875 0.484765625 0.41577343750000006 0.474609375
0 0.7041671875 0.311328125 0.6318453125 0.39375 0.5758921875 0.45625 0.49553593749999997 0.531640625 0.5014875 0.5375 0.540178125 0.503125 0.588690625 0.457421875 0.642559375 0.396484375 0.69613125 0.3328125 0.7107140625 0.3140625 0.726190625 0.299609375 0.7282734375000001 0.2875 0.725296875 0.28046875 0.7205359375 0.28046875 0.715178125 0.281640625 0.71011875 0.283203125 0.70386875 0.28828125 0.7014875 0.29140625 0.5982140625000001 0.33125 0.47321406250000003 0.371875 0.44613125 0.37890625 0.44821406250000007 0.3875 0.4791671875 0.3796875 0.50625 0.37265625 0.58511875 0.34609375 0.6672625 0.314453125 0.696428125 0.304296875 0.7020828125 0.300390625 0.70625 0.304296875 0.7041671875 0.311328125
0 0.677678125 0.337109375 0.49702343750000005 0.38515625 0.4639875 0.393359375 0.47113125 0.401953125 0.5744046875000001 0.377734375 0.50386875 0.440234375 0.5145828125 0.44375 0.5830359374999999 0.380078125 0.5854171874999999 0.373828125 0.6443453124999999 0.357421875 0.677678125 0.34609375 0.677678125 0.337109375
0 0.541071875 0.433984375 0.45238125 0.46328125 0.4547625 0.474609375 0.581546875 0.43046875 0.6119046875 0.418359375 0.61011875 0.408984375 0.541071875 0.433984375
0 0.561309375 0.462109375 0.455059375 0.48828125 0.45684531249999993 0.49765625 0.5630953125 0.47109375 0.561309375 0.462109375
0 0.7482140625 0.32265625 0.778571875 0.312109375 0.7770828125 0.301953125 0.696428125 0.33125 0.694940625 0.34140625 0.7482140625 0.32265625
0 0.8157734375000001 0.33203125 0.8363093750000001 0.308984375 0.8404765624999999 0.3046875 0.8455359375 0.30078125 0.859821875 0.284375 0.8604171875000001 0.277734375 0.8360125 0.28046875 0.8080359375 0.290625 0.8095234375 0.298828125 0.8369046875 0.290234375 0.8375 0.2921875 0.8363093750000001 0.2984375 0.8092265624999999 0.327734375 0.8157734375000001 0.33203125
0 0.81875 0.411328125 0.8446421875000001 0.38515625 0.8514875 0.37890625 0.8583328124999999 0.3703125 0.8610125 0.360546875 0.8604171875000001 0.357421875 0.8401781250000001 0.3609375 0.8104171875 0.37578125 0.8104171875 0.38515625 0.8369046875 0.373046875 0.8401781250000001 0.375 0.8401781250000001 0.37890625 0.8122031249999999 0.40859375 0.81875 0.411328125
0 0.8160718749999999 0.4875 0.8196421875000001 0.494140625 0.8470234375000001 0.467578125 0.8636906249999999 0.45078125 0.8616078125 0.43984375 0.8520828125 0.43984375 0.8383921875 0.44453125 0.8130953125 0.455078125 0.8136906249999999 0.463671875 0.8410718749999999 0.4546875 0.8431546875 0.4546875 0.8416671875 0.4609375 0.8160718749999999 0.4875
0 0.9997031249999999 0.39921875 0.8857140625 0.504296875 0.8235125 0.55859375 0.8267859375000001 0.566796875 0.8672625 0.533203125 0.93125 0.475 0.9889875 0.421875 1 0.410546875 0.9997031249999999 0.39921875
0 0.87738125 0.584765625 0.9354171875 0.534765625 0.9690468750000001 0.502734375 1 0.47421875 0.9994046875 0.458203125 0.892559375 0.543359375 0.82738125 0.594921875 0.8294640624999999 0.605078125 0.8907734375 0.559765625 0.89761875 0.55546875 0.8297625 0.609375 0.8333328124999999 0.61875 0.87738125 0.584765625
0 0.8333328124999999 0.6421875 0.8354171875 0.65234375 0.92113125 0.589453125 0.9431546875000001 0.57421875 0.8434531249999999 0.65390625 0.8485125 0.6625 0.9166671875000001 0.606640625 0.9714281250000001 0.560546875 0.9999796875 0.5336125 0.9994046875 0.513671875 0.8333328124999999 0.6421875
0 0.8732140625 0.68046875 0.9625 0.614453125 1 0.584765625 0.9979171875 0.5734375 0.86875 0.671875 0.8732140625 0.68046875
0 0.7729171874999999 0.598828125 0.7208328125000001 0.63515625 0.725 0.642578125 0.7735125 0.609765625 0.7729171874999999 0.598828125
0 0.775 0.531640625 0.7494046875 0.55546875 0.7119046875 0.590234375 0.6616078125 0.636328125 0.666071875 0.64453125 0.722321875 0.594140625 0.7779765624999999 0.540234375 0.775 0.531640625
0 0.775296875 0.446875 0.743453125 0.48046875 0.7345234375 0.487890625 0.7193453125 0.49296875 0.696428125 0.5015625 0.719046875 0.475 0.722321875 0.46875 0.7279765625 0.4640625 0.73363125 0.456640625 0.734821875 0.450390625 0.730953125 0.444140625 0.7235125 0.443359375 0.7166671874999999 0.444921875 0.7110125 0.4484375 0.7044640625 0.454296875 0.68988125 0.462109375 0.6907734375000001 0.467578125 0.7053578125 0.46171875 0.7071421875 0.468359375 0.705953125 0.476171875 0.6770828125 0.509765625 0.612203125 0.53046875 0.611309375 0.540234375 0.66636875 0.523828125 0.6407734375 0.548828125 0.5967265625 0.596875 0.568453125 0.626171875 0.5354171875 0.653515625 0.478571875 0.68515625 0.48809531249999993 0.704296875 0.5342265625 0.66640625 0.5806546875 0.63046875 0.6202375 0.602734375 0.6919640625000001 0.540234375 0.7494046875 0.488671875 0.7782734375 0.482421875 0.7782734375 0.473046875 0.7544640625000001 0.480859375 0.7821421875000001 0.451171875 0.775296875 0.446875
0 0.4894671875 0.5384249999999999 0.46216718749999997 0.551653125 0.46541718750000005 0.564875 0.48751718750000006 0.5499453125 0.541071875 0.5328125 0.590871875 0.5145390625 0.553496875 0.5512265625 0.5174203125 0.5857765625 0.47159218750000004 0.621184375 0.4735421875 0.6309953125 0.5167703125 0.60028125 0.5310718750000001 0.5921765625 0.5564218750000001 0.57383125 0.6077734375 0.5353546875 0.6731015625000001 0.479046875 0.6974765625 0.4564375 0.7442796875 0.4099421875 0.7624796875000001 0.4035421875 0.7793812499999999 0.3988515625 0.779053125 0.3881875 0.7592296875 0.3950125 0.780678125 0.372403125 0.780678125 0.365578125 0.775803125 0.3647265625 0.7348546875 0.40525 0.682203125 0.4253 0.7153515625 0.38989375000000004 0.7234765624999999 0.378375 0.7251046875 0.3689921875 0.7231515625 0.3647265625 0.7117765625 0.3638703125 0.7059249999999999 0.365578125 0.7010500000000001 0.3706953125 0.6974765625 0.3736828125 0.6422234375 0.3962921875 0.638 0.40746874999999994 0.6831750000000001 0.39083125 0.6987765625 0.384859375 0.7059249999999999 0.3852859375 0.7010500000000001 0.3912578125 0.66531875 0.43289062500000003 0.6038718750000001 0.498328125 0.595421875 0.5017421875 0.4894671875 0.5384249999999999
0 0.6630953125 0.43125 0.59136875 0.451953125 0.587203125 0.46328125 0.6633921875000001 0.439453125 0.6630953125 0.43125
0 0.54613125 0.55234375 0.4639875 0.573046875 0.46666718749999997 0.58125 0.5467265625 0.56171875 0.54613125 0.55234375