1 0.029720312500000002 0.1481515625 0.016520312500000002 0.1464171875 0.029296875 0.8446640625 0.0146640625 0.8446562500000001 0.013671875 0.8779921875 0.015625 0.9318234375 0.0463390625 0.9387546875 0.03125 0.201234375 0.029720312500000002 0.1481515625
1 0.296875 0.16021875000000002 0.2929703125 0.13971093750000002 0.298828125 0.12689062499999998 0.2880859375 0.117921875 0.284178125 0.117921875 0.28195000000000003 0.1395390625 0.279296875 0.152528125 0.279296875 0.16278125000000002 0.2734375 0.18328906250000002 0.271484375 0.20379687500000002 0.2594109375 0.2334453125 0.2666015625 0.2384015625 0.2744140625 0.2384015625 0.279296875 0.24481250000000002 0.279296875 0.2601921875 0.2822265625 0.26403906250000003 0.298828125 0.26275781249999997 0.3007828125 0.2601921875 0.3007828125 0.2371203125 0.3056640625 0.2307140625 0.3115234375 0.2307140625 0.3125 0.22686718749999998 0.3043390625 0.20894062500000002 0.30055 0.1933125 0.298828125 0.178159375 0.296875 0.175596875 0.296875 0.16021875000000002
1 0.728515625 0.35760625 0.7394765624999999 0.3563796875 0.7412109375 0.369140625 0.7467828125 0.3741359375 0.75 0.36273125 0.764109375 0.3617109375 0.766546875 0.35531718749999996 0.728515625 0.32684375 0.728515625 0.3012078125 0.7314468749999999 0.29223750000000004 0.7451156250000001 0.29223750000000004 0.7467796875 0.3069875 0.75355625 0.30541874999999996 0.75545 0.295828125 0.7673593750000001 0.29902656250000004 0.770984375 0.29334375 0.7304703124999999 0.26275781249999997 0.724609375 0.22430468750000002 0.7264828125 0.1926328125 0.7156546875 0.1940546875 0.705078125 0.257628125 0.6715390625000001 0.28816406250000004 0.6696453124999999 0.3009484375 0.6748031250000001 0.3024921875 0.6806640625 0.2948015625 0.7001968749999999 0.2948015625 0.701171875 0.321715625 0.677734375 0.34478906249999997 0.668296875 0.36312968749999996 0.6748031250000001 0.369140625 0.6827953124999999 0.35659375 0.6962890625 0.35888749999999997 0.6992203124999999 0.36529687499999997 0.697265625 0.3883671875 0.6767593749999999 0.40503125000000006 0.6658593749999999 0.42669843749999997 0.6715453124999999 0.4316671875 0.6787109375 0.4178484375 0.6953125 0.421690625 0.6914078124999999 0.480653125 0.724609375 0.4832140625 0.724609375 0.421690625 0.7294906250000001 0.41528593750000004 0.7392593749999999 0.4178484375 0.7394828125 0.42936406250000003 0.74624375 0.429184375 0.7532859375000001 0.42154687500000004 0.757615625 0.4251015625 0.76519375 0.42083906249999997 0.7265625 0.3883671875 0.728515625 0.35760625
0 0.10402343750000001 0.27566875 0.0331125 0.292715625 0.034259374999999995 0.30122187500000003 0.10510781250000001 0.2838359375 0.10402343750000001 0.27566875
0 0.091303125 0.27282812500000003 0.038796874999999995 0.235184375 0.0344671875 0.24192968750000002 0.085078125 0.2799296875 0.091303125 0.27282812500000003
0 0.049615625000000003 0.2188484375 0.0318453125 0.2119765625 0.029953125000000004 0.21730468749999998 0.04050625 0.22440625 0.029953125000000004 0.2236953125 0.02968125 0.23186718750000002 0.030390624999999998 0.23403437500000002 0.05693125 0.23589375 0.08643125 0.2440625 0.205515625 0.2827734375 0.251484375 0.29578906250000003 0.253109375 0.286559375 0.1378125 0.2506875 0.07460781250000001 0.22937968749999998 0.068384375 0.221921875 0.060265625 0.221921875 0.049615625000000003 0.2188484375
0 0 0.230671875 0.0214609375 0.23090937500000003 0.021601562499999998 0.222859375 0 0.2210828125 0 0.230671875
0 0 0.2203703125 0.017890625 0.21450312500000002 0.0171125 0.2086515625 0.006829687500000001 0.208296875 0.0000625 0.20119531249999997 0 0.2203703125
0 0.3387796875 0.256875 0.3495859375 0.2630203125 0.46716406250000003 0.3373875 0.4695984375 0.326378125 0.3713546875 0.2670703125 0.350515625 0.2535734375 0.34266406250000003 0.2432734375 0.312621875 0.22303125000000001 0.31134531249999997 0.23295 0.3387796875 0.256875
0 0.3786546875 0.3135203125 0.32344375 0.2769421875 0.32116406249999996 0.287159375 0.37080625 0.3199140625 0.3786546875 0.3135203125
0 0.771984375 0.30279218750000003 0.7771250000000001 0.3031484375 0.8719578125 0.3472578125 0.925359375 0.3703046875 0.9299609375 0.3610703125 0.8284671875 0.31703125 0.7570171875 0.2836484375 0.7537703125 0.2953703125 0.754934375 0.2942703125 0.771984375 0.30279218750000003
0 0.8076812500000001 0.33965625 0.7451609375 0.3115984375 0.744675 0.319971875 0.7684375 0.3325515625 0.8745296874999999 0.37765624999999997 0.87831875 0.37019531250000004 0.8076812500000001 0.33965625
0 1 0.3781828125 0.9808984374999999 0.3781828125 1 0.37108281249999997 0.9998453125 0.3625578125 0.96493125 0.37534375 0.9257140625 0.377828125 0.7958031250000001 0.37640625 0.7273296874999999 0.3732109375 0.7267890625 0.384578125 0.7651546875 0.38771093749999996 0.9335359375 0.3874171875 0.839621875 0.41511718750000004 0.7240562500000001 0.4481453125 0.725628125 0.4578640625 0.816075 0.432875 0.8672296875000001 0.4176046875 0.9524828125000001 0.389546875 1 0.3870625 1 0.3781828125
0 0.7740390625 0.44825312500000003 0.724509375 0.46175 0.7255921875 0.47062499999999996 0.7762234375 0.4578640625 0.7740390625 0.44825312500000003
0 1 0.3902234375 0.9116046875 0.41685937500000003 0.7930625 0.4449140625 0.792890625 0.4559109375 0.8707375 0.435325 0.955178125 0.41401562500000005 1 0.4026515625 1 0.3902234375
0 0.9227296875000001 0.434578125 0.7941703125 0.45553125000000005 0.794440625 0.46583125000000003 0.8623749999999999 0.45446875000000003 0.9102796874999999 0.445590625 0.9243515625000001 0.442034375 0.9227296875000001 0.434578125
0 0.9995921875 0.406878125 0.937884375 0.4285421875 0.9392375 0.43777343750000003 1 0.41753125 0.9995921875 0.406878125
0 0.69188125 0.45638281249999996 0.6152890625 0.4744921875 0.61636875 0.482659375 0.691996875 0.46606718750000004 0.69188125 0.45638281249999996
0 0.426678125 0.34326249999999997 0.539809375 0.362796875 0.6329109374999999 0.377 0.6994203125 0.3805546875 0.6999578125 0.37309375 0.6147046875 0.3603078125 0.439328125 0.3322546875 0.3302734375 0.306684375 0.315928125 0.302421875 0.315509375 0.31645625 0.3398 0.33397343749999997 0.39663750000000003 0.37090625 0.45130625 0.40642187500000004 0.52005 0.4422890625 0.591503125 0.48176874999999997 0.5961046875 0.47146875 0.5065171875 0.4231671875 0.42776249999999993 0.3777109375 0.3370953125 0.322309375 0.426678125 0.34326249999999997
0 0.40975 0.41231249999999997 0.3439828125 0.3721828125 0.3425921875 0.38051875 0.43573281250000007 0.4378828125 0.5085359375 0.4780125 0.5134078125 0.4719765625 0.40975 0.41231249999999997
0 0.5652765625 0.4198015625 0.423140625 0.3419609375 0.41080937500000003 0.345496875 0.50243125 0.3982234375 0.6375203125 0.466815625 0.6431015625 0.458721875 0.5652765625 0.4198015625
0 0.608815625 0.40223125 0.5224765625 0.3590703125 0.5164109375 0.3649921875 0.5976546875000001 0.4080109375 0.6594765625 0.43862968750000003 0.6649046875 0.4299765625 0.608815625 0.40223125
0 0.6698031249999999 0.305809375 0.64625625 0.36440625 0.6541046875000001 0.3676015625 0.678009375 0.307471875 0.6698031249999999 0.305809375
0 0.643821875 0.3771921875 0.6289343749999999 0.41128593750000003 0.6367828125 0.415546875 0.6503296875 0.38130000000000003 0.643821875 0.3771921875
0 0.656203125 0.4238984375 0.669996875 0.3819015625 0.66144375 0.38009375 0.6477765625 0.4213484375 0.656203125 0.4238984375
0 0.5513656250000001 0.2638015625 0.299628125 0.1230578125 0.2972796875 0.1372109375 0.429240625 0.21025468749999998 0.6545093750000001 0.33671093750000003 0.6595828125 0.3258125 0.5513656250000001 0.2638015625
0 0.2016640625 0.148746875 0.2836671875 0.13002031249999998 0.2827203125 0.118153125 0.0728953125 0.1658203125 0.0750625 0.1768484375 0.2016640625 0.148746875
0 0.168253125 0.24708125 0.0340125 0.1476453125 0.030765625 0.157940625 0.163109375 0.25525000000000003 0.168253125 0.24708125