1 0.162328125 0.8022656250000001 0.173828125 0.8010859375000001 0.191015625 0.7980046875 0.1914078125 0.7857078125 0.1914078125 0.560121875 0.1805390625 0.44330468749999996 0.17377343750000002 0.443659375 0.171446875 0.45591406250000005 0.1679703125 0.4832140625 0.162109375 0.5652453125 0.162109375 0.7882703125 0.162328125 0.8022656250000001
0 0.16272031250000002 0.55946875 0.1150859375 0.5804218750000001 0.11697968750000001 0.5889453125 0.16352968750000002 0.570125 0.16272031250000002 0.55946875
0 0.16211875 0.6581609375 0.1323484375 0.6684609375 0.133428125 0.676984375 0.1628296875 0.6691921875 0.16211875 0.6581609375
0 0.2615234375 0.671653125 0.1929734375 0.6542546875 0.190884375 0.667034375 0.261175 0.6833750000000001 0.2615234375 0.671653125
0 0.256678125 0.4570546875 0.181115625 0.4434609375 0.180628125 0.4530046875 0.25485156249999996 0.4670515625 0.256678125 0.4570546875
0 0.49288125000000005 0.5078390625 0.30586250000000004 0.47054999999999997 0.30438125 0.47985156250000005 0.4923390625 0.5163640625 0.49288125000000005 0.5078390625
0 0.39505 0.619309375 0.3162953125 0.5998828125 0.3160234375 0.6069890625000001 0.3931546875 0.627121875 0.39505 0.619309375
0 0.4121015625 0.6130234375 0.3171046875 0.5910078125 0.31575312499999997 0.5984640625 0.41020781250000005 0.6222578125 0.4121015625 0.6130234375
0 0.6561640625 0.683684375 0.591621875 0.6695046875 0.5899609375 0.6761250000000001 0.6541187500000001 0.691346875 0.6561640625 0.683684375
0 0.7650890625 0.7059109375 0.6812765625 0.6894296875 0.6805203125 0.69804375 0.7645062499999999 0.71510625 0.7650890625 0.7059109375
0 0.76655 0.6921125 0.596003125 0.655328125 0.593375 0.6637578125 0.7662656250000001 0.7018359375000001 0.76655 0.6921125
0 0.786815625 0.721221875 0.918925 0.7486328125 0.9860921875 0.7608953125 0.9878 0.7526515625 0.787509375 0.7114609375 0.786815625 0.721221875
0 1 0.7363703125 0.7816703125 0.696515625 0.7813578125 0.7047859375 1 0.7467140624999999 1 0.7363703125
0 0.20921093750000003 0.5698390625 0.19216093750000002 0.56415625 0.1905359375 0.5701953125 0.20747343749999997 0.5762234375 0.20921093750000003 0.5698390625
0 0.20921093750000003 0.56415625 0.19161875 0.5581203125 0.1913484375 0.5645125 0.20836562500000003 0.5703640625 0.20921093750000003 0.56415625
0 0.21209531250000002 0.7575234375 0.191678125 0.7529890625 0.1910453125 0.76121875 0.21052343750000002 0.76370625 0.21209531250000002 0.7575234375