1 0.46302031250000003 0.1060546875 0.4508296875 0.103390625 0.43186562500000003 0.3806640625 0.40671718749999997 0.7469296875 0.4217046875 0.750359375 0.4406703125 0.4082109375 0.46302031250000003 0.1060546875
1 0.27578593749999997 0.627215625 0.284359375 0.2899375 0.275575 0.288746875 0.2683625 0.6255671875 0.27578593749999997 0.627215625
1 0.034517187500000004 0.7310390625000001 0.052928125000000006 0.491625 0.0401078125 0.492059375 0.0246578125 0.731471875 0.034517187500000004 0.7310390625000001
1 0.07824687500000001 0.7231375 0.074428125 0.7234921875 0.07415468750000001 0.732440625 0.077703125 0.7328015625 0.06597031249999999 0.8523671875 0.07797343749999999 0.85415625 0.0998 0.60208125 0.108803125 0.48609843750000004 0.096253125 0.48609843750000004 0.0869765625 0.5956953125 0.08343125 0.5956953125 0.08343125 0.60679375 0.0861578125 0.60679375 0.07824687500000001 0.7231375
1 0.135553125 0.733871875 0.14128281250000002 0.7331515625 0.1541078125 0.5029140625 0.142375 0.503628125 0.132009375 0.70523125 0.1306421875 0.7216984375 0.129825 0.7335109375 0.135553125 0.733871875
1 0.23810937499999998 0.5022234375 0.224196875 0.5022234375 0.2198296875 0.561940625 0.21682968749999998 0.6127734375 0.21382812499999998 0.6131328125 0.2141015625 0.624590625 0.2160125 0.624590625 0.20919062500000002 0.74579375 0.206190625 0.7461484375 0.206190625 0.7583203125 0.208371875 0.7579609375 0.20455312499999997 0.8184609375 0.201934375 0.8859921875 0.21164531250000002 0.885434375 0.212190625 0.8589453125000001 0.2124640625 0.8467734374999999 0.21710156249999998 0.8453406250000001 0.21655625 0.835675 0.21519375 0.835675 0.22965156250000002 0.6368234375 0.23510781249999999 0.56845 0.23810937499999998 0.5022234375
1 0.23929218749999998 0.7416875 0.251496875 0.516765625 0.241859375 0.516765625 0.22933281249999998 0.7397265625 0.23929218749999998 0.7416875
1 0.33225937499999997 0.74559375 0.34416718749999997 0.5303828125 0.3333421875 0.5300265625 0.322515625 0.7434640625 0.33225937499999997 0.74559375
1 0.36062500000000003 0.6387625 0.3587296875 0.640534375 0.359 0.6490578124999999 0.36062500000000003 0.6494140625 0.3579171875 0.7680234375 0.3535859375 0.768378125 0.3535859375 0.7758359375 0.356565625 0.7758359375 0.35152031250000004 0.9176296875000001 0.354940625 0.917953125 0.36441406249999997 0.917953125 0.379075 0.5149375 0.364190625 0.5149375 0.3625171875 0.5709296875 0.35850624999999997 0.5714015625 0.3595421875 0.5801640625 0.363059375 0.5801640625 0.36062500000000003 0.6387625
1 0.5033421875 0.75145 0.5128125 0.5532812500000001 0.5017171874999999 0.5532812500000001 0.4903515625 0.7535828125 0.5033421875 0.75145
1 0.553059375 0.5333984375 0.538984375 0.5341046875 0.53763125 0.592703125 0.5330328125 0.592703125 0.5333 0.6030046875 0.5354671875 0.6030046875 0.5322203125 0.659315625 0.5281609375 0.6607390625 0.52843125 0.670684375 0.5305953125 0.67139375 0.524640625 0.80740625 0.5208515625000001 0.80740625 0.5208515625000001 0.819125 0.5222046875 0.8194796875 0.5148984375000001 0.9512390625 0.5289703125 0.9510937500000001 0.5446703125 0.6726093750000001 0.545753125 0.6733203125 0.5484578124999999 0.6733203125 0.5492703125 0.6601796875 0.545753125 0.6605359375 0.5500828125 0.60904375 0.552246875 0.6026484375 0.553059375 0.5333984375
1 0.5793874999999999 0.7590859375 0.5910234375 0.5651796874999999 0.5810125 0.5666015625 0.570184375 0.7605078125 0.5793874999999999 0.7590859375
1 0.6517234375000001 0.7772390625 0.6630796875 0.5752546875 0.6532171875 0.5756484375 0.6421578125 0.7780203125 0.6517234375000001 0.7772390625
1 0.7136453125 0.6898328125 0.7146874999999999 0.7016953125 0.7167734375 0.7016953125 0.7098187499999999 0.82990625 0.7046046875 0.830815625 0.7053 0.8426796875000001 0.7087765625 0.8426796875000001 0.699734375 0.9873875 0.7122531249999999 0.9892140625 0.7449375 0.553609375 0.7254671874999999 0.5527 0.7219875 0.6106453125 0.7181640625 0.6115546875 0.7185125 0.6256984375 0.72338125 0.6256984375 0.71955625 0.6898328125 0.7136453125 0.6898328125
1 0.921125 1 0.946509375 0.575265625 0.9287734375 0.5738953125 0.9266875000000001 0.6336640625000001 0.922515625 0.639596875 0.9239078125000001 0.6487234374999999 0.9252968750000001 0.6496328124999999 0.921125 0.716203125 0.9173 0.71665625 0.9173 0.7294328125 0.9207765625000001 0.7303437500000001 0.9138249999999999 0.8681328125000001 0.9113906249999999 0.8690468750000001 0.9113906249999999 0.8804531250000001 0.9134765625 0.8813671875000001 0.9075656249999999 1 0.921125 1
0 0.21506562499999998 0.5689453125 0.2779578125 0.2919484375 0.270484375 0.289496875 0.20717500000000003 0.5685125 0.21506562499999998 0.5689453125
0 0.217940625 0.2994328125 0.2562375 0.29820625 0.2630859375 0.2994328125 0.2752296875 0.2986171875 0.27616406250000003 0.2818671875 0.116440625 0.27778125 0.1114578125 0.29167187499999997 0.1908546875 0.2908515625 0.187428125 0.2953484375 0.1064796875 0.2986171875 0.104296875 0.3092375 0.1924109375 0.305153125 0.217940625 0.2994328125
0 0.2844015625 0.2814171875 0.2844015625 0.28509375000000003 0.2852375 0.2975390625 0.31179999999999997 0.2973515625 0.37500625 0.3169609375 0.41797031249999994 0.32880937499999996 0.4354078125 0.332078125 0.4363390625 0.3226796875 0.40396093750000006 0.3145078125 0.3195828125 0.2916296875 0.43945468749999994 0.282234375 0.440078125 0.27242968749999996 0.2844015625 0.2814171875
0 0.5380421875 0.2603203125 0.45062187500000006 0.270265625 0.44973437499999996 0.28051875000000004 0.518015625 0.274171875 0.6159875 0.2581921875 0.6159875 0.2471796875 0.5380421875 0.2603203125
0 0.485265625 0.34484375 0.5283 0.35443437499999997 0.5756640625 0.36295625 0.61030625 0.36473125 0.61030625 0.357628125 0.5485984375 0.3469765625 0.4462921875 0.3246015625 0.4471046875 0.335609375 0.4622625 0.339515625 0.485265625 0.34484375
0 0.686203125 0.23442968749999998 0.6423578125 0.242596875 0.6425921875 0.25239375000000003 0.6872828125 0.24295 0.686203125 0.23442968749999998
0 1 0.408409375 0.91019375 0.3782578125 0.8035593750000001 0.3406140625 0.6432765625 0.27892968749999997 0.6397859375 0.2869890625 0.6522078125 0.2917140625 0.721384375 0.3196609375 0.8225031250000001 0.3576609375 0.9311125 0.39668749999999997 1 0.41941875 1 0.408409375