1 0.9180984375 0 0.916015625 0.0476078125 0.90309375 0.3340875 0.8998109375000001 0.423178125 0.9154921874999999 0.4303296875 0.923828125 0.2624515625 0.934978125 0 0.9180984375 0
1 0.1725578125 0 0.172221875 0.0084109375 0.1710671875 0.023821875 0.158203125 0.4187015625 0.1601765625 0.4656703125 0.1783265625 0.465103125 0.1796875 0.4504390625 0.19103281249999998 0 0.1725578125 0
1 0.42323750000000004 0.2377234375 0.45061875 0.2368046875 0.44969843750000005 0.2287578125 0.423828125 0.22582968750000001 0.423828125 0.19165000000000001 0.4326171875 0.18310625 0.452975 0.17976406250000002 0.4530359375 0.1644375 0.4436859375 0.1643109375 0.4429484375 0.172134375 0.4366890625 0.173515625 0.43171875000000004 0.16131875 0.425090625 0.1610890625 0.425459375 0.1714453125 0.419015625 0.1714453125 0.39397812499999996 0.1714453125 0.3928734375 0.1626984375 0.3862453125 0.1629296875 0.385928125 0.180790625 0.40894375 0.18139687499999999 0.408203125 0.21362343749999999 0.4140625 0.22094687500000001 0.4147578125 0.22621562499999998 0.40465625000000005 0.225984375 0.3842203125 0.225984375 0.38423281249999997 0.23590624999999998 0.41383281250000004 0.23718750000000002 0.40770156249999995 0.39237500000000003 0.40625 0.4504390625 0.412109375 0.45288125 0.41843125 0.4525359375 0.42361875 0.273159375 0.440371875 0.2598140625 0.45215468750000004 0.257053125 0.4711171875 0.2572828125 0.4705640625 0.251759375 0.45951875 0.25060937499999997 0.4346640625 0.2536 0.4243546875 0.2634953125 0.42323750000000004 0.2377234375
1 0.43779375 0.260734375 0.43816249999999995 0.26694687500000003 0.455284375 0.2685578125 0.45362656250000005 0.28742968750000003 0.44018750000000006 0.2876578125 0.44018750000000006 0.2945625 0.4541015625 0.29541093749999997 0.457309375 0.29686406249999997 0.45703125 0.3039546875 0.453125 0.435790625 0.458984375 0.435790625 0.4646734375 0.29824375000000003 0.47535156250000005 0.2938734375 0.47571874999999997 0.28742968750000003 0.4661453125 0.28696875 0.466796875 0.269775 0.47755937499999995 0.2664890625 0.47755937499999995 0.260734375 0.4685390625 0.260503125 0.444790625 0.26004375 0.43779375 0.260734375
0 0.981853125 0.2115125 0.9302906249999999 0.154928125 0.928596875 0.161584375 0.9765265624999999 0.2139328125 0.981853125 0.2115125
0 0.9421531249999999 0.00060625 0.978221875 0.0351015625 0.9796734375 0.033890625 0.9808843749999999 0.0296546875 0.9501406250000001 0 0.9421531249999999 0.00060625
0 0.67008125 0.035003125 0.8077875000000001 0.089771875 0.9115609375 0.1276578125 0.9115609375 0.1218921875 0.8829 0.111596875 0.7751718750000001 0.07041875 0.667115625 0.0275890625 0.597275 0 0.587721875 0.0024703125 0.67008125 0.035003125
0 0.169003125 0.042828125 0 0.0815375 0.0003296875 0.089771875 0.1709796875 0.050240625000000004 0.169003125 0.042828125
0 0.1927 0.0333015625 0.1968484375 0.034684375 0.1971234375 0.037101562500000004 0.19850625 0.042285937499999995 0.2021 0.047125 0.21177656250000002 0.0467796875 0.215371875 0.043321874999999996 0.21868906250000003 0.0405578125 0.228365625 0.056109374999999996 0.25711875 0.1034546875 0.289465625 0.152875 0.31794218750000003 0.1960734375 0.32546875000000003 0.2068359375 0.32937500000000003 0.2025390625 0.2750890625 0.118190625 0.232934375 0.04898125 0.22920156249999998 0.0392640625 0.22826875000000002 0.03304375 0.22329218750000002 0.026821875000000002 0.213340625 0.020992187500000002 0.19716875 0 0.1924234375 0.0046171875 0.204865625 0.02016875 0.20541874999999998 0.026389062499999998 0.2018234375 0.0291546875 0.1971234375 0.0284625 0.19601875 0.020859375 0.1902125 0.02016875 0.1902125 0.022934375 0.1927 0.0333015625
0 0.20431249999999998 0.0467796875 0.22698281250000002 0.0858296875 0.277853125 0.1577125 0.3060546875 0.199184375 0.317665625 0.21266250000000003 0.3226421875 0.2095515625 0.31026875 0.19528281249999999 0.27840625 0.14907187500000002 0.2380421875 0.0885953125 0.2098421875 0.046087499999999997 0.20431249999999998 0.0467796875
0 0.657475 0.1393609375 0.6682406249999999 0.14196718749999998 0.6680671874999999 0.1365390625 0.65638125 0.13373125 0.5811796874999999 0.1147046875 0.4529328125 0.078615625 0.527915625 0.0981984375 0.61128125 0.1163515625 0.66459375 0.12763906249999998 0.66476875 0.12286250000000001 0.6315984375 0.1150484375 0.6016484375 0.1081796875 0.4757296875 0.079121875 0.35305 0.048909375 0.5334749999999999 0.07854531249999999 0.6536796875 0.098109375 0.772678125 0.1211265625 0.8794765625000001 0.1406921875 0.9103187500000001 0.147021875 0.9105484374999999 0.147021875 0.9114703125 0.141265625 0.8502453125 0.1288953125 0.80224375 0.12039843750000001 0.6689734374999999 0.0954109375 0.5350234375 0.0719359375 0.3867859375 0.047704687499999995 0.2919828125 0.033695312500000005 0.21080937500000002 0.0140078125 0.22766718749999998 0.0325609375 0.23739218750000002 0.031909375000000004 0.29341249999999997 0.0394203125 0.38048125 0.06415156250000001 0.4293296875 0.07677500000000001 0.47356875 0.090303125 0.5010078124999999 0.098334375 0.5916484375 0.12340312499999999 0.657475 0.1393609375
0 0.26793125 0.245775 0.25109375 0.25 0.234490625 0.2569234375 0.23550468750000003 0.2607234375 0.2361125 0.2617359375 0.2561765625 0.253628125 0.27857656249999996 0.24990625 0.2950078125 0.24551093750000003 0.3069984375 0.242553125 0.32419375 0.236834375 0.33192343750000003 0.23407499999999998 0.32828124999999997 0.2298828125 0.3147484375 0.23361562500000002 0.282321875 0.24248281249999998 0.26793125 0.245775
0 0.4090625 0.30546875 0.39046875000000003 0.280078125 0.38359375 0.277734375 0.37828125 0.27734375 0.37265625 0.276171875 0.36921875000000004 0.273046875 0.35953124999999997 0.258984375 0.35750000000000004 0.2544921875 0.3515625 0.2455078125 0.325625 0.2185546875 0.32328125 0.22265625 0.33546875 0.2373046875 0.346875 0.2490234375 0.35890625 0.2669921875 0.36359375 0.2736328125 0.36984374999999997 0.2798828125 0.37328125 0.2814453125 0.38421875 0.2828125 0.38656250000000003 0.2830078125 0.40703125 0.310546875 0.4090625 0.30546875
0 0.3309375 0.216015625 0.359375 0.24453125 0.38421875 0.269140625 0.4096875 0.2916015625 0.41171875 0.2861328125 0.39140625 0.2671875 0.37015625 0.246484375 0.33468749999999997 0.212890625 0.3309375 0.216015625
0 0.29281250000000003 0.2296875 0.29078125 0.2318359375 0.2890625 0.2322265625 0.28640625000000003 0.232421875 0.2765625 0.232421875 0.2684375 0.2328125 0.2659375 0.233203125 0.25734375 0.2369140625 0.25015624999999997 0.241015625 0.22781250000000003 0.24375 0.22718750000000001 0.24765625 0.23484375000000002 0.2478515625 0.24359375 0.246875 0.2478125 0.2470703125 0.25406249999999997 0.2439453125 0.2640625 0.240625 0.271875 0.2375 0.27546875000000004 0.2375 0.28953125 0.2369140625 0.2953125 0.235546875 0.29984375 0.23046875 0.30734374999999997 0.2251953125 0.32125 0.2181640625 0.33453125 0.21328125 0.3353125 0.2123046875 0.32984375 0.204296875 0.32625000000000004 0.208203125 0.32484375 0.2111328125 0.3203125 0.2126953125 0.3153125 0.2146484375 0.30921875 0.2185546875 0.29812500000000003 0.2255859375 0.29281250000000003 0.2296875
0 0.356259375 0.19577031250000002 0.3653265625 0.1879390625 0.3836265625 0.16815625 0.379834375 0.164240625 0.36796562499999996 0.1778421875 0.3572484375 0.1883515625 0.35510625 0.1906171875 0.332025 0.2054546875 0.3338390625 0.2104 0.356259375 0.19577031250000002
0 0.6989203125000001 0.1558796875 0.726025 0.1594609375 0.7932609375 0.1773703125 0.8621624999999999 0.195546875 0.8843406249999999 0.201140625 0.8862765625 0.195290625 0.7446796875 0.1589625 0.8050703125 0.160509375 0.8838046875 0.1602515625 0.9114234375000001 0.15638749999999998 0.9095140625000001 0.1512796875 0.8788578125000001 0.15509843750000002 0.8351625 0.1553546875 0.7479765625 0.1532953125 0.6595015625 0.1465953125 0.5645734375 0.13680625 0.4563 0.1019359375 0.354334375 0.066896875 0.30074531250000003 0.049634374999999994 0.3003328125 0.051953125 0.2998046875 0.054284374999999996 0.40760312499999996 0.09038281249999999 0.4918125 0.119315625 0.5863796875 0.1498625 0.6860203125 0.18072656250000002 0.856759375 0.2302765625 0.8580828125 0.2242171875 0.8142140625 0.21154062499999998 0.6272765625 0.1567046875 0.598178125 0.1481625 0.6989203125000001 0.1558796875
0 0.44890625 0.1615234375 0.3679109375 0.12326875 0.26761406249999997 0.07284531250000001 0.24671875000000001 0.0659234375 0.24681718749999998 0.07113125000000001 0.2646421875 0.0762734375 0.2888671875 0.1308359375 0.305321875 0.16568750000000002 0.3094359375 0.162259375 0.2751546875 0.0851296875 0.2772125 0.0837015625 0.30722499999999997 0.0995640625 0.37603906249999997 0.13388125 0.44406249999999997 0.165625 0.44890625 0.1615234375
0 0.5644296875 0.21441249999999998 0.45563906249999997 0.1650890625 0.4540875 0.16970625 0.5488671875 0.213040625 0.6418890625 0.2527828125 0.643771875 0.248075 0.5644296875 0.21441249999999998
0 0.4249078125 0.13713906250000002 0.4223859375 0.1420796875 0.47055625 0.1649203125 0.554053125 0.1965640625 0.6610734375 0.2345328125 0.7181140625 0.2530796875 0.766996875 0.267915625 0.766996875 0.26287343750000003 0.7069609375 0.2441859375 0.5865828125 0.2027953125 0.48280781250000004 0.1635375 0.4249078125 0.13713906250000002