1 0.744140625 0.12329062500000001 0.748046875 0.22827187499999999 0.7421875 0.23559531250000001 0.7421875 0.2551265625 0.74328125 0.275390625 0.7510578125 0.29346875 0.75390625 0.4089359375 0.7568359375 0.4150390625 0.76953125 0.41381875 0.76840625 0.2966171875 0.76953125 0.279540625 0.7828125 0.2751953125 0.78125 0.23315468749999999 0.7783203125 0.22705156249999997 0.765625 0.22827187499999999 0.765625 0.12084999999999999 0.763715625 0.10065312500000001 0.7429625 0.1020375 0.744140625 0.12329062500000001
1 0.6328125 0.34281875 0.6328125 0.3232875 0.629421875 0.32058437500000003 0.6265453125 0.3213828125 0.6262265625000001 0.32637499999999997 0.626953125 0.3281703125 0.627984375 0.34575 0.6220718749999999 0.35074375 0.6224999999999999 0.3734375 0.6287499999999999 0.375390625 0.62890625 0.3867640625 0.630859375 0.38920468750000003 0.6302203125 0.4074703125 0.6337890625 0.407515625 0.63671875 0.4062953125 0.63671875 0.39897031250000003 0.6361328125 0.3926890625 0.6410875 0.38949375 0.6406078125 0.372915625 0.640625 0.36967343750000003 0.640625 0.3574671875 0.6393296875 0.3503453125 0.634765625 0.35014218750000003 0.634765625 0.34525937500000003 0.6328125 0.34281875
1 0.60546875 0.3723140625 0.60546875 0.377196875 0.603515625 0.3796390625 0.603515625 0.404053125 0.6064453125 0.40771562499999997 0.6181640625 0.40771562499999997 0.619140625 0.40649375 0.62109375 0.404053125 0.62109375 0.384521875 0.619140625 0.3820796875 0.619140625 0.3625484375 0.6171875 0.3601078125 0.6171875 0.3527828125 0.6142578125 0.3515625 0.611328125 0.355225 0.611328125 0.364990625 0.60546875 0.3723140625
0 0.84375 0 0.8228125000000001 0.034765625 0.7807125 0.09612343749999999 0.7643 0.1154640625 0.7661765625 0.118396875 0.7671140624999999 0.11898281250000001 0.77890625 0.1072265625 0.7905593750000001 0.0937796875 0.83234375 0.0341796875 0.8517187500000001 0 0.84375 0
0 0.8481249999999999 0.1169921875 0.8182234375 0.15590781250000002 0.7858703125 0.1904875 0.764375 0.212109375 0.76796875 0.2197265625 0.790625 0.19765625 0.814940625 0.17290624999999998 0.8625 0.112109375 0.90703125 0.048046875 0.93515625 0.0033203125 0.9317187499999999 0.0001953125 0.8866828124999999 0.06330156249999999 0.8481249999999999 0.1169921875
0 0.9566203124999999 0 0.9467015625 0.0164125 0.9489046875 0.0205265625 0.9627531250000001 0 0.9566203124999999 0
0 0.78493125 0.2649265625 0.8065625000000001 0.2548828125 0.8576109375 0.22038125000000003 0.9401359375 0.14301406249999998 0.9373234374999999 0.1342203125 0.9160937499999999 0.1552734375 0.8594859375 0.208071875 0.8453125 0.2181640625 0.8102515625000001 0.24265468750000002 0.7815624999999999 0.258203125 0.78493125 0.2649265625
0 0.915625 0.1298828125 0.8915625 0.1541015625 0.874375 0.1708984375 0.8393234375 0.2039703125 0.8234375 0.2154296875 0.8009375000000001 0.230859375 0.8510937500000001 0.180859375 0.88765625 0.14375 0.9384375 0.087109375 0.9370312500000001 0.077734375 0.89140625 0.1318359375 0.938125 0.0720703125 0.9368546875 0.061543749999999994 0.9021874999999999 0.1046875 0.8712500000000001 0.147265625 0.8528125 0.1671875 0.8079078125000001 0.2151046875 0.7810937499999999 0.2392578125 0.78210625 0.2483609375 0.79078125 0.2447265625 0.8449500000000001 0.2104171875 0.8871874999999999 0.1693359375 0.9324999999999999 0.121484375 0.9376562500000001 0.1166015625 0.93921875 0.1150390625 0.9375 0.10625 0.915625 0.1298828125
0 0.9513609375 0.12302187499999999 0.9526625 0.1249734375 0.954484375 0.1275765625 0.9773968749999999 0.10251718750000001 0.9996859375 0.075609375 1 0.06574218750000001 0.9737515625000001 0.096334375 0.9540484375 0.118959375 0.9513609375 0.12302187499999999
0 1 0.033634375 0.98550625 0.0499578125 0.9675015625000001 0.07196875 0.9495140624999999 0.0926078125 0.9509203125000001 0.10022656249999999 0.971084375 0.078540625 1 0.0445453125 1 0.033634375
0 0.9843203125000001 0 0.9579546875 0.03399375 0.9476390625000001 0.0480625 0.9493 0.0558921875 0.96948125 0.029429687500000003 0.991046875 0 0.9843203125000001 0
0 1 0.0017578125 0.9775921875 0.0291828125 0.9490453125 0.0656453125 0.9495140624999999 0.0744375 0.9687390625000001 0.05040625 1 0.0105515625 1 0.0017578125
0 0.799525 0.30419999999999997 0.7999359375 0.3118171875 0.836721875 0.2910921875 0.8681453125 0.2689484375 0.8712734375 0.2664078125 0.8734624999999999 0.26406406250000003 0.874490625 0.25437656249999996 0.8412000000000001 0.2789921875 0.819359375 0.2927953125 0.799525 0.30419999999999997
0 0.723471875 0.1528125 0.7155359375 0.1727109375 0.6928124999999999 0.2193359375 0.6759375000000001 0.2412109375 0.6693687500000001 0.24807656250000001 0.665234375 0.25077343750000003 0.6691890625 0.256390625 0.6788953125 0.249425 0.6844671875 0.24291093749999998 0.7001062499999999 0.2231375 0.7184390625 0.1824703125 0.7307812499999999 0.15234375 0.73703125 0.1275390625 0.7304828125 0.12742343750000001 0.723471875 0.1528125
0 0.7183484375 0.212175 0.7368750000000001 0.1693359375 0.7441375 0.1482890625 0.7462500000000001 0.1421875 0.7421875 0.136328125 0.7342906250000001 0.15649375000000001 0.7099078125 0.213346875 0.7006453125000001 0.23232031250000001 0.6825828125 0.2582875 0.673334375 0.2637546875 0.6743750000000001 0.2703125 0.685409375 0.265571875 0.7095312500000001 0.2458984375 0.7353125 0.2044921875 0.74125 0.192578125 0.7478890625 0.174078125 0.7435937499999999 0.1689453125 0.73375 0.1953125 0.71171875 0.2294921875 0.7006249999999999 0.2453125 0.7183484375 0.212175
0 0.7421 0.2423921875 0.739096875 0.2333421875 0.7230375 0.2649265625 0.70475 0.2913015625 0.7080328125 0.2983359375 0.721084375 0.280584375 0.7421 0.2423921875
0 0.87393125 0.2759859375 0.8559484375 0.29045156250000004 0.8595453125000001 0.29377343749999996 0.8753390624999999 0.28126406249999997 0.87393125 0.2759859375
0 0.8295625 0.30767968749999997 0.80489375 0.32171875 0.80691875 0.3270109375 0.8308515625 0.31251406249999997 0.8295625 0.30767968749999997
0 0.8704453125 0.12857812500000002 0.9016953125 0.0875625 0.9190625000000001 0.0630859375 0.93625 0.0390625 0.9348203125 0.0301578125 0.88203125 0.1019859375 0.8582812499999999 0.1337890625 0.8370312500000001 0.1578453125 0.7921875 0.2087890625 0.77390625 0.2259765625 0.7810937499999999 0.2306640625 0.8040625 0.2169921875 0.84140625 0.17734375 0.8627890624999999 0.155353125 0.8673203125000001 0.14988437500000001 0.8635703124999999 0.1457828125 0.8613828124999999 0.1487125 0.8288828125000001 0.1826984375 0.8121640625 0.2008640625 0.8042187500000001 0.2072265625 0.8141953125000001 0.1940265625 0.8516953125000001 0.15103906250000002 0.8704453125 0.12857812500000002
0 0.790625 0.0984375 0.76859375 0.1173828125 0.77265625 0.1205078125 0.78390625 0.1138671875 0.8 0.098046875 0.82125 0.073828125 0.840625 0.048046875 0.8724999999999999 0.0005859375 0.86546875 0 0.8568749999999999 0.0126953125 0.83625 0.042578125 0.8162499999999999 0.0685546875 0.790625 0.0984375
0 0.81546875 0 0.8125 0.0080078125 0.8018750000000001 0.0244140625 0.79015625 0.0431640625 0.76234375 0.0796875 0.7515625 0.09296875 0.7549109374999999 0.0966078125 0.7698437499999999 0.08046875 0.79015625 0.0548828125 0.8060937499999999 0.0296875 0.8189062500000001 0.0087890625 0.8228125000000001 0 0.81546875 0
0 0.72359375 0.2798828125 0.7115625 0.2978515625 0.71609375 0.3015625 0.7290625000000001 0.2814453125 0.7421875 0.258203125 0.74015625 0.2513671875 0.72359375 0.2798828125
0 0.74140625 0.2666015625 0.719375 0.302734375 0.72328125 0.3048828125 0.728125 0.298046875 0.74328125 0.275 0.74140625 0.2666015625
0 0.7279687499999999 0.3078125 0.7462500000000001 0.2833984375 0.74328125 0.276953125 0.7234375 0.3044921875 0.7279687499999999 0.3078125
0 0.749375 0.28828125 0.7306250000000001 0.3076171875 0.7345312500000001 0.31171875 0.75109375 0.294140625 0.749375 0.28828125
0 0.75 0.30078125 0.739375 0.3130859375 0.74375 0.315625 0.74734375 0.312890625 0.75171875 0.3095703125 0.75 0.30078125
1 0.67384375 0.2579515625 0.6680921875 0.2597484375 0.6669734375 0.24996093749999998 0.6546875 0.2505859375 0.6551484375000001 0.2579515625 0.6609015625 0.2579515625 0.6626593749999999 0.2757265625 0.664096875 0.3036921875 0.66484375 0.3279296875 0.656746875 0.328259375 0.6562671875 0.35662343750000003 0.666334375 0.35662343750000003 0.670009375 0.42661875 0.6768796874999999 0.4362078125 0.677040625 0.4364328125 0.677040625 0.41466250000000004 0.6748031250000001 0.41346249999999996 0.6719265625 0.345153125 0.6826328125 0.343753125 0.6810343750000001 0.326775 0.6715625000000001 0.327734375 0.6708078125 0.3201828125 0.6682515625 0.266340625 0.675 0.2662109375 0.67384375 0.2579515625
0 0.70203125 0.3376953125 0.71578125 0.330078125 0.7275 0.3216796875 0.7234375 0.31875 0.7053125 0.3306640625 0.7040625 0.3296875 0.7159375 0.3150390625 0.7103125 0.312109375 0.69921875 0.3302734375 0.68453125 0.3396484375 0.6873437499999999 0.343359375 0.70203125 0.3376953125
0 0.6971875 0.3216796875 0.68140625 0.330078125 0.6839062499999999 0.3349609375 0.69875 0.328125 0.70125 0.32421875 0.7090625 0.3109375 0.70375 0.309765625 0.6971875 0.3216796875
0 0.65328125 0.283203125 0.6448437499999999 0.29921875 0.6481250000000001 0.3017578125 0.65734375 0.2857421875 0.65328125 0.283203125
0 0.6541765625 0.25696875 0.64953125 0.26875 0.65385 0.2704609375 0.6581015625 0.2577875 0.6541765625 0.25696875