0 0.6401671875 0.021040625 0.626953125 0.12084999999999999 0.6341390625 0.11986875 0.6452515625 0.0216984375 0.6401671875 0.021040625
1 0.50890625 0.353515625 0.509765625 0.377196875 0.5107421875 0.37841874999999997 0.51171875 0.377196875 0.513671875 0.37475625 0.5134375 0.351171875 0.5246875 0.35 0.5248437499999999 0.3458984375 0.5126953125 0.34423906249999997 0.49890625 0.3455078125 0.49953125 0.3484375 0.499375 0.3505859375 0.5078125 0.3505859375 0.50890625 0.353515625
0 0.56640625 0.2248046875 0.5783109375000001 0.18865156249999998 0.572396875 0.186703125 0.5620171875 0.2197046875 0.56640625 0.2248046875
0 0.19425937499999998 0.264821875 0.5217046875 0.19048281250000001 0.533353125 0.187146875 0.530684375 0.1798671875 0.37756875 0.21747812500000002 0.5664265625 0.1697375 0.565021875 0.16321875 0.1947734375 0.2509046875 0.19425937499999998 0.264821875
0 0 0.27758906250000004 0.0190109375 0.27739375 0.0228125 0.27734375 0.0231796875 0.27011093750000004 0 0.2715140625 0 0.27758906250000004
0 0.7925093750000001 0.0007328125 0.7679078125000001 0.0256265625 0.773765625 0.028921875000000003 0.798659375 0.0010984375 0.7925093750000001 0.0007328125
0 0.6786921875 0.013770312500000001 0.7193031249999999 0.028284375 0.7197484375000001 0.020654687499999998 0.7154921875 0.019403125 0.6701796875 0.00438125 0.6681765625 0.0056328125 0.66166875 0.0122046875 0.66216875 0.0197140625 0.663921875 0.020028125 0.6704296875 0.01470625 0.6786921875 0.013770312500000001
0 0.6761890625 0.0797984375 0.6857015625 0.10201562500000001 0.6897078125 0.097321875 0.67765625 0.0681640625 0.665 0.0384765625 0.6611671875 0.0466265625 0.6761890625 0.0797984375
0 0.6441984374999999 0.006967187499999999 0.63213125 0.0110375 0.6045515625 0.0203421875 0.545728125 0.034503125 0.47435937499999997 0.052184375000000005 0.3795765625 0.0723265625 0.251378125 0.089578125 0.23279999999999998 0.09223281250000001 0.21448593749999997 0.09422343749999999 0.14392812500000002 0.09994375 0.079540625 0.10259531250000001 0.078028125 0.110840625 0.151315625 0.109153125 0.229278125 0.10162500000000001 0.2804875 0.0946375 0.41275312499999994 0.0759765625 0.5470312500000001 0.042578125 0.4616234375 0.07075624999999999 0.3750515625 0.1008390625 0.3241015625 0.1165640625 0.199825 0.1556640625 0.19696875 0.15626562500000002 0.18927031249999998 0.1585875 0.0408875 0.19656875000000001 0.0408875 0.2040375 0.121971875 0.185209375 0.194165625 0.1653921875 0.21183125 0.160578125 0.3231578125 0.12619687500000001 0.35828125 0.1162109375 0.3755234375 0.1112578125 0.622240625 0.024765625 0.6381265625 0.019198437500000002 0.6463046875 0.016 0.6441984374999999 0.006967187499999999
0 0.056534375000000005 0.2906328125 0.169071875 0.28764687499999997 0.1703984375 0.280015625 0.0459171875 0.2830015625 0.0456515625 0.290965625 0.056534375000000005 0.2906328125
0 0.11000000000000001 0.27890625 0.17836093749999998 0.2763671875 0.1775640625 0.2700625 0.111821875 0.2715609375 0.10616718750000001 0.26906875 0.16765625 0.2607421875 0.16515625 0.2552734375 0.0897109375 0.2640921875 0.0453859375 0.2684046875 0.04609375 0.27890625 0.11000000000000001 0.27890625
0 0.5528125 0.2654296875 0.538434375 0.2949859375 0.5435609375 0.2975046875 0.5589390625 0.266378125 0.5528125 0.2654296875
0 1 0.093678125 0.9635 0.1136578125 0.8206421875000001 0.1848875 0.779240625 0.20363437499999998 0.7396765624999999 0.2239984375 0.740065625 0.2336953125 0.8330765625 0.1888296875 0.8688390625 0.1701796875 0.9646531250000001 0.12109218749999999 1 0.10327187499999999 1 0.093678125
0 1 0.10565625000000001 0.924228125 0.148909375 0.8209500000000001 0.202728125 0.748575 0.23442500000000002 0.74963125 0.2443296875 0.7971765625 0.22286875 0.8616265625 0.192821875 0.9448203124999999 0.15385625 1 0.128546875 1 0.1201640625 0.9210578125 0.156834375 1 0.1141328125 1 0.10565625000000001
0 0.7052109375 0.268109375 0.6661640625 0.3091984375 0.6665515625 0.31816093749999996 0.7040734375000001 0.2772328125 0.738990625 0.2392765625 0.733721875 0.237084375 0.7052109375 0.268109375
0 0.686990625 0.2482359375 0.6622890625 0.2768953125 0.6635796875 0.28295 0.691028125 0.250053125 0.686990625 0.2482359375
0 0.6627484375 0.2854046875 0.6638437500000001 0.29146875 0.686865625 0.27366562499999997 0.710009375 0.25703906249999997 0.7065671874999999 0.2537140625 0.69154375 0.26408125 0.6627484375 0.2854046875
1 0.6708203125 0.4845453125 0.6684484375 0.38990625 0.6628734374999999 0.2755640625 0.6610828125 0.0027484375 0.6449296875 0.0035437499999999996 0.6458234375 0.0347984375 0.6578062499999999 0.49601562499999996 0.6573265625 0.522775 0.6725015625 0.5238890625 0.6708203125 0.4845453125
1 0.6484375 0.12329062500000001 0.6474609375 0.1220703125 0.606925 0.1196546875 0.6044921875 0.1245125 0.5908203125 0.1245125 0.587890625 0.12817343750000001 0.587890625 0.13793906250000001 0.5888671875 0.1391609375 0.59375 0.13793906250000001 0.5947265625 0.13671875 0.61680625 0.153334375 0.626359375 0.15251874999999998 0.6279296875 0.13671875 0.6298828125 0.134278125 0.6357421875 0.134278125 0.6376953125 0.1318359375 0.6474609375 0.1318359375 0.6484375 0.13061562499999999 0.6484375 0.12329062500000001
0 0.390125 0.2523890625 0.24465468750000002 0.2556359375 0.24421875 0.260546875 0.3861109375 0.25770312500000003 0.530871875 0.251209375 0.52945625 0.246484375 0.390125 0.2523890625
0 0.35078125 0.3328125 0.35161875 0.33781875 0.361509375 0.336821875 0.48068437499999994 0.330640625 0.5078125 0.3283203125 0.5070078125 0.324059375 0.35078125 0.3328125
0 0.5610937500000001 0.173046875 0.54109375 0.178125 0.5421875 0.1828125 0.56359375 0.1779296875 0.5610937500000001 0.173046875
0 0.443565625 0.264909375 0.3096390625 0.27295625 0.3107171875 0.27732812500000004 0.469478125 0.2695078125 0.551184375 0.26467968750000004 0.551184375 0.2596203125 0.443565625 0.264909375
0 0.306803125 0.2669390625 0.30779999999999996 0.2720390625 0.433815625 0.2635296875 0.5434578125 0.2564 0.5429062499999999 0.251803125 0.4341828125 0.2587015625 0.306803125 0.2669390625
0 0.54515625 0.264453125 0.5321875 0.291796875 0.53671875 0.29453125 0.55078125 0.2662109375 0.54515625 0.264453125
0 0.50296875 0.31015625 0.334375 0.3203125 0.33515625 0.3255859375 0.5035937500000001 0.3146484375 0.50296875 0.31015625