1 0.081184375 0.5362 0.08125 0.0009765625 0.06640625 0 0.061287499999999995 0.4402515625 0.060887500000000004 0.5362 0.081184375 0.5362
0 0 0.1053515625 0.016932812499999998 0.11772968749999999 0.019525 0.11187499999999999 0 0.09834375 0 0.1053515625
0 0 0.0722953125 0.030929687500000004 0.10028125000000002 0.0342171875 0.094725 0 0.06451875 0 0.0722953125
0 0 0.051226562499999996 0.04426875 0.09230625 0.049875 0.08940781249999999 0 0.0434953125 0 0.051226562499999996
0 0.0005796875 0.029723437499999998 0 0.0359421875 0.028417187500000003 0.0633109375 0.0562546875 0.0908578125 0.058828124999999995 0.0848953125 0.0180125 0.0460625 0.0005796875 0.029723437499999998
0 0.0046875 0.0767578125 0 0.098046875 0.00421875 0.1001953125 0.0084375 0.080859375 0.0046875 0.0767578125
0 0.008906250000000001 0.06015625 0.006562500000000001 0.0708984375 0.01109375 0.073828125 0.012968750000000001 0.06328125 0.008906250000000001 0.06015625
0 0.01796875 0.0462890625 0.028437499999999998 0.00234375 0.02359375 0.000390625 0.013593749999999998 0.0419921875 0.01796875 0.0462890625
0 0.034999999999999996 0.0208984375 0.061875 0.0693359375 0.06421875 0.06171875 0.039375 0.0162109375 0.034999999999999996 0.0208984375
0 0.06453125 0.0302734375 0.05125 0 0.045156249999999995 0.000390625 0.0625 0.0396484375 0.06453125 0.0302734375
0 0.20390625 0.022265625 0.292834375 0.07835 0.29702656250000004 0.07360781250000001 0.18171874999999998 0 0.17250000000000001 0.0015625 0.20390625 0.022265625
0 0.2391390625 0.085584375 0.21640625 0.030859375 0.20560312500000003 0.024703125 0.23414843749999997 0.0900765625 0.2391390625 0.085584375
0 0.19578125 0 0.20109375 0.011328125 0.20968749999999997 0.0166015625 0.20234375 0 0.19578125 0
0 0.1590625 0 0.16875 0.022265625 0.1890625 0.0666015625 0.20765625000000001 0.10859375 0.21171875 0.1041015625 0.18765625 0.0484375 0.16640625 0 0.1590625 0
0 0.12484375 0.105078125 0.13125 0.1037109375 0.10500000000000001 0.057421875 0.0875 0.026953125 0.08515625 0.033984375 0.09984375 0.0611328125 0.12484375 0.105078125
0 0.1432453125 0.0944578125 0.10711875 0.0410171875 0.089290625 0.014199999999999999 0.08503125 0.01893125 0.135040625 0.09347187500000001 0.15491875 0.1204875 0.1580734375 0.1165453125 0.1432453125 0.0944578125
0 0.092446875 0.0007890625 0.112165625 0.033326562500000004 0.1451375 0.08755625 0.163753125 0.1155578125 0.1645421875 0.1151640625 0.169590625 0.11121875 0.138196875 0.0650765625 0.097653125 0 0.092446875 0.0007890625
0 0.10285781249999999 0 0.1083796875 0.0086765625 0.12734375 0.0400390625 0.14434843749999998 0.06704687499999999 0.17874062500000001 0.1155578125 0.18568125 0.11102343750000002 0.1476625 0.0494953125 0.11895 0 0.1126390625 0.000196875 0.1437171875 0.057976562499999995 0.1208421875 0.018537500000000002 0.10984374999999999 0 0.10285781249999999 0
0 0.16171875 0.0625 0.1753125 0.083984375 0.19578125 0.1166015625 0.20218750000000002 0.113671875 0.167225 0.059159375 0.13267656249999998 0.0003953125 0.1253125 0 0.16171875 0.0625