1 0.10628437500000001 0.4392578125 0.10997656250000001 0.1021078125 0.12259687500000001 0.09765625 0.1232984375 0.08476249999999999 0.11189843749999999 0.07307812500000001 0.1103015625 0.034325 0.21640625 0.03125 0.2305046875 0.04498125 0.2548140625 0.047596875 0.2566625 0.039784375 0.25513125 0.032440625 0.24453125 0.029296875 0.228190625 0.0209296875 0.09140625 0.0234375 0.090625 0.0048828125 0.0796875 0.0048828125 0.0721703125 0.36442968750000004 0.0706640625 0.5115546875 0.088871875 0.5131796875 0.0890625 0.4619140625 0.0895 0.39349687499999997 0.0890625 0.3642578125 0.090625 0.0830078125 0.09453125 0.080078125 0.0989359375 0.0944828125 0.0960234375 0.48912500000000003 0.1056 0.48941093750000003 0.10582812500000001 0.44666562499999996 0.10628437500000001 0.4392578125
1 0.2962 0.2151875 0.31334062500000004 0.2149390625 0.3140625 0.2568359375 0.298209375 0.258275 0.29859843750000004 0.26680000000000004 0.307265625 0.2678671875 0.3089234375 0.272009375 0.3146296875 0.2738515625 0.3144859375 0.42828906250000004 0.322478125 0.426828125 0.3223109375 0.3348265625 0.321875 0.2666015625 0.33837968749999997 0.26510781250000004 0.3385625 0.25613125000000003 0.3232828125 0.257053125 0.3230984375 0.21543125000000002 0.340446875 0.211046875 0.34083593749999996 0.2020328125 0.3178359375 0.200084375 0.295615625 0.201303125 0.2962 0.2151875
1 0.3328265625 0.27032968749999997 0.3330203125 0.283484375 0.34375 0.2841796875 0.344696875 0.30883906250000004 0.333225 0.30998281250000004 0.334696875 0.3161953125 0.34445468749999997 0.316884375 0.34375 0.4326171875 0.35 0.4345703125 0.351634375 0.3173453125 0.3632140625 0.3159046875 0.36360156250000003 0.3090609375 0.3529234375 0.3083703125 0.3531078125 0.299396875 0.353125 0.2841796875 0.3632328125 0.2829984375 0.363428125 0.27349843749999997 0.34609375 0.271484375 0.3328265625 0.27032968749999997
0 0.6902890625 0 0.6453125 0.0595703125 0.64159375 0.0637421875 0.6488546875 0.0663828125 0.69921875 0 0.6902890625 0
0 0.7073703124999999 0 0.6765625 0.0400390625 0.653125 0.0732421875 0.6578125 0.0771484375 0.71640625 0 0.7073703124999999 0
0 0.7191765625000001 0.13609218750000002 0.825546875 0.1880546875 0.8286390625 0.18247968750000002 0.6900109375000001 0.11431875 0.679784375 0.11573906249999999 0.7191765625000001 0.13609218750000002
0 0.641240625 0.11412343750000001 0.7942812499999999 0.1168109375 1 0.116921875 0.9996375000000001 0.1121890625 0.6403828125000001 0.10887500000000001 0.641240625 0.11412343750000001
0 0.6557625 0.10746875 0.7914234375 0.1103375 1 0.11284687499999999 0.9994546874999999 0.10832968750000001 0.6567671875000001 0.10205625 0.6557625 0.10746875
0 0.6576765625000001 0.10029375 0.8093578125 0.1038140625 0.9993859374999999 0.10832968750000001 0.9997875 0.1035625 0.6582671875 0.09503125 0.6576765625000001 0.10029375
0 1 0.08513125 0.9315328125000001 0.08605 0.8732984374999999 0.085459375 0.6578625 0.084996875 0.658528125 0.0917359375 0.928465625 0.09235625 1 0.091546875 1 0.08513125
0 0.7627046875 0.276175 0.647196875 0.2733625 0.6480515625 0.2788515625 0.7627046875 0.2814890625 0.7627046875 0.276175
0 0.608128125 0.27095625 0.559190625 0.270240625 0.558696875 0.27507187499999997 0.60844375 0.2764875 0.608128125 0.27095625
0 0.549590625 0.22906093749999998 0.535571875 0.24932343750000002 0.5377671875 0.2548125 0.5512796875 0.2349703125 0.549590625 0.22906093749999998
0 0.5565156250000001 0.2267390625 0.5729 0.1984546875 0.5891140625 0.1676359375 0.5865796875 0.1617265625 0.5539828124999999 0.22082812500000001 0.5565156250000001 0.2267390625
0 0.562596875 0.26874375 0.5487453125 0.1879 0.5440171874999999 0.1900125 0.5581578125 0.2717328125 0.562596875 0.26874375
0 0.5887765625 0.1439953125 0.54730625 0.1833046875 0.54905625 0.1876859375 0.5887765625 0.15032812499999998 0.5887765625 0.1439953125
0 0.3933703125 0.194265625 0.543453125 0.1915609375 0.548065625 0.187853125 0.5474078125 0.184765625 0.35905 0.1876484375 0.108996875 0.184765625 0.1088125 0.1919046875 0.20417187499999997 0.193484375 0.3933703125 0.194265625
0 0.072675 0.19210624999999998 0 0.209196875 0.000017187499999999998 0.21756250000000002 0.0737625 0.198515625 0.072675 0.19210624999999998
0 0 0.1626578125 0.074384375 0.160059375 0.07407343749999999 0.1532625 0 0.15598125000000002 0 0.1626578125
0 0.02241875 0.1048265625 0.00376875 0.1549359375 0.008275000000000001 0.15513125 0.0261671875 0.10925 0.02241875 0.1048265625
0 0.436959375 0.161596875 0.3121875 0.161375 0.313690625 0.168415625 0.438565625 0.1680671875 0.436959375 0.161596875
0 0.2513203125 0 0.273096875 0.07070156250000001 0.2971265625 0.14168750000000002 0.3134375 0.178328125 0.3184359375 0.189021875 0.32254062499999997 0.185453125 0.30053593749999996 0.13582812500000002 0.27166875 0.047078125 0.25756718749999996 0 0.2513203125 0
0 0.2890625 0.16535625 0.3017078125 0.18701718750000002 0.307959375 0.1873734375 0.2853671875 0.149728125 0.265190625 0.11208437499999999 0.23574062499999998 0.047134375 0.22948906249999998 0.0462484375 0.258475 0.11194843750000001 0.265475 0.12486875 0.27883125 0.1484859375 0.2890625 0.16535625
0 0.236003125 0.110775 0.2263421875 0.08875625000000001 0.20048125 0.03086875 0.19351875000000002 0.031578125 0.232878125 0.11521250000000001 0.2509234375 0.1514375 0.25575468749999997 0.1484203125 0.236003125 0.110775
0 0.129965625 0 0.121203125 0.0023375 0.149478125 0.0117484375 0.18517343749999998 0.0229296875 0.187275 0.019739062499999998 0.18812656249999998 0.018496875 0.129965625 0
0 0.19622656249999998 0.0206265625 0.1868015625 0 0.1804546875 0.0000296875 0.18907968749999998 0.020585937500000002 0.19622656249999998 0.0206265625
0 0.21505312499999998 0.016703125 0.19496249999999998 0 0.1874890625 0.0010781249999999999 0.21064218750000002 0.021562500000000002 0.21505312499999998 0.016703125
0 0.21121718750000001 0 0.21829843750000003 0.016875 0.2234375 0.016171875 0.21704374999999998 0 0.21121718750000001 0
0 0.3144796875 0.237153125 0.3054484375 0.21330468749999998 0.2997671875 0.2147609375 0.31108281249999997 0.2419484375 0.3144796875 0.237153125
0 0.34142656250000003 0.25436562500000004 0.3299203125 0.2135890625 0.32453750000000003 0.21571875000000001 0.3360375 0.255640625 0.34142656250000003 0.25436562500000004
0 0.345021875 0.249765625 0.35395468750000003 0.27257031249999997 0.35865625 0.2712140625 0.349709375 0.2486984375 0.3411359375 0.21304531249999997 0.3358921875 0.21304531249999997 0.345021875 0.249765625
0 0.20873750000000002 0.066134375 0.11064687499999999 0.0619515625 0.11048593749999999 0.0669828125 0.21149374999999998 0.07204374999999999 0.20873750000000002 0.066134375
0 0.2891015625 0.10054218749999999 0.4444390625 0.10799375 0.5973578125000001 0.11268437499999999 0.5963640625 0.1064796875 0.287496875 0.0955625 0.2891015625 0.10054218749999999
0 0.28750156250000003 0.0950859375 0.44216718750000006 0.09978125 0.5915890625 0.10474375 0.5919859375 0.0990375 0.2864 0.0896078125 0.28750156250000003 0.0950859375
0 0.590775 0.0919671875 0.2840046875 0.0825375 0.2862265625 0.08962656249999999 0.591171875 0.097921875 0.590775 0.0919671875
0 0.2830109375 0.0790640625 0.486128125 0.0850203125 0.5868 0.08824375 0.5866015625000001 0.08328125 0.280040625 0.0721171875 0.2830109375 0.0790640625
0 0.26075 0.10017499999999999 0.28231562499999996 0.10039374999999999 0.2811265625 0.0953046875 0.28061875000000003 0.0946671875 0.257365625 0.0944546875 0.26075 0.10017499999999999
0 0.2570484375 0.09421874999999999 0.280684375 0.0937625 0.2784109375 0.08843593749999999 0.2661921875 0.08843593749999999 0.2549671875 0.08843593749999999 0.2570484375 0.09421874999999999
0 0.27613750000000004 0.0816875 0.2522671875 0.08204375 0.25425624999999996 0.087903125 0.2779859375 0.0881640625 0.27613750000000004 0.0816875
0 0.2728703125 0.0705 0.2462984375 0.0705 0.24885625 0.076003125 0.27532968750000003 0.0764453125 0.2728703125 0.0705
0 0.239053125 0.06836875 0.21731250000000002 0.0680140625 0.21944375 0.073875 0.2414234375 0.0741015625 0.239053125 0.06836875
0 0.1247359375 0.0907765625 0.223346875 0.0946859375 0.21595781249999998 0.080125 0.11947812499999999 0.0781703125 0.120615625 0.0817234375 0.1247359375 0.0907765625
0 0.2311625 0.098146875 0.2515796875 0.098515625 0.2511984375 0.09530625000000001 0.2506296875 0.09353125 0.22860624999999998 0.093709375 0.2311625 0.098146875
0 0.2476453125 0.0873171875 0.226190625 0.08749375000000001 0.22746875000000003 0.09193124999999999 0.2489234375 0.0916796875 0.2476453125 0.0873171875
0 0.22533750000000002 0.0867828125 0.2467359375 0.086796875 0.2460828125 0.0851859375 0.24494531249999998 0.0819875 0.22448437499999999 0.0816328125 0.22533750000000002 0.0867828125
0 0.059896875 0.160240625 0.043476562499999996 0.197375 0.048428125 0.199003125 0.06538125 0.162446875 0.059896875 0.160240625
0 0.557740625 0.2727765625 0.5408390625 0.2835625 0.5424578125 0.2891796875 0.56134375 0.27690468749999997 0.557740625 0.2727765625
1 0.3743171875 0.34001562500000004 0.374028125 0.33149531250000003 0.3841921875 0.3311046875 0.3835671875 0.327196875 0.3646890625 0.32647499999999996 0.3642078125 0.3312890625 0.369503125 0.33159062499999997 0.3692625 0.34001562500000004 0.3627625 0.3397140625 0.3627625 0.34392812500000003 0.369021875 0.344228125 0.36918125 0.35514687500000003 0.366209375 0.3555375 0.365896875 0.3623796875 0.36878125 0.36348437499999997 0.3683984375 0.392871875 0.374496875 0.3922828125 0.374184375 0.362965625 0.37887499999999996 0.3627703125 0.3795015625 0.35495156250000004 0.374496875 0.35475625 0.3747984375 0.34513125 0.38081718750000004 0.34513125 0.38081718750000004 0.34001562500000004 0.3743171875 0.34001562500000004