1 0.743871875 0 0.7500234375 0.062284375 0.752946875 0.091578125 0.7685578125 0.2082734375 0.770521875 0.22115625 0.78125 0.22094687500000001 0.7883359375000001 0.2161265625 0.78515625 0.16967812499999999 0.7786187499999999 0.09232812500000001 0.7675609375 0 0.743871875 0
0 0 0.08680625 0.0299375 0.08527343750000001 0.3701171875 0.0634765625 0.706453125 0.050703125 0.75184375 0.0476828125 0.75184375 0.0410453125 0.42318749999999994 0.05175468749999999 0.41368593750000004 0.0526015625 0 0.0793453125 0 0.08680625
0 0.7511359375 0.0791390625 0.5615234375 0.09765625 0 0.16967812499999999 0.0009765625 0.1782234375 0.015625 0.17700156250000001 0.6272609375 0.100196875 0.75184375 0.0869171875 0.7511359375 0.0791390625
0 0 0.2018453125 0.0364359375 0.1977046875 0.6513671875 0.1318359375 0.6841437499999999 0.12975 0.7286328125 0.1323109375 0.7360171875 0.11884999999999998 0.6552734375 0.1220703125 0 0.19409218749999999 0 0.2018453125
0 0.8351078125000001 0.1721484375 0.7898421875 0.09568125 0.7884671875 0.0986296875 0.78488125 0.10415624999999999 0.829321875 0.17590937499999998 0.8351078125000001 0.1721484375
0 0.8638484375000001 0 0.784634375 0.0846171875 0.78515625 0.0891109375 0.7890625 0.0988765625 0.8760671875 0 0.8638484375000001 0
0 0.8212890625 0 0.8149 0.0069265624999999996 0.8086953125 0.013851562500000001 0.775390625 0.052490625 0.77734375 0.064696875 0.83411875 0 0.8212890625 0
0 0.6404359375 0.2824140625 0.6454375 0.289709375 0.6512734375 0.2792875 0.6892078125000001 0.21884375 0.72505625 0.155796875 0.7554859375 0.1021265625 0.7477921875 0.088196875 0.692125 0.2000859375 0.660028125 0.25375625 0.6404359375 0.2824140625
0 0.726146875 0.17820156250000002 0.6953 0.23030937499999998 0.7011359374999999 0.233434375 0.71864375 0.20321250000000002 0.7599125 0.1281796875 0.7544921875 0.125575 0.726146875 0.17820156250000002
0 0.701153125 0.20405781250000002 0.692821875 0.218703125 0.697246875 0.2248875 0.7342187499999999 0.15849375000000002 0.756609375 0.1165109375 0.7503609375 0.1126046875 0.701153125 0.20405781250000002
0 0.6793203125 0.0005421874999999999 0.6630125 0.0426765625 0.6721453125 0.0426765625 0.6858453124999999 0.0021734375 0.6793203125 0.0005421874999999999
0 0.660403125 0.052460937500000006 0.6480078125000001 0.087796875 0.656053125 0.087796875 0.6680140625 0.0538203125 0.660403125 0.052460937500000006
0 0.6417015625 0.12394687499999998 0.65235625 0.10084375000000001 0.6453625 0.09806875000000001 0.6437703124999999 0.10130468749999999 0.635178125 0.12394687499999998 0.6417015625 0.12394687499999998
0 0.6312640625 0.13563750000000002 0.6138671875 0.1796703125 0.6182171875 0.1813 0.6208265625 0.1802125 0.6382218749999999 0.1361796875 0.6312640625 0.13563750000000002
0 0.8487515625000001 0.12298281250000001 0.8621281249999999 0.16690624999999998 0.8673140625 0.16194843750000001 0.8600875 0.139134375 0.832684375 0.048778125 0.82835 0.054974999999999996 0.8487515625000001 0.12298281250000001
0 0.82835 0.054974999999999996 0.822909375 0.061775000000000004 0.83764375 0.1062640625 0.8585 0.1734234375 0.8628078125 0.1697375 0.84761875 0.12043124999999999 0.82835 0.054974999999999996
0 0.8237656250000001 0.041412500000000005 0.8173953125000001 0.02030625 0.8132531249999999 0.025484374999999997 0.819465625 0.045990625 0.8237656250000001 0.041412500000000005
0 0.8177125000000001 0.02030625 0.824084375 0.042007812500000005 0.828703125 0.03703125 0.8220140625000001 0.015928125 0.8177125000000001 0.02030625
0 0.8140625 0.0080078125 0.8114062499999999 0 0.8065625000000001 0.000390625 0.8103125 0.012109375 0.8140625 0.0080078125
0 0.8120312500000001 0 0.8143750000000001 0.0076171875 0.81796875 0.0029296875 0.8162499999999999 0 0.8120312500000001 0
0 0.602028125 0.0457125 0.6182296875 0.0008671875000000001 0.6107734375 0 0.595315625 0.0448453125 0.602028125 0.0457125
0 0.5939546874999999 0.0541625 0.5845312500000001 0.0943359375 0.5919765625 0.094228125 0.6012765625000001 0.0558921875 0.5939546874999999 0.0541625