1 0.3903375 0.22281562500000002 0.3903375 0.21106875 0.35867031250000003 0.211440625 0.3579484375 0.19248437499999999 0.363003125 0.19218437500000002 0.3609375 0.1646484375 0.3711875 0.1602890625 0.375521875 0.1681109375 0.3796140625 0.1687125 0.3902046875 0.1560765625 0.3902046875 0.144640625 0.320396875 0.142234375 0.3170265625 0.1458453125 0.3171875 0.1529296875 0.328340625 0.1693140625 0.3336359375 0.1687125 0.33671875 0.1578125 0.3453125 0.1626953125 0.3430234375 0.181953125 0.3423015625 0.1930859375 0.3485609375 0.1930859375 0.3484375 0.2095703125 0.3408578125 0.209334375 0.3172671875 0.2087328125 0.317971875 0.2204671875 0.3485609375 0.221371875 0.34274375 0.43873125 0.351296875 0.44110625 0.3576265625 0.2615265625 0.367315625 0.25524843750000004 0.3804875 0.2486171875 0.3874375 0.24930312500000001 0.3865234375 0.24472968750000001 0.3718890625 0.24472968750000001 0.35743749999999996 0.25296093750000004 0.3578125 0.2212890625 0.3903375 0.22281562500000002
1 0.4109375 0.2509765625 0.41085312500000004 0.276446875 0.3936578125 0.275990625 0.3949375 0.28330625 0.4097546875 0.2849078125 0.40591406250000006 0.4310203125 0.41121875 0.42964843750000004 0.4157921875 0.2851375 0.432071875 0.2823921875 0.43225468749999996 0.27690468749999997 0.4171875 0.2783203125 0.4181203125 0.2513234375 0.436828125 0.24672343749999998 0.4362796875 0.23871875 0.385609375 0.23963281250000001 0.3861578125 0.24969531250000002 0.4109375 0.2509765625
1 0.46371874999999996 0.31693906250000003 0.46317031249999996 0.31167968749999997 0.4326203125 0.3125953125 0.4318890625 0.31808125 0.44375 0.3188984375 0.44326718749999994 0.43197656249999994 0.4484375 0.4302265625 0.4514625 0.3194546875 0.46371874999999996 0.31693906250000003
0 0.99980625 0.031873437500000004 0.9531031249999999 0 0.9431734374999999 0.000671875 1 0.0389171875 0.99980625 0.031873437500000004
0 1 0.05816249999999999 0.85685 0.0196859375 0.7866984375 0.0002984375 0.7723828125 0.0014921875 0.8524515625 0.0254984375 0.9404890625 0.04931875 0.9995375 0.06508749999999999 1 0.06442656249999999 1 0.05816249999999999
0 0.02483125 0.1849625 0.0534625 0.16976093750000001 0.0666375 0.16120937500000002 0.0805734375 0.150125 0.0744921875 0.1491734375 0.057009374999999994 0.1608921875 0.031165625000000002 0.17546250000000002 0 0.19003125 0.00050625 0.19573281250000002 0.02483125 0.1849625
0 0 0.1409390625 0.014189062499999999 0.14125625 0.05118125 0.1444234375 0.0486484375 0.1479078125 0 0.15424218750000002 0.000253125 0.158675 0.0428203125 0.15202500000000002 0.063090625 0.1491734375 0.081840625 0.14885781250000002 0.0838671875 0.1523421875 0.0874140625 0.154875 0.0927359375 0.155509375 0.0972953125 0.153609375 0.09805625 0.148540625 0.09805625 0.144740625 0.089440625 0.1396734375 0.06739843749999999 0.141890625 0.01925625 0.138721875 0.059796875000000006 0.12763750000000001 0.0549828125 0.1241546875 0.015709375 0.1333375 0 0.1339734375 0 0.1409390625
0 0.1543890625 0.09361562500000001 0.15301718749999998 0.0890171875 0.14003749999999998 0.095421875 0.1113359375 0.119646875 0.11352500000000001 0.1244515625 0.124353125 0.11589218750000001 0.15018437499999998 0.09636875 0.1543890625 0.09361562500000001
0 0.174840625 0.20565625 0.170640625 0.20130468750000002 0.1077765625 0.2361234375 0.0461421875 0.2486171875 0.0475171875 0.2539703125 0.11110781249999999 0.2413296875 0.12741093750000002 0.232834375 0.144059375 0.22364062499999998 0.154525 0.2176796875 0.174840625 0.20565625
0 0 0.022265625 0.029557812500000002 0.0062390625 0.0387703125 0.0011984375 0.031093749999999996 0 0 0.0162109375 0 0.022265625
0 0.000184375 0.085084375 0 0.090234375 0.044703124999999996 0.1175078125 0.08109374999999999 0.1361328125 0.08296875000000001 0.13125 0.045071875 0.110840625 0.000184375 0.085084375
0 0 0.0684203125 0.0523359375 0.11103281250000001 0.0568171875 0.1080328125 0 0.06342031249999999 0 0.0684203125
0 0 0.0606171875 0.05500000000000001 0.1080078125 0.082059375 0.131725 0.1218296875 0.16245937500000002 0.2 0.226171875 0.2581140625 0.265346875 0.31453125000000004 0.2984375 0.31637499999999996 0.292878125 0.2671875 0.263671875 0.21577031249999998 0.229725 0.1502828125 0.1786765625 0.0933078125 0.13343906249999998 0.04609375 0.093228125 0 0.0562171875 0 0.0606171875
0 0 0.032803125 0.07486875 0.09885000000000001 0.13948125 0.152109375 0.229175 0.22198437499999998 0.3032296875 0.2732109375 0.34546875 0.29995 0.34690781249999997 0.293434375 0.3188671875 0.27609218750000003 0.2372390625 0.2200609375 0.1467 0.15094687499999998 0.062315625 0.08036875 0 0.0248734375 0 0.032803125
0 0.8984484374999999 0.09435 0.970115625 0.1176859375 0.9519249999999999 0.11497656249999999 0.881334375 0.0970234375 0.7446625 0.0599703125 0.658728125 0.033612500000000003 0.552384375 0 0.5377171875 0.0003828125 0.6597546875 0.041253125 0.82263125 0.08861875 0.915834375 0.11268437499999999 0.981228125 0.12643593749999998 0.9989531250000001 0.13025625000000002 0.9999015625000001 0.1218515625 0.913115625 0.093203125 0.7734640625 0.0431640625 0.6592234375 0 0.646340625 0.0003828125 0.695234375 0.0191 0.7700734375 0.0479453125 0.8205234375 0.0668453125 0.8984484374999999 0.09435
0 0.36859375 0 0.4155953125 0.020265625000000002 0.525203125 0.060510937499999994 0.662003125 0.10532656250000001 0.7314406250000001 0.1262421875 0.8618265624999999 0.161921875 0.9366656250000001 0.17790625 0.9704609375000001 0.18504062500000001 1 0.18989375 0.99991875 0.183328125 0.949225 0.17476562499999998 0.8932796875 0.161921875 0.7692859375000001 0.13109375 0.678034375 0.10340625 0.5314062500000001 0.05546875 0.4177015625 0.0146390625 0.3798546875 0 0.36859375 0
0 0.7155437499999999 0.2101953125 0.5916703125 0.20340625 0.5180578125 0.19896562499999998 0.5047015625 0.19739374999999998 0.36293593749999997 0.1819640625 0.36265625 0.18560937500000002 0.45141093750000005 0.19624999999999998 0.483803125 0.20053749999999998 0.5230859375 0.20466250000000002 0.583265625 0.20800000000000002 0.6956687500000001 0.21461718749999997 0.792275 0.21937968749999998 0.8989375000000001 0.225159375 0.8992093750000001 0.2195609375 0.8720546875 0.21805625 0.7155437499999999 0.2101953125
0 0.347371875 0.239025 0.3479921875 0.234125 0.301784375 0.21427187499999997 0.208546875 0.17482031250000002 0.204628125 0.1786890625 0.2436140625 0.195190625 0.3110671875 0.2230390625 0.347371875 0.239025
0 0.5653828125 0.28968906250000004 0.4376375 0.24330156249999998 0.43622187500000004 0.249675 0.5634015625 0.2950859375 0.5653828125 0.28968906250000004
0 0.2283578125 0.16015 0.15106250000000002 0.150225 0.150465625 0.1551765625 0.22818125 0.1650046875 0.2283578125 0.16015
0 0.0685265625 0 0.11734375 0.0517578125 0.12156249999999999 0.0482421875 0.10744687500000001 0.03368125 0.07609375 0 0.0685265625 0