1 0.049207812499999996 0 0.0395 0.129228125 0.03125 0.5383296875 0.0451359375 0.542984375 0.0583703125 0 0.049207812499999996 0
1 0.54859375 0.1693359375 0.48218750000000005 0.1646484375 0.48328125 0.1849609375 0.50625 0.190234375 0.5142187500000001 0.1970703125 0.5157812500000001 0.2087890625 0.4828125 0.2078125 0.48218750000000005 0.21875 0.48515625 0.218359375 0.513671875 0.22338906249999999 0.515625 0.3918453125 0.5234375 0.3942875 0.525390625 0.22582968750000001 0.556875 0.22109375 0.55671875 0.2111328125 0.5263671875 0.21240312499999997 0.52546875 0.1962890625 0.5309375000000001 0.1908203125 0.5439453125 0.185546875 0.55578125 0.18203125 0.5553125 0.1693359375 0.54859375 0.1693359375
1 0.5040625000000001 0.2783203125 0.5040625000000001 0.2669921875 0.45515625000000004 0.2662109375 0.4560546875 0.2783203125 0.4765625 0.2844234375 0.47984375 0.3486328125 0.484375 0.3479 0.484375 0.2819828125 0.5040625000000001 0.2783203125
1 0.44859375 0.3373046875 0.4484375 0.345703125 0.46484375 0.3479 0.46484375 0.511475 0.470703125 0.513915625 0.470703125 0.3503421875 0.4765625 0.3430171875 0.470703125 0.32836875 0.47765625 0.319140625 0.47906250000000006 0.3134765625 0.44984375 0.3130859375 0.4503125 0.3212890625 0.46484375 0.325928125 0.46484375 0.338134375 0.44859375 0.3373046875
1 0.43093750000000003 0.355078125 0.43234374999999997 0.359375 0.44515625 0.361328125 0.443359375 0.3723140625 0.43140625000000005 0.3728515625 0.43218750000000006 0.380078125 0.4346875 0.3806640625 0.443359375 0.3820796875 0.4446875 0.43671875 0.44451093750000004 0.45457187499999996 0.4503125 0.4525390625 0.44921875 0.3820796875 0.45999999999999996 0.380859375 0.46078125 0.37421875 0.44921875 0.3723140625 0.4496328125 0.3612796875 0.460059375 0.35830625 0.45987656250000003 0.35350625 0.4501953125 0.35400468749999997 0.4384765625 0.35400468749999997 0.43093750000000003 0.355078125
1 0.41421875 0.4376953125 0.42078125 0.4365234375 0.4190625 0.493359375 0.41968750000000005 0.516015625 0.4296875 0.5163578125 0.4296875 0.4406734375 0.4409375 0.43984375 0.4453125 0.4309078125 0.44406249999999997 0.42421875 0.43656249999999996 0.4220703125 0.43640625 0.40859375 0.4228515625 0.40771562499999997 0.41203124999999996 0.4091796875 0.4140625 0.41381875 0.41421875 0.4376953125
0 0.16984375000000002 0 0.2326375 0.025553125 0.27604687499999997 0.0353921875 0.29855468749999997 0.0401546875 0.36040937500000003 0.0483921875 0.42538125000000004 0.049540625 0.48687500000000006 0.0443359375 0.514375 0.039453125 0.53953125 0.034375 0.5521874999999999 0.030078125 0.5923437500000001 0.0216796875 0.6365624999999999 0.0085453125 0.62671875 0.0048828125 0.6025 0.0109375 0.587803125 0.014556250000000001 0.54984375 0.0232421875 0.5086328124999999 0.0317390625 0.4487453125 0.037546875 0.39535156250000003 0.0390625 0.36040937500000003 0.0386421875 0.29964843750000003 0.029296875 0.2391015625 0.017090625 0.22828125 0.0142578125 0.1902390625 0 0.16984375000000002 0
0 0.9077859374999999 0 0.8625 0.075 0.8368593750000001 0.11413437500000001 0.8331250000000001 0.1205078125 0.830078125 0.12573281249999999 0.8359375 0.12817343750000001 0.8698765625 0.0792328125 0.9154234375 0 0.9077859374999999 0
0 0.8846921875 0 0.842796875 0.0755390625 0.8259375 0.10546875 0.796875 0.14770468750000001 0.8046875 0.15014687499999999 0.83265625 0.108984375 0.8478125000000001 0.084375 0.8909375 0 0.8846921875 0
0 0.851465625 0 0.7596875 0.0845703125 0.7334375 0.1076171875 0.6845421875000001 0.1511078125 0.6659375 0.16875 0.6678515625 0.1761421875 0.7805234375000001 0.0813828125 0.8665828125000001 0.0032734375000000003 0.869015625 0 0.851465625 0
0 0.794921875 0.0012203125 0.78603125 0 0.67890625 0.1216796875 0.6639062499999999 0.1380859375 0.66640625 0.144140625 0.6802671874999999 0.13194999999999998 0.72759375 0.0807640625 0.794921875 0.0012203125
0 0.7158203125 0 0.6726703125 0.0599375 0.6640625 0.072021875 0.666015625 0.0817875 0.696728125 0.0390953125 0.72359375 0 0.7158203125 0
0 0.8728453125 0 0.81744375 0.0529203125 0.8000234374999999 0.06893125 0.7549609375 0.108028125 0.7041999999999999 0.14525625 0.7094265625 0.14939375 0.765003125 0.1101953125 0.795678125 0.08512499999999999 0.8703125 0.0109375 0.8745312500000001 0.00625 0.876775 0.0038578124999999997 0.8796406250000001 0 0.8728453125 0
0 0.84921875 0.146875 0.8496124999999999 0.15149531249999998 0.873046875 0.15258750000000001 0.8740953125 0.1472328125 0.84921875 0.146875
0 0.75265625 0.1607421875 0.8139062499999999 0.1576171875 0.81328125 0.1509765625 0.6921796875 0.155928125 0.6869515625 0.16246093749999999 0.75265625 0.1607421875
0 0.669921875 0.18188437500000001 0.6708984375 0.1879890625 0.7614734375000001 0.185946875 0.7605593749999999 0.179090625 0.669921875 0.18188437500000001
0 0.6315500000000001 0.22338125 0.6290796875 0.22981250000000003 0.6476 0.228525 0.6482812499999999 0.2228515625 0.6315500000000001 0.22338125
0 0.7307734375 0.21362343749999999 0.667584375 0.21986093750000002 0.66796875 0.226171875 0.72921875 0.21953125 0.7307734375 0.21362343749999999
0 0.51078125 0.160546875 0.514375 0.16015625 0.5247734375 0.16001875000000002 0.6466515625 0.1649515625 0.6488421875 0.1578265625 0.5291578125 0.153990625 0.38018593749999996 0.1435078125 0.3041171875 0.13725625 0.1475546875 0.11833281250000001 0.1050140625 0.11090625000000001 0.102690625 0.119709375 0.11631875 0.1221640625 0.1690359375 0.13124843749999998 0.2076890625 0.136296875 0.292428125 0.1475546875 0.395525 0.156178125 0.40606406249999993 0.15641875 0.42446093749999997 0.1573765625 0.51078125 0.160546875
0 0.6184515625 0.222834375 0.580953125 0.2689859375 0.549221875 0.3050421875 0.5244765625000001 0.3242671875 0.5255687499999999 0.3302828125 0.5353765625 0.3259578125 0.5457609375 0.317303125 0.580375 0.2819671875 0.6317203124999999 0.21995 0.64614375 0.193265625 0.6472984375 0.1831703125 0.6452984374999999 0.1810921875 0.637315625 0.1948515625 0.6282593750000001 0.210575 0.6184515625 0.222834375
0 0.649028125 0.1636984375 0.64614375 0.15576718750000002 0.6259515625 0.1831703125 0.598259375 0.22211093750000002 0.5636453125 0.266821875 0.5356109375 0.30079218750000003 0.5249921875 0.3100921875 0.524975 0.3167890625 0.5289640624999999 0.315540625 0.534221875 0.3108125 0.5428140625 0.302734375 0.5492390625 0.2951828125 0.5711453125 0.2689859375 0.6028749999999999 0.23004531250000002 0.635321875 0.183425 0.649028125 0.1636984375
0 0.4598 0.2689859375 0.4632625 0.2581703125 0.4817484375 0.20043125 0.4748 0.19975625 0.45403125 0.2661015625 0.45716093750000003 0.2699140625 0.45965625 0.268578125 0.4598 0.2689859375
0 0.51 0.03984375 0.48656249999999995 0.1501953125 0.4928125 0.1505859375 0.5034375 0.1029296875 0.51609375 0.039453125 0.51 0.03984375
0 0.516915625 0 0.5116953125 0.030539062500000002 0.5175 0.0302734375 0.51828125 0.02734375 0.52 0.0166015625 0.5225 0 0.516915625 0
0 0.52421875 0.118359375 0.535953125 0.0692296875 0.5296875 0.069140625 0.5290296875 0.07139218750000001 0.52171875 0.0966796875 0.51046875 0.140234375 0.5088390625 0.1471140625 0.5088390625 0.14927656250000002 0.515184375 0.15071874999999998 0.52421875 0.118359375
1 0.6425484375 0 0.63328125 0.000390625 0.63078125 0.029296875 0.64125 0.03359375 0.641571875 0.042725 0.6422875 0.081446875 0.6279 0.0769046875 0.6264624999999999 0.07325781249999999 0.6190625 0.0720703125 0.5780953125 0.0537109375 0.5234078125 0.051270312500000005 0.5136421875 0.0537109375 0.5107125 0.064696875 0.514375 0.075 0.5237499999999999 0.0755859375 0.5468453125 0.0634765625 0.5859078125 0.06591875 0.641571875 0.09399375 0.6501125 0.12463906250000001 0.64743125 0.20385781249999999 0.64743125 0.4772953125 0.6513375 0.4968265625 0.661103125 0.4992671875 0.67086875 0.49194375 0.672821875 0.4772953125 0.6609375 0 0.6425484375 0
0 0.63875 0.0359375 0.6334375 0.0498046875 0.627984375 0.0635265625 0.62421875 0.0736328125 0.62984375 0.07890625 0.641684375 0.04585 0.6430109374999999 0.0370125 0.63875 0.0359375
0 0.6107921875 0 0.60765625 0.0082875 0.6134015625 0.007734375 0.61649375 0.000553125 0.6107921875 0
0 0.12293125 0.31153125 0.105115625 0.26921875 0.0937078125 0.2373828125 0.08908125 0.239821875 0.1026203125 0.2790171875 0.1186546875 0.315540625 0.1190109375 0.3159859375 0.12293125 0.31153125
0 0.5402375 0 0.5354421874999999 0.024832812500000002 0.5416078125 0.0234046875 0.542978125 0.017695312499999998 0.54640625 0 0.5402375 0
0 0.54796875 0 0.5420640624999999 0.022834375 0.5484578124999999 0.021976562499999998 0.554621875 0.000284375 0.54796875 0
0 0.48006562500000005 0.24358593750000002 0.4682921875 0.266421875 0.476209375 0.2661671875 0.48148749999999996 0.25475 0.490621875 0.236734375 0.48189374999999995 0.2651515625 0.4869671875 0.2666765625 0.4932609375 0.249675 0.5009734375 0.22125625000000002 0.4900125 0.21948125 0.48006562500000005 0.24358593750000002
0 0.13695 0.250596875 0.12861875 0.24148437500000003 0.07524375 0.155890625 0.0713390625 0.1588203125 0.1101328125 0.22423593749999998 0.16741250000000002 0.30234375 0.202821875 0.3482328125 0.23120156249999999 0.37524531250000004 0.24473906250000002 0.3859859375 0.24578125 0.38240625 0.23354375 0.37036250000000004 0.20880937500000002 0.3466046875 0.18772031250000001 0.3173140625 0.147625 0.2584078125 0.0906921875 0.1645765625 0.08396875000000001 0.154021875 0.07915 0.15654375 0.13695 0.250596875
0 0.81015625 0.158984375 0.8035937499999999 0.158984375 0.79375 0.1681640625 0.7703125 0.190625 0.7546875 0.2015625 0.755625 0.2060546875 0.7628125 0.2029296875 0.775625 0.1935546875 0.7996875 0.1693359375 0.81015625 0.158984375
0 0.711875 0.2142578125 0.7128125 0.209765625 0.7078125 0.208203125 0.70078125 0.2056640625 0.68796875 0.1966796875 0.6815625 0.1880859375 0.67515625 0.190234375 0.6834374999999999 0.1998046875 0.69875 0.2111328125 0.711875 0.2142578125
0 0.7540625000000001 0.1986328125 0.76125 0.1951171875 0.77265625 0.1859375 0.7892187500000001 0.1666015625 0.79609375 0.1591796875 0.7875 0.1595703125 0.78203125 0.167578125 0.77078125 0.1794921875 0.76125 0.189453125 0.75265625 0.1935546875 0.7540625000000001 0.1986328125
0 0.53640625 0.05 0.53828125 0.03671875 0.53296875 0.0369140625 0.53125 0.0498046875 0.53640625 0.05
0 0.5426562500000001 0.0509765625 0.54578125 0.033984375 0.5392187500000001 0.0361328125 0.5371875 0.0509765625 0.5426562500000001 0.0509765625
0 0.5996875 0.0494140625 0.61140625 0.01640625 0.6046875 0.0169921875 0.59203125 0.05234375 0.5996875 0.0494140625
0 0.6128125 0.0458984375 0.635 0.025 0.63375 0.0177734375 0.618125 0.031640625 0.6131249999999999 0.0337890625 0.61125 0.036328125 0.61046875 0.0404296875 0.5860937500000001 0.054296875 0.5925 0.05859375 0.6128125 0.0458984375
0 0.630625 0.033203125 0.61546875 0.069140625 0.61921875 0.0724609375 0.6364062500000001 0.0345703125 0.630625 0.033203125
0 0.6621875 0 0.66171875 0.000390625 0.66171875 0.0029296875 0.6639062499999999 0.0033203125 0.66484375 0.00703125 0.66484375 0.0095703125 0.66484375 0.0107421875 0.6626562500000001 0.01171875 0.66234375 0.0119140625 0.66171875 0.0224609375 0.6646875 0.0181640625 0.666875 0.01484375 0.6690625 0.0123046875 0.6690625 0.01015625 0.6693749999999999 0.0048828125 0.66890625 0.0005859375 0.6665625000000001 0 0.6621875 0
0 0.5721875 0.194921875 0.5584374999999999 0.219921875 0.5615625 0.223828125 0.576875 0.1951171875 0.5721875 0.194921875
0 0.45071093749999996 0.1942015625 0.45047499999999996 0.19006406250000002 0.39999531250000003 0.19006406250000002 0.317484375 0.1810953125 0.23933125 0.168925 0.1396515625 0.1465046875 0.1404203125 0.14458125 0.1786015625 0.151309375 0.2839171875 0.1676453125 0.36283906250000003 0.17565 0.44560625 0.1823765625 0.48404218749999994 0.1833375 0.48174687499999996 0.17141718749999998 0.42485 0.170528125 0.347209375 0.1650828125 0.2840625 0.1583984375 0.25390625 0.1537109375 0.1975625 0.146825 0.13734531249999998 0.13721406249999998 0.130625 0.1384765625 0.125559375 0.1423390625 0.09916562500000001 0.14041874999999998 0.0997296875 0.1478859375 0.1164484375 0.1504078125 0.1363359375 0.157253125 0.17438437499999998 0.1684234375 0.22367343750000002 0.18031406249999998 0.2870859375 0.19184375 0.347615625 0.1997703125 0.4020921875 0.20193124999999998 0.477034375 0.20085156249999997 0.5145046875 0.1972484375 0.5116234375000001 0.192203125 0.45071093749999996 0.1942015625
0 0.23703124999999997 0.1474609375 0.20015624999999998 0.1390625 0.1559375 0.128515625 0.150625 0.131640625 0.15562499999999999 0.1328125 0.21203124999999998 0.1478515625 0.23578125 0.1509765625 0.23703124999999997 0.1474609375
0 0.1901328125 0.4048375 0.2339015625 0.39526875 0.309825 0.373540625 0.3433125 0.3633140625 0.40109374999999997 0.3392578125 0.47671875 0.3041015625 0.47546875 0.2984375 0.3351484375 0.360528125 0.23478906249999998 0.3904515625 0.182996875 0.401671875 0.145246875 0.4059875 0.1215375 0.40656406250000005 0.1213078125 0.41174218749999997 0.1500796875 0.41030468750000004 0.1901328125 0.4048375
0 0.41312499999999996 0.4830078125 0.3853125 0.4861328125 0.38625 0.490234375 0.41359375 0.4880859375 0.41312499999999996 0.4830078125
0 0.41421875 0.4671875 0.41390625 0.46171875 0.378125 0.4619140625 0.378125 0.4671875 0.41421875 0.4671875
0 0.36765625 0.4390625 0.36890625 0.4443359375 0.37140625 0.44296875 0.39875 0.4275390625 0.4134375 0.418359375 0.41046875 0.41328125 0.36765625 0.4390625
0 0.40374999999999994 0.3986328125 0.4390625 0.3958984375 0.438125 0.3896484375 0.36 0.3939453125 0.359375 0.4 0.38875000000000004 0.3982421875 0.39015625 0.3994140625 0.365625 0.4126953125 0.36921875000000004 0.4173828125 0.40374999999999994 0.3986328125
0 0.6128125 0.187890625 0.54953125 0.1892578125 0.54859375 0.1939453125 0.61328125 0.1923828125 0.6128125 0.187890625
0 0.62375 0.1818359375 0.5548437500000001 0.181640625 0.5540625 0.1861328125 0.62421875 0.1873046875 0.62375 0.1818359375
0 0.58515625 0.1818359375 0.5923437500000001 0.16328125 0.5862499999999999 0.1626953125 0.58515625 0.1658203125 0.5795312499999999 0.1802734375 0.58515625 0.1818359375