1 0.1444484375 0.217084375 0.1633015625 0.21400468749999998 0.1642421875 0.20083437499999998 0.11645625 0.19918906249999999 0.11720781250000001 0.2123578125 0.134765625 0.21606406250000001 0.134765625 0.23071250000000001 0.1181640625 0.23193437499999997 0.1171875 0.24047812500000001 0.134765625 0.260009375 0.134765625 0.3210453125 0.1253125 0.3248046875 0.1262390625 0.340290625 0.134765625 0.345459375 0.134765625 0.4772953125 0.140625 0.4797359375 0.140625 0.345459375 0.1495671875 0.33935 0.1501328125 0.325003125 0.142578125 0.3234859375 0.142578125 0.260009375 0.14715 0.24265625000000002 0.1623609375 0.241753125 0.1633015625 0.2316421875 0.1455078125 0.23193437499999997 0.1444484375 0.217084375
1 0.259765625 0.3595125 0.259471875 0.370896875 0.252478125 0.37439062500000003 0.2522625 0.37761875 0.2530421875 0.381915625 0.2622953125 0.3829234375 0.26275312500000003 0.48014531250000003 0.267578125 0.479140625 0.26828124999999997 0.380740625 0.2799453125 0.3769765625 0.280321875 0.3661578125 0.26896875 0.3652421875 0.2683203125 0.3580359375 0.27787968749999997 0.35536093750000003 0.2771234375 0.3501671875 0.2513484375 0.34993124999999997 0.24959531250000003 0.3577765625 0.259765625 0.3595125
1 0.3140453125 0.444915625 0.31390625 0.4052734375 0.3196875 0.401953125 0.31859375 0.371484375 0.3098359375 0.3715421875 0.30076875 0.3725265625 0.30078125 0.3820796875 0.3021875 0.4029296875 0.308125 0.404296875 0.30765625 0.444921875 0.3140453125 0.444915625
0 0.0894734375 0.3392671875 0.1295296875 0.34581875 0.1289625 0.3404734375 0.0876015625 0.33271562499999996 0.086590625 0.3389609375 0.0894734375 0.3392671875
0 0.12625 0.330078125 0.11380625 0.3271 0.057278125 0.3111890625 0.0134765625 0.2957484375 0.01123125 0.303234375 0.056903125 0.31867812500000003 0.10481718749999999 0.332925 0.12466250000000001 0.3373953125 0.12625 0.330078125
0 0 0.201321875 0.0844375 0.235528125 0.1161796875 0.2472546875 0.1154359375 0.2410609375 0.062915625 0.21986093750000002 0 0.1938953125 0 0.201321875
0 0 0.1005859375 0.03 0.1265625 0.0858921875 0.16891406250000002 0.12140625000000001 0.1931640625 0.1240625 0.1876953125 0.11981250000000002 0.18430156250000002 0.09109062500000001 0.1641265625 0.0344671875 0.12138437500000002 0 0.091796875 0 0.1005859375
0 0 0.084115625 0.0396640625 0.1207015625 0.0919109375 0.1631 0.12418906249999999 0.184984375 0.126925 0.1795140625 0.106134375 0.1648109375 0.0402109375 0.1118109375 0.0040625 0.07890625 0 0.075390625 0 0.084115625
0 0.14725625 0.3413875 0.1734140625 0.3663109375 0.1746953125 0.365853125 0.17743906250000002 0.36219375 0.1512796875 0.336584375 0.14725625 0.3413875
0 0 0.1886171875 0.0573859375 0.2144171875 0.11546875000000001 0.2369140625 0.11680625 0.22907656250000002 0.0903796875 0.2196953125 0.0433140625 0.2005390625 0 0.1794296875 0 0.1886171875
0 0.00078125 0.1501953125 0 0.1580078125 0.04109375 0.18359375 0.12437499999999999 0.226953125 0.12593749999999998 0.2216796875 0.0403125 0.175 0.00078125 0.1501953125
0 0 0.1265625 0.025 0.1470703125 0.0878125 0.1943359375 0.115625 0.2103515625 0.11703125 0.2056640625 0.088125 0.18828125 0.08921875 0.1875 0.11625 0.202734375 0.11937500000000001 0.197265625 0.06046875 0.1625 0 0.116796875 0 0.1265625
0 0.41245000000000004 0.313571875 0.202315625 0.26552031249999997 0.200034375 0.2724421875 0.29093125 0.29361875 0.43004218749999995 0.3253828125 0.542403125 0.347490625 0.54343125 0.3423453125 0.41245000000000004 0.313571875
0 0.2417546875 0.3713328125 0.22538593750000002 0.35933906250000003 0.198671875 0.3322953125 0.1510734375 0.2753828125 0.1448640625 0.278440625 0.18155156249999999 0.32171249999999996 0.21993125 0.362396875 0.24078125 0.376953125 0.2417546875 0.3713328125
0 0.2110796875 0.32258125 0.19197031250000002 0.2950765625 0.15973593749999998 0.24464999999999998 0.153903125 0.248078125 0.203965625 0.323884375 0.229221875 0.3513703125 0.23211875 0.3462265625 0.2110796875 0.32258125
0 0.16890624999999998 0.209765625 0.16375 0.2138671875 0.17890625 0.24296875 0.19468749999999999 0.2728515625 0.22328125000000001 0.316015625 0.230625 0.3259765625 0.23531249999999998 0.3236328125 0.19546875 0.2634765625 0.16890624999999998 0.209765625