1 0.07799843749999999 0 0.07421875 0.12084999999999999 0.07421875 0.5578609375 0.08203125 0.560303125 0.08984375 0.5578609375 0.091796875 0.4699703125 0.0908203125 0 0.07799843749999999 0
1 0.9144859375 0 0.9146750000000001 0.3335765625 0.9174374999999999 0.4036765625 0.936946875 0.4016109375 0.9403656249999999 0.3404828125 0.9310875 0.091553125 0.9259999999999999 0 0.9144859375 0
1 0.6741828125 0 0.6893234374999999 0.3221015625 0.6896703125 0.384521875 0.6893234374999999 0.45501874999999997 0.7092015625 0.45288125 0.7078078125 0.3147609375 0.6993265625 0.1432453125 0.6935765625 0.0109859375 0.692790625 0 0.6741828125 0
1 0.6604359375 0.1494640625 0.6573921875 0.05665625 0.65625 0.032959375 0.6477515625 0.0312890625 0.651471875 0.1488296875 0.6604359375 0.1494640625
1 0.5537109375 0 0.5532109375 0.011204687500000001 0.519215625 0.0116265625 0.51953125 0.0183109375 0.5195546875 0.021140625 0.5545640625 0.021775 0.554225 0.08392812499999999 0.5209078125 0.08731093749999999 0.5224296875000001 0.10591406249999999 0.5565921875 0.10443593749999999 0.5556640625 0.134278125 0.524459375 0.1374140625 0.524796875 0.14502500000000002 0.55859375 0.14526406249999999 0.5637765625 0.2877453125 0.57421875 0.28930625 0.5703125 0.14282187500000001 0.6041171875 0.1378375 0.6027640625 0.1304375 0.5712890625 0.134278125 0.569615625 0.109296875 0.569784375 0.09915 0.60225625 0.0976703125 0.603271875 0.0849859375 0.5682625 0.085196875 0.566909375 0.0714546875 0.5654203125 0.0207015625 0.6009375 0.018359375 0.6015796875 0.009303124999999999 0.5647109375 0.009303124999999999 0.5634765625 0 0.5537109375 0
0 0.812328125 0 0.757278125 0.05719375 0.7260015625 0.087353125 0.7122390625 0.09897343750000001 0.6982984375 0.108578125 0.6991921875 0.1141640625 0.7104515625000001 0.1074609375 0.7354734374999999 0.08489687500000001 0.7812281249999999 0.039990625 0.81911875 0.00044687499999999995 0.8171531249999999 0 0.812328125 0
0 0.7907015625 0 0.7640703125 0.028596875 0.7145296875 0.077459375 0.69633125 0.091375 0.6970468750000001 0.0965140625 0.7179578125 0.08042812499999999 0.7388390625000001 0.0619671875 0.7730015625 0.027607812500000002 0.7982078125000001 0 0.7907015625 0
0 0.5458171875 0.323396875 0.46940312500000003 0.3296734375 0.355 0.3378609375 0.3508515625 0.33840625 0.35128750000000003 0.3435921875 0.472678125 0.33595156249999997 0.546471875 0.32858125 0.5458171875 0.323396875
0 0 0.23414843749999997 0.024962500000000002 0.2331 0.024962500000000002 0.22811875 0 0.2291671875 0 0.23414843749999997
0 0.031045312499999998 0.191934375 0 0.2097640625 0.00041875 0.2165828125 0.033142187499999996 0.1974390625 0.031045312499999998 0.191934375
0 0.057475 0 0.02538125 0.101725 0 0.17356875 0.0006296875 0.1845796875 0.0113265625 0.156525 0.039435937500000004 0.07445937500000001 0.061670312500000005 0 0.057475 0
0 0.053103124999999994 0.13728125 0.0115515625 0.1536609375 0.01120625 0.1594796875 0.056032812499999994 0.1409453125 0.053103124999999994 0.13728125
0 0.1491359375 0.1701 0.0969125 0.16256874999999998 0.0967453125 0.16884375000000001 0.153153125 0.175959375 0.1998515625 0.17993281249999998 0.2010234375 0.17449375 0.1491359375 0.1701
0 0.24203125 0.13515625 0.1133421875 0.1299046875 0.1129046875 0.1357859375 0.2371421875 0.14059531249999999 0.35283125000000004 0.13979375 0.448415625 0.133378125 0.556615625 0.12135 0.556615625 0.1160046875 0.49503125 0.1229546875 0.3821265625 0.131240625 0.35140625000000003 0.1330078125 0.2593859375 0.1349828125 0.24203125 0.13515625
0 0.37769375 0.0134375 0.2994015625 0 0.29545937499999997 0.0038062499999999997 0.3035140625 0.00671875 0.33863125 0.013212499999999999 0.37643593750000004 0.0192625 0.4189 0.025084375 0.4570625 0.027996874999999997 0.5531015625 0.029562500000000002 0.552921875 0.023965624999999997 0.521384375 0.0241875 0.45563281250000004 0.02284375 0.37769375 0.0134375
0 0.501259375 0 0.4714734375 0.022896875 0.47768437500000005 0.023892187500000002 0.50890625 0 0.501259375 0
0 0.5525 0.0453125 0.5540625 0.041015625 0.5349999999999999 0.032421875 0.5309375000000001 0.028515625 0.524375 0.028515625 0.5240625 0.03046875 0.52796875 0.035546875 0.5328125 0.0376953125 0.54140625 0.0412109375 0.5525 0.0453125
0 0.5795312499999999 0.0361328125 0.5878125 0.0310546875 0.58015625 0.030859375 0.5756249999999999 0.0337890625 0.5704687500000001 0.0359375 0.5675 0.0359375 0.5675 0.0416015625 0.5728125000000001 0.0400390625 0.5795312499999999 0.0361328125
0 0.5421875 0.041796875 0.538125 0.0408203125 0.5310937499999999 0.0658203125 0.5253125 0.0853515625 0.5298437500000001 0.0857421875 0.53625 0.065234375 0.5421875 0.041796875
0 0.4711 0.028548437500000003 0.4641703125 0.0277609375 0.397703125 0.0763921875 0.323203125 0.1297484375 0.327140625 0.13230625000000001 0.3658859375 0.106515625 0.43455937499999997 0.055915625000000004 0.4711 0.028548437500000003
0 0.30828125 0.1404296875 0.2865625 0.1556640625 0.29171874999999997 0.1583984375 0.315 0.141015625 0.30828125 0.1404296875
0 0.36984374999999997 0.1384765625 0.3228125 0.16796875 0.3253125 0.17265625 0.3775 0.1396484375 0.36984374999999997 0.1384765625
0 0.41546874999999994 0.135546875 0.37734375 0.172265625 0.38359375 0.17265625 0.42234375 0.1365234375 0.41546874999999994 0.135546875
0 0.468125 0.0796875 0.4234375 0.1267578125 0.43062500000000004 0.126953125 0.46749999999999997 0.0900390625 0.49359374999999994 0.062109375 0.5284375 0.0369140625 0.52578125 0.033203125 0.51046875 0.04375 0.5181250000000001 0.0306640625 0.5114062500000001 0.0287109375 0.4878125 0.058203125 0.46375 0.0755859375 0.383125 0.129296875 0.39375 0.1296875 0.468125 0.0796875
0 0.4328125 0.23515625 0.56078125 0.197265625 0.5600265624999999 0.1912109375 0.46031093749999996 0.2201171875 0.42031093750000004 0.2294921875 0.3553109375 0.2427734375 0.3553109375 0.249609375 0.40468593750000004 0.23828125 0.3557796875 0.2505859375 0.35609375 0.2556640625 0.4328125 0.23515625
0 0.5608078125 0.2328125 0.4625265625 0.2513671875 0.46362031249999996 0.2578125 0.5620578125 0.2384765625 0.5608078125 0.2328125
0 0.40165625 0.25205625 0.40182031250000005 0.25799375 0.42049062499999995 0.256153125 0.5608765625000001 0.220934375 0.55989375 0.2149953125 0.42475312499999995 0.2491890625 0.40165625 0.25205625
0 0.605 0.223828125 0.5746875 0.2287109375 0.5746875 0.233984375 0.6056250000000001 0.2287109375 0.605 0.223828125
0 0.49544375 0.1275046875 0.4349609375 0.16218749999999998 0.441946875 0.1644328125 0.5026296875 0.1309984375 0.49544375 0.1275046875
0 0.3296875 0.2177734375 0.33078124999999997 0.21796875 0.3359375 0.21953125 0.40750000000000003 0.1796875 0.4015625 0.1771484375 0.35375 0.2029296875 0.3746875 0.183984375 0.36734374999999997 0.1822265625 0.3440625 0.2048828125 0.3296875 0.2177734375
0 0.5170328125 0.165234375 0.5571890625 0.157421875 0.5571890625 0.152734375 0.4478140625 0.1685546875 0.5556265625 0.15078125 0.5560937499999999 0.1462890625 0.521875 0.15078125 0.47859375000000004 0.15703125 0.40875000000000006 0.1697265625 0.3228125 0.1775390625 0.32406250000000003 0.1876953125 0.41281249999999997 0.1779296875 0.49343750000000003 0.1677734375 0.3975 0.2021484375 0.338125 0.225 0.3415625 0.2298828125 0.40234531249999994 0.2078125 0.4945328125 0.1736328125 0.5170328125 0.165234375
0 0.61953125 0.1724609375 0.57421875 0.1865234375 0.575 0.192578125 0.6203125 0.176953125 0.61953125 0.1724609375
0 0.6103125 0.1666015625 0.586875 0.150390625 0.5834374999999999 0.1548828125 0.6084375 0.1720703125 0.6103125 0.1666015625
0 0.61875 0.1630859375 0.595 0.1474609375 0.5903125 0.150390625 0.6173437500000001 0.1681640625 0.61875 0.1630859375
0 0.6743750000000001 0.0154296875 0.56703125 0.0240234375 0.56734375 0.0298828125 0.67453125 0.0220703125 0.6743750000000001 0.0154296875
0 0.6001562500000001 0.0357421875 0.5790625 0.079296875 0.58421875 0.0802734375 0.60328125 0.03828125 0.6001562500000001 0.0357421875
0 0.634375 0.062109375 0.6287499999999999 0.0560546875 0.6264062499999999 0.0517578125 0.6228125 0.048828125 0.6190625 0.045703125 0.60046875 0.02734375 0.59703125 0.0306640625 0.6096874999999999 0.0431640625 0.6251562500000001 0.0580078125 0.6321875 0.07265625 0.64265625 0.0978515625 0.64609375 0.09296875 0.6321875 0.065234375 0.64515625 0.075 0.6485937500000001 0.0759765625 0.64796875 0.0697265625 0.634375 0.062109375
0 0.6478125 0.0443359375 0.6471875 0.0388671875 0.63609375 0.038671875 0.624375 0.0330078125 0.615625 0.0279296875 0.61125 0.0294921875 0.6168750000000001 0.034375 0.62265625 0.0375 0.6331249999999999 0.0419921875 0.6478125 0.0443359375
0 0.60609375 0.1236328125 0.5846875 0.1009765625 0.5809375 0.103515625 0.6025 0.1263671875 0.60609375 0.1236328125
0 0.64359375 0.10234375 0.6140625 0.10859375 0.6159375 0.112890625 0.6443749999999999 0.107421875 0.64359375 0.10234375
0 0.6676562500000001 0.14140625 0.67765625 0.1166015625 0.67453125 0.1134765625 0.66234375 0.140234375 0.6676562500000001 0.14140625
0 0.64015625 0 0.6321875 0.017578125 0.6365624999999999 0.0181640625 0.64375 0.0005859375 0.64015625 0
0 0.6159375 0.0662109375 0.61421875 0.066015625 0.61875 0.053125 0.61625 0.050390625 0.61515625 0.049609375 0.6078125 0.0673828125 0.6059375 0.0705078125 0.59375 0.0779296875 0.59921875 0.08125 0.61 0.0740234375 0.61546875 0.071875 0.621875 0.0658203125 0.6253124999999999 0.0599609375 0.621875 0.0572265625 0.6159375 0.0662109375
0 0.6128125 0.14140625 0.57109375 0.1498046875 0.571875 0.1541015625 0.61328125 0.145703125 0.6128125 0.14140625
0 0.64390625 0.11015625 0.6057812499999999 0.125390625 0.6057812499999999 0.13046875 0.64546875 0.1146484375 0.64390625 0.11015625
0 0.71640625 0.028515625 0.69484375 0.0310546875 0.6950000000000001 0.035546875 0.7171875 0.032421875 0.71640625 0.028515625
0 0.7123437499999999 0.060546875 0.6956249999999999 0.0611328125 0.69625 0.06484375 0.7128125 0.0638671875 0.7123437499999999 0.060546875