0 0.4041984375 0 0.38518125 0.0012671875 0.6012265625000001 0.061492187499999997 0.6047765625 0.05356875 0.4041984375 0
0 0.46533749999999996 0 0.6139046875 0.0399375 0.6192296875000001 0.03328125 0.5621765625 0.018384375 0.4888921875 0 0.46533749999999996 0
0 0.28760625 0.1559765625 0.4553859375 0.19398437500000001 0.596796875 0.22145625 0.5993984375 0.212678125 0.45954843749999996 0.186178125 0.287940625 0.146571875 0.28760625 0.1559765625
1 0.291015625 0.4675296875 0.298828125 0.4699703125 0.2888609375 0.2603234375 0.286996875 0.22334375 0.288628125 0.223053125 0.306171875 0.22103125 0.3089109375 0.21113906249999997 0.2781453125 0.215771875 0.2523015625 0.2179875 0.25078125 0.22787968749999998 0.2734375 0.22582968750000001 0.291015625 0.4675296875
1 0.1433140625 0.057315625 0.1436359375 0.06218125 0.1445046875 0.0709625 0.181640625 0.0744625 0.17994375 0.12861875 0.14615781249999998 0.1343109375 0.1448328125 0.1420296875 0.1853078125 0.1456859375 0.185546875 0.3894046875 0.186565625 0.44727656250000003 0.2008078125 0.45172656250000004 0.1982828125 0.1377296875 0.23846250000000002 0.13715312500000001 0.24 0.12361875 0.1962890625 0.126953125 0.193359375 0.072021875 0.2333984375 0.06591875 0.236328125 0.0598140625 0.23581406249999998 0.0563234375 0.1845703125 0.0537109375 0.1433140625 0.057315625
0 0.1424546875 0 0.1688359375 0.027087499999999997 0.19809062500000002 0.0544265625 0.2070875 0.0495734375 0.1524421875 0 0.1424546875 0
0 0.36333125 0.284725 0.3528390625 0.2872265625 0.382615625 0.3013890625 0.42715 0.3214828125 0.427940625 0.31489375000000003 0.38235312499999996 0.2931546875 0.36333125 0.284725
0 0.41780156249999995 0.2870546875 0.3092140625 0.2779859375 0.3087609375 0.2830875 0.4184828125 0.29215625 0.41780156249999995 0.2870546875
0 0.30536093750000004 0.2731703125 0.418709375 0.2808203125 0.4191625 0.2751515625 0.3028671875 0.2660859375 0.30309375 0.2731703125 0.30536093750000004 0.2731703125
0 0.477196875 0.2862046875 0.4481796875 0.2862046875 0.44885937499999995 0.291871875 0.47765 0.29215625 0.477196875 0.2862046875
0 0.53523125 0.2881875 0.5601671875 0.2890390625 0.5601671875 0.286771875 0.560053125 0.2836015625 0.5354578125 0.2828046875 0.53523125 0.2881875
0 0.4855875 0.279409375 0.4486734375 0.27931875 0.44883281249999996 0.2853296875 0.48297656250000004 0.28633125000000004 0.48554062499999995 0.28613125 0.48554062499999995 0.28573125 0.4855875 0.279409375
0 0.2594578125 0.325678125 0.2633625 0.32730468749999997 0.2674296875 0.328171875 0.280940625 0.3287546875 0.28024218749999996 0.3232203125 0.275815625 0.3226390625 0.2623046875 0.31914375 0.24949218750000002 0.311865625 0.22573125 0.296140625 0.20453281250000002 0.2751765625 0.199175 0.2780875 0.2238671875 0.3019640625 0.2594578125 0.325678125
0 0.23667968749999999 0.3019640625 0.2529859375 0.31215625 0.26533281249999996 0.3176890625 0.27418437500000004 0.3203109375 0.281871875 0.321475 0.2811734375 0.3165234375 0.2797765625 0.3165234375 0.27441875 0.314778125 0.26975937499999997 0.3127390625 0.26137343749999997 0.3083703125 0.24529843750000002 0.299925 0.22992343750000002 0.28944375 0.226196875 0.29351875 0.23667968749999999 0.3019640625
0 0.17881249999999999 0.2594578125 0.13568125 0.232125 0.1311890625 0.2377421875 0.1779125 0.26769375 0.17881249999999999 0.2594578125