1 0.7727062499999999 0 0.785225 0.16158125 0.786909375 0.16970625 0.7900390625 0.1880609375 0.801353125 0.1880609375 0.7845015625 0 0.7727062499999999 0
1 0.7946125 0.2350015625 0.802734375 0.4406734375 0.814453125 0.44555625 0.810546875 0.28930625 0.806640625 0.24047812500000001 0.8037593749999999 0.2344 0.7946125 0.2350015625
1 0.3009671875 0.295953125 0.3103515625 0.29084374999999996 0.3123125 0.3160078125 0.3203125 0.318603125 0.32704374999999997 0.42679999999999996 0.333984375 0.426025 0.3293546875 0.3325984375 0.328465625 0.3141578125 0.3336203125 0.31038125 0.332553125 0.2901625 0.346696875 0.287059375 0.3449140625 0.27970937500000004 0.3193359375 0.2783203125 0.297346875 0.282603125 0.298828125 0.28930625 0.3009671875 0.295953125
1 0.380328125 0.4683296875 0.37109375 0.3723140625 0.38410937500000003 0.3687875 0.3838875 0.36398593749999997 0.3662109375 0.36377031249999997 0.350896875 0.36801875 0.352040625 0.372796875 0.36398593749999997 0.37429531250000003 0.3671875 0.3796390625 0.3746640625 0.46939062500000006 0.380328125 0.4683296875
1 0.208984375 0.3601078125 0.224609375 0.3625484375 0.224609375 0.3894046875 0.23046875 0.3894046875 0.23046875 0.3625484375 0.24088906250000003 0.35855468749999997 0.244140625 0.355225 0.24236093749999998 0.350990625 0.23174375 0.3433625 0.2197265625 0.33935624999999997 0.21586875 0.34424375 0.22322812500000003 0.352421875 0.2096 0.3543546875 0.208984375 0.3601078125
0 0.7784500000000001 0.07242499999999999 0.77678125 0.06625625 0.6932234375 0.09779062499999999 0.678409375 0.10386718749999999 0.5341796875 0.1513671875 0.42350468750000003 0.1780328125 0.3544921875 0.192871875 0.2410125 0.2074859375 0.2428875 0.2151046875 0.2739453125 0.2108078125 0.320340625 0.20600000000000002 0.3864109375 0.1959140625 0.41725781250000005 0.1878375 0.45119218749999995 0.18091718750000002 0.572946875 0.14928125 0.6669921875 0.1171875 0.691140625 0.10994375 0.7080375 0.10213281249999999 0.74296875 0.088884375 0.7784500000000001 0.07242499999999999
0 0 0.244978125 0.032701562499999996 0.22990624999999998 0.23259218750000002 0.21886250000000002 0.23102031250000002 0.20946875 0.034284375 0.22199375 0 0.236521875 0 0.244978125
0 0 0.26611875 0.000196875 0.267103125 0.012904687500000001 0.2735203125 0.0480046875 0.2891640625 0.08040312499999999 0.30274531250000003 0.13416875 0.315890625 0.16494375 0.3228234375 0.1635515625 0.3163578125 0.105096875 0.301509375 0.084959375 0.2962125 0.0677109375 0.28951875 0 0.2586578125 0 0.26611875
0 1 0.0902609375 0.898603125 0.0803390625 0.8993249999999999 0.0881640625 0.98959375 0.0959859375 1 0.0968890625 1 0.0902609375
0 0.25125000000000003 0.2482421875 0.25828125 0.2623046875 0.2640625 0.2603515625 0.2500328125 0.2325703125 0.24583750000000001 0.23466874999999998 0.25125000000000003 0.2482421875
0 0.3369984375 0.3635484375 0.3437953125 0.38053906249999997 0.3474765625 0.37841562500000003 0.33983125 0.3585921875 0.3319015625 0.3306265625 0.328503125 0.33452187499999997 0.3369984375 0.3635484375
0 0.32377812499999997 0.37252968750000004 0.31390625 0.362109375 0.311875 0.3669921875 0.32377812499999997 0.3780484375 0.32377812499999997 0.37252968750000004
0 0.2893765625 0.3527515625 0.25791875000000003 0.3134296875 0.252215625 0.3175703125 0.28588125 0.355971875 0.2893765625 0.3527515625
0 0.25773437499999996 0.3109 0.2934234375 0.35229374999999996 0.294528125 0.3513734375 0.2976546875 0.3483828125 0.2628859375 0.30722031250000004 0.25773437499999996 0.3109
1 0.2405171875 0.2042515625 0.231971875 0.2045109375 0.244140625 0.36743125 0.25 0.4016109375 0.25179687500000003 0.46654062500000004 0.2513609375 0.48123281249999994 0.2635484375 0.47824062500000003 0.26171875 0.4284671875 0.248046875 0.279540625 0.2763671875 0.26123124999999997 0.2978515625 0.26123124999999997 0.30078125 0.2551265625 0.2996875 0.249609375 0.2958984375 0.2490234375 0.2763671875 0.25146562499999997 0.2470703125 0.2734375 0.2405171875 0.2042515625
0 0.674965625 0.1629390625 0.6991125 0.10754999999999999 0.6911421875 0.109603125 0.641675 0.2236015625 0.6475359375 0.22477343749999998 0.674965625 0.1629390625
0 0.7417671875 0 0.699875 0.0943109375 0.7077953124999999 0.09274687499999999 0.7234265625 0.056014062499999996 0.748228125 0.000259375 0.7417671875 0
0 0.2765625 0.246484375 0.25046875 0.2177734375 0.24874999999999997 0.2232421875 0.275 0.2509765625 0.2765625 0.246484375
0 0.29296875 0.310546875 0.30171875 0.3203125 0.31 0.3263671875 0.315625 0.326953125 0.31906249999999997 0.32734375 0.31906249999999997 0.32578125 0.31906249999999997 0.3224609375 0.3153125 0.322265625 0.3103125 0.3203125 0.30484374999999997 0.316015625 0.289375 0.2986328125 0.27859375000000003 0.283203125 0.26984375 0.2693359375 0.26437499999999997 0.2703125 0.26734375 0.28046875 0.28234375 0.3080078125 0.28984375 0.318359375 0.30109375 0.32890625 0.305625 0.332421875 0.31015625 0.3341796875 0.31421875 0.3349609375 0.32046874999999997 0.3345703125 0.32 0.3294921875 0.31859375 0.329296875 0.3159375 0.3294921875 0.30953125 0.3283203125 0.30234375 0.324609375 0.2934375 0.3154296875 0.28625 0.30390625 0.28828125 0.3029296875 0.29296875 0.310546875