1 0.23046875 0.006103125 0.255859375 0.013428124999999999 0.2636328125 0.0543921875 0.2607421875 0.078125 0.23192343750000002 0.0763828125 0.22822031250000002 0.07811718749999999 0.2284515625 0.0853515625 0.2587046875 0.0876890625 0.26464375 0.0881515625 0.263671875 0.4650875 0.265625 0.494384375 0.2734375 0.4968265625 0.275390625 0.0891109375 0.3110390625 0.0821203125 0.30844218749999996 0.07423437499999999 0.27734375 0.0744625 0.27734375 0.0109859375 0.306684375 0.006365625 0.306221875 0.0002890625 0.2431640625 0 0.2278984375 0.0009281249999999999 0.23046875 0.006103125
1 0.795521875 0 0.8098140624999999 0.4287828125 0.8121234375 0.455321875 0.8257953125 0.4602046875 0.8101703125 0.0183109375 0.808953125 0 0.795521875 0
0 1 0.11451562500000001 0.9990234375 0.1025390625 0.814453125 0.091553125 0.8149390625 0.10255624999999999 0.8307593750000001 0.1034765625 1 0.11451562500000001
0 0.0791546875 0.15986406250000001 0.08192031250000001 0.16850625 0.18350625 0.16079062500000002 0.26189687500000003 0.1509921875 0.264390625 0.1425296875 0.18920781250000002 0.1501015625 0.0791546875 0.15986406250000001
1 0.375 0.20385781249999999 0.376953125 0.19409218749999999 0.388390625 0.18950781249999998 0.38491875000000003 0.1840109375 0.360846875 0.186615625 0.3622359375 0.1921109375 0.369140625 0.19409218749999999 0.37021875 0.263678125 0.3752078125 0.2627875 0.375 0.20385781249999999
0 0.2638640625 0.16867656250000002 0.2629390625 0.16086562499999998 0.15770625 0.17603437500000002 0.06909531249999999 0.1832875 0.0695171875 0.191365625 0.14450000000000002 0.18713437500000002 0.152571875 0.186809375 0.2638640625 0.16867656250000002
0 0.2740125 0.1394125 0.27507187499999997 0.149821875 0.32318437499999997 0.14297500000000002 0.5654203125 0.11735625000000001 0.74053125 0.098896875 0.79855 0.09428125000000001 0.7976125 0.08592968749999999 0.5754421875 0.10746718749999999 0.295896875 0.137134375 0.2740125 0.1394125
0 0.3111921875 0.16416718749999998 0.5480140625 0.1351578125 0.7057203125 0.1186765625 0.8006609375 0.1081265625 0.7990781250000001 0.098896875 0.6550859375 0.11537968750000001 0.3665734375 0.14570624999999998 0.27638124999999997 0.15955312500000002 0.27600156249999996 0.1689484375 0.3111921875 0.16416718749999998
0 0.36393593750000003 0.1008734375 0.2747984375 0.10746718749999999 0.2759 0.11775625 0.3594578125 0.11139062500000001 0.485603125 0.100975 0.6376796875 0.08636875000000001 0.6988640625 0.08307187499999999 0.79746875 0.0763375 0.79696875 0.06856875 0.6835671875 0.0758203125 0.36393593750000003 0.1008734375
0 0.922371875 0.0749625 0.8127328125 0.068525 0.8135828125 0.079275 0.8874203125 0.0814015625 0.9639468750000001 0.086 0.999634375 0.088759375 1 0.07956250000000001 0.922371875 0.0749625
0 0.2013703125 0.023725 0.216646875 0.0433984375 0.244040625 0.0771625 0.251859375 0.0740765625 0.2039171875 0.017359375 0.2013703125 0.023725