1 0.560546875 0.171565625 0.5888671875 0.1679046875 0.5888671875 0.1605796875 0.5537109375 0.155696875 0.5234375 0.1618 0.5244140625 0.1679046875 0.55078125 0.171565625 0.5497625 0.23367187500000003 0.556640625 0.23504375 0.560546875 0.171565625
1 0.7685546875 0 0.767578125 0.15014687499999999 0.7734375 0.16967812499999999 0.7890625 0.18188437500000001 0.791015625 0.006103125 0.7880859375 0 0.7685546875 0
1 0.7705078125 0.2294921875 0.767578125 0.4797359375 0.77734375 0.48461875 0.787109375 0.4724125 0.788828125 0.4461203125 0.7890625 0.2526859375 0.7705078125 0.2294921875
1 0.009765625 0.299071875 0.03125 0.3088375 0.030009374999999998 0.3311578125 0.0383953125 0.33814375 0.0390625 0.3088375 0.059575 0.30390937500000004 0.05859375 0.29663125 0.04296875 0.2917484375 0.046150000000000004 0.2679859375 0.0469890625 0.229965625 0.0302734375 0.22705156249999997 0.029296875 0.2917484375 0.00965 0.2931578125 0.009765625 0.299071875
0 0.5925 0.159846875 0.7014390625 0.0963828125 0.6994984375 0.08771562499999999 0.582896875 0.155446875 0.587890625 0.15747031250000001 0.5925 0.159846875
0 0 0.19409218749999999 0.00500625 0.1933921875 0.0120171875 0.1924546875 0.122540625 0.1776671875 0.12320468749999999 0.1672890625 0 0.18400624999999998 0 0.19409218749999999
0 0.24569999999999997 0.122109375 0.3826984375 0.09133593749999999 0.6235109375000001 0.033365624999999996 0.6192515625 0.027365624999999998 0.5915734375 0.033424999999999996 0.438115625 0.0684546875 0.2685671875 0.109196875 0.20056875000000002 0.12359374999999999 0.19893906249999999 0.131553125 0.24569999999999997 0.122109375
0 0.917246875 0.263278125 0.9991218749999999 0.2617953125 0.9979359375 0.25289375000000003 0.967084375 0.2543796875 0.92080625 0.2543796875 0.917246875 0.263278125
0 0.9344515624999999 0.1690921875 0.9967484375 0.198015625 0.9991703125000001 0.18996249999999998 0.990815625 0.1861484375 0.9362328124999999 0.160190625 0.9344515624999999 0.1690921875
0 0.7944328125 0.0823203125 0.7904687499999999 0.0888671875 0.89453125 0.1478515625 0.8971875 0.147265625 0.8978125 0.1412109375 0.8678890625 0.12355468750000001 0.7944328125 0.0823203125
0 0.8817187499999999 0.1046875 0.79203125 0.071875 0.79109375 0.0783203125 0.87953125 0.110546875 0.8817187499999999 0.1046875
0 0.1988203125 0.15893125 0.15207500000000002 0.1664625 0.152984375 0.17403125 0.19653437499999998 0.166203125 0.2526765625 0.156484375 0.2522125 0.149321875 0.1988203125 0.15893125
0 0.63638125 0.0845203125 0.4856828125 0.164065625 0.49584687499999996 0.173459375 0.5829078125 0.1248453125 0.6880875 0.0635265625 0.68020625 0.060417187500000004 0.63638125 0.0845203125
0 0.5637624999999999 0.0884640625 0.49843593750000004 0.1013984375 0.31416093749999996 0.1377390625 0.31931875 0.14594374999999998 0.36245625000000004 0.13656718750000002 0.4487765625 0.12023593749999999 0.562078125 0.097490625 0.5673734375 0.0959859375 0.6318718750000001 0.0814234375 0.6597203125 0.07262031249999999 0.6594 0.06782031250000001 0.651765625 0.0691625 0.63363125 0.0736234375 0.5637624999999999 0.0884640625
0 0.6659375 0.159134375 0.6947828125 0.12030468750000001 0.706709375 0.10435468750000002 0.7028265625000001 0.09985000000000001 0.6775859375 0.13452031250000002 0.6484640625 0.17230937500000001 0.6526234375 0.17612343749999998 0.6659375 0.159134375
0 0.6835828125 0.14490468750000002 0.656425 0.17707656249999998 0.65966875 0.1813828125 0.68540625 0.15225 0.7119546875 0.1183046875 0.708915625 0.11323749999999999 0.6835828125 0.14490468750000002
0 0.9731875000000001 0.1345546875 0.9409609375000001 0.12780625 0.9404546874999999 0.133290625 0.9698125 0.1400390625 0.9991703125000001 0.1507953125 1 0.14446874999999998 0.9731875000000001 0.1345546875
0 0.7970421875 0.0282609375 0.874315625 0.08309531249999999 0.876171875 0.08246250000000001 0.877353125 0.0792984375 0.7992359375 0.0236203125 0.7970421875 0.0282609375