1 0.0645703125 0 0.06274687500000001 0.012040625000000001 0.0158828125 0.013343749999999998 0.015625 0.0207515625 0.0205078125 0.026856249999999998 0.0537109375 0.029296875 0.054415625 0.07420312500000001 0.0625 0.0793453125 0.0638625 0.1689109375 0.0441171875 0.16968125 0.0444265625 0.18125156250000002 0.06447968750000001 0.1820234375 0.0625 0.4284671875 0.0642390625 0.5175453125 0.0768984375 0.5181312499999999 0.0768984375 0.5011328125000001 0.07589375000000001 0.18665 0.08360625000000001 0.1824078125 0.08945468749999999 0.17463125 0.0879375 0.16840312500000001 0.08100625 0.1629890625 0.076025 0.15784375 0.07579375000000001 0.10692968750000001 0.075978125 0.1009515625 0.0833359375 0.0991109375 0.0835203125 0.092903125 0.0765296875 0.08715468750000001 0.075978125 0.05219843749999999 0.0791015625 0.0341796875 0.0927734375 0.0244140625 0.1020609375 0.02343125 0.10570625 0.037101562500000004 0.111175 0.037101562500000004 0.11455937499999999 0.02278125 0.122109375 0.0165984375 0.1226296875 0.010089062499999999 0.11481875 0.0074859375 0.08306875 0.008678125 0.07516874999999999 0.0089765625 0.07420312500000001 0 0.0645703125 0
1 0.2266515625 0.37206875 0.22711406250000002 0.47354062499999994 0.235440625 0.47209531250000003 0.23335937499999998 0.3717796875 0.2266515625 0.37206875
1 0.3109921875 0.44648281250000005 0.3111828125 0.466203125 0.31640625 0.4650875 0.315175 0.39634375 0.320878125 0.39491875 0.320878125 0.3847015625 0.3210671875 0.3804234375 0.313653125 0.38018593749999996 0.31422343750000004 0.3473953125 0.326009375 0.34668125 0.3258203125 0.3395546875 0.3076171875 0.33935624999999997 0.3109921875 0.44648281250000005
0 0.374103125 0.40537343750000004 0.3226796875 0.38863125 0.3218015625 0.3954421875 0.37353281250000003 0.4101265625 0.374103125 0.40537343750000004
0 0.36538750000000003 0.3317328125 0.30967500000000003 0.32492187499999997 0.30914687500000004 0.330853125 0.3648609375 0.3376640625 0.36538750000000003 0.3317328125
0 0.04680625 0.18332500000000002 0.0407609375 0.18234999999999998 0.0304234375 0.2250109375 0.008190625 0.3164296875 0.0122859375 0.3181359375 0.0304234375 0.24841406250000003 0.04680625 0.18332500000000002
0 0.0633828125 0.203559375 0.059678125000000005 0.19673281250000002 0.034325 0.2627984375 0.0152125 0.3132625 0.0193078125 0.31594375 0.04485625 0.25060937499999997 0.0633828125 0.203559375
0 0 0.18942343749999999 0.037676562499999997 0.1931734375 0.038509375 0.18713125 0 0.183171875 0 0.18942343749999999
0 0.0621828125 0.18733906250000001 0.0460125 0.1875484375 0.045178125 0.1931734375 0.06235 0.1931734375 0.0621828125 0.18733906250000001
0 0 0.158165625 0.043678125 0.1717109375 0.046678125 0.164834375 0 0.14545312500000002 0 0.158165625
0 0.0598484375 0.1585828125 0.0001671875 0.13086718749999998 0 0.13899375 0.057681249999999996 0.16441875 0.0598484375 0.1585828125
0 0.058515625 0.118571875 0.049846875 0.1531640625 0.054346874999999996 0.1552484375 0.06334999999999999 0.120446875 0.058515625 0.118571875
0 0.0131703125 0.0335515625 0.02400625 0.0443859375 0.034842187499999996 0.0458453125 0.0430109375 0.0450125 0.0485125 0.042928125 0.0530140625 0.039384375 0.0520140625 0.0348015625 0.0391765625 0.03896875 0.030175 0.0391765625 0.02500625 0.0373 0.0165046875 0.030632812500000002 0.0153375 0.0227140625 0.0123359375 0.0227140625 0.0128359375 0.031257812499999996 0.0131703125 0.0335515625
0 0.1042734375 0.032968750000000005 0.0826015625 0.0324578125 0.0826015625 0.0373140625 0.10406875 0.0380796875 0.1042734375 0.032968750000000005
0 0.08546875000000001 0.0369140625 0.080625 0.038671875 0.09031249999999999 0.065625 0.10124999999999999 0.0904296875 0.10671875 0.0896484375 0.0959375 0.06640625 0.08546875000000001 0.0369140625
0 0.13328125 0.090234375 0.12281249999999999 0.06015625 0.11234375 0.037109375 0.10640625 0.0390625 0.11656249999999999 0.0615234375 0.12796875000000002 0.091015625 0.13203125 0.090625 0.13328125 0.090234375
0 0.12250000000000001 0 0.13703125 0.0431640625 0.15203125 0.0900390625 0.15828124999999998 0.08984375 0.13984375 0.033203125 0.12765625 0 0.12250000000000001 0
0 0.136365625 0.091509375 0.0838515625 0.0907421875 0.0837046875 0.098421875 0.1508515625 0.0991109375 0.3321 0.0981921875 0.5050078124999999 0.0917515625 0.7512203125 0.0705953125 0.773490625 0.068528125 0.773121875 0.0620875 0.632940625 0.0754265625 0.50313125 0.083475 0.34076875 0.0897375 0.136365625 0.091509375
0 0.0749953125 0.137296875 0.0915875 0.1615625 0.10950625 0.189146875 0.1158109375 0.18520625 0.07964062499999999 0.13066093750000002 0.0749953125 0.137296875
0 0.10203906250000001 0.12630468749999998 0.0872734375 0.09872031249999999 0.08279375 0.102246875 0.1013765625 0.1364671875 0.131240625 0.189353125 0.138209375 0.18831562500000001 0.10203906250000001 0.12630468749999998
0 0.1264296875 0.1453859375 0.150321875 0.1912203125 0.15679218749999999 0.1895609375 0.11249218750000001 0.10121093750000001 0.106353125 0.10286875 0.1264296875 0.1453859375
0 0.1370484375 0.1001734375 0.1319046875 0.10162500000000001 0.153971875 0.15430468749999998 0.171228125 0.19184375 0.1772 0.19039062499999998 0.161271875 0.15471875 0.1370484375 0.1001734375
0 0.1903125 0.1875 0.192465625 0.19205 0.19734374999999998 0.189453125 0.184334375 0.1559625 0.16293125 0.09996406249999999 0.1564609375 0.10121093750000001 0.1689046875 0.1346015625 0.18812500000000001 0.1826171875 0.1903125 0.1875
0 0.131690625 0.270475 0.1364546875 0.266684375 0.09746875 0.20630625 0.08360625000000001 0.1824828125 0.078840625 0.186271875 0.08490625 0.19520781250000002 0.08252343749999999 0.1981859375 0.0885875 0.21199374999999998 0.09421874999999999 0.21118125000000001 0.131690625 0.270475
0 0.1420921875 0.26096718750000003 0.0898875 0.174090625 0.08533906249999999 0.18058593750000002 0.12064375000000001 0.23879687500000002 0.1372625 0.26630625 0.1420921875 0.26096718750000003
0 0.102146875 0.1900625 0.10323125 0.19683124999999999 0.20295000000000002 0.2003515625 0.339125 0.20278749999999998 0.390025 0.209015625 0.3902421875 0.2033296875 0.36121875000000003 0.200621875 0.353915625 0.1996109375 0.39847343749999997 0.1995390625 0.39842187500000004 0.1940484375 0.216965625 0.19358124999999998 0.102146875 0.1900625
0 0.2990953125 0.2289859375 0.231434375 0.2216421875 0.14081875 0.2058421875 0.11946562499999999 0.19783125 0.11661718750000001 0.20183749999999998 0.1395828125 0.212740625 0.21738125 0.22698281250000002 0.27185625 0.2336578125 0.3236625 0.23788749999999997 0.3763578125 0.2396671875 0.37617968749999997 0.2336578125 0.3398625 0.23276875000000002 0.2990953125 0.2289859375
0 0.161303125 0.2470125 0.13210625 0.2085140625 0.126409375 0.21096093749999997 0.15560625 0.2501265625 0.161303125 0.2470125
0 0.156128125 0.2154125 0.15043125 0.2185265625 0.1639625 0.235884375 0.1828328125 0.258359375 0.18801874999999998 0.25480625 0.17428749999999998 0.23855468750000003 0.156128125 0.2154125
0 0.16644375 0.222296875 0.20227499999999998 0.26522812500000004 0.207559375 0.2611015625 0.1721921875 0.21880000000000002 0.16644375 0.222296875
0 0.18765625 0.226171875 0.21234375 0.2595703125 0.2171875 0.255859375 0.19328125000000002 0.2228515625 0.18765625 0.226171875
0 0.20890625 0.22890625 0.22578125 0.25625 0.23109375000000001 0.2533203125 0.21359374999999997 0.225390625 0.20890625 0.22890625
0 0.2093765625 0.21404062499999998 0.201615625 0.20041875 0.19715625 0.20289375 0.20524843750000002 0.21651718749999999 0.2093765625 0.21404062499999998
0 0.1878125 0.2115234375 0.18156250000000002 0.199609375 0.175625 0.1998046875 0.18171874999999998 0.2123046875 0.1878125 0.2115234375
0 0.5863953125 0.045571875 0.64159375 0.0651640625 0.6552234375 0.071978125 0.684184375 0.068146875 0.6603343749999999 0.05494375 0.5935515625 0.03194375 0.5596984375 0.0227421875 0.48333281250000004 0 0.4795015625 0.008378125 0.5863953125 0.045571875