1 0.3365625 0.21640625 0.33625 0.228125 0.3525 0.2291015625 0.35296875 0.235546875 0.34140625 0.2357421875 0.34140625 0.2478515625 0.351875 0.249609375 0.3525 0.25625 0.35281250000000003 0.3107421875 0.3584375 0.3111328125 0.36078125 0.283203125 0.3796875 0.2826171875 0.37984375 0.2720703125 0.36875 0.2724609375 0.36828125 0.239453125 0.3625 0.2384765625 0.3621875 0.2298828125 0.3825 0.2291015625 0.38296874999999997 0.2171875 0.3365625 0.21640625
1 0.40734375 0.299609375 0.4078125 0.2931640625 0.37515624999999997 0.2908203125 0.375 0.299609375 0.38671875 0.30078125 0.3875 0.3189453125 0.39375 0.31953125 0.3953125 0.3017578125 0.40734375 0.299609375
0 0.061796874999999994 0.1505015625 0.00043906250000000005 0.09943125 0 0.10629843750000001 0.0599890625 0.1554671875 0.061796874999999994 0.1505015625
0 0.079078125 0.11669218750000002 0.042409375 0.081578125 0.0384546875 0.086796875 0.0749453125 0.12256249999999999 0.079078125 0.11669218750000002
0 0.05954374999999999 0.0112703125 0.0818953125 0.0392109375 0.1115734375 0.0741953125 0.11532968750000001 0.067384375 0.0633 0.007748437499999999 0.05954374999999999 0.0112703125
0 0.11937500000000001 0.0435546875 0.09109375 0.0044921875 0.08703125 0.008203125 0.11578124999999999 0.04765625 0.11937500000000001 0.0435546875
0 0.10890625000000001 0.0029296875 0.13484374999999998 0.0400390625 0.138125 0.0361328125 0.1159375 0.00390625 0.113125 0.0001953125 0.10890625000000001 0.0029296875
1 0.25858593750000003 0.1120015625 0.25858593750000003 0.12121249999999999 0.2766484375 0.121509375 0.274509375 0.2103375 0.281978125 0.211553125 0.283540625 0.12329062500000001 0.3141890625 0.12113125 0.3149140625 0.1111109375 0.2849671875 0.11259531250000002 0.2849671875 0.10130625 0.2759359375 0.10249531249999999 0.2759359375 0.11289374999999999 0.25858593750000003 0.1120015625
0 0.2366 0.050796875 0.2676640625 0.102946875 0.2723609375 0.098884375 0.24003125 0.0440234375 0.23551562499999998 0.0483125 0.2366 0.050796875
0 0.2626078125 0.0632125 0.23280625000000002 0.0133203125 0.22720781250000002 0.015351562499999999 0.276875 0.10227187499999998 0.2801265625 0.1011421875 0.2826546875 0.0997875 0.2626078125 0.0632125
0 0.253125 0 0.24689375 0.00135625 0.2730828125 0.05169843750000001 0.2909625 0.0864671875 0.2960203125 0.082178125 0.26749999999999996 0.026953125 0.253125 0
0 0.37296874999999996 0.212109375 0.342853125 0.1640359375 0.33758750000000004 0.1680859375 0.3678125 0.2158203125 0.37296874999999996 0.212109375
0 0.38109375 0.2306640625 0.37609375 0.2328125 0.388125 0.2625 0.39718749999999997 0.284765625 0.40093750000000006 0.2927734375 0.40499999999999997 0.2908203125 0.38109375 0.2306640625
0 0.375625 0.2427734375 0.370625 0.2453125 0.3859375 0.277734375 0.3928125 0.2921875 0.39484375 0.2912109375 0.39734375 0.2900390625 0.375625 0.2427734375