1 0.7454125 0 0.7442875 0.011617187499999999 0.737809375 0.0239375 0.7454125 0.033440625 0.746821875 0.0376640625 0.759765625 0.4406734375 0.7623484375 0.48248125000000003 0.775390625 0.4650875 0.76953125 0.16967812499999999 0.7634359374999999 0.032384375 0.7744187499999999 0.0218234375 0.7746999999999999 0.015487500000000001 0.7617468749999999 0.014785937499999999 0.7614640625 0 0.7454125 0
1 0.5490921875 0.1862015625 0.548828125 0.19897499999999999 0.5693359375 0.20263749999999997 0.57421875 0.21118125000000001 0.572265625 0.4992671875 0.578125 0.501709375 0.583984375 0.21118125000000001 0.5908203125 0.20263749999999997 0.6087890625 0.2012828125 0.6086109375000001 0.1877828125 0.602190625 0.1880515625 0.6006921875 0.194203125 0.5895640625 0.194203125 0.5833578125 0.188853125 0.5693359375 0.185546875 0.5490921875 0.1862015625
1 0.5220312500000001 0.373046875 0.5221875 0.350390625 0.48796875 0.3490234375 0.48687500000000006 0.372265625 0.501953125 0.3723140625 0.5 0.4992671875 0.505859375 0.4992671875 0.5078125 0.3723140625 0.5220312500000001 0.373046875
1 0.48739687500000006 0.4978890625 0.4890203125 0.4068390625 0.49578125 0.4015625 0.4971875 0.3966796875 0.4909171875 0.396346875 0.4759375 0.395703125 0.4752109375 0.39905625 0.48375 0.4048828125 0.484375 0.4187015625 0.48252187500000004 0.4975515625 0.48739687500000006 0.4978890625
1 0.47141093749999996 0.4284078125 0.4677734375 0.42724687499999997 0.4619625 0.428203125 0.4626140625 0.43818124999999997 0.462778125 0.443475 0.46310312500000006 0.46852031250000004 0.46522031249999996 0.4709625 0.470703125 0.4675296875 0.47141093749999996 0.4284078125
0 0.6611796875 0.062565625 0.7375 0.0283203125 0.73625 0.0228515625 0.679928125 0.045795312500000004 0.5001859375000001 0.1068578125 0.36069062500000004 0.149428125 0.361034375 0.15609375 0.49984062500000004 0.1143828125 0.6611796875 0.062565625
0 1 0.10234375 0.8604687500000001 0.167578125 0.771484375 0.20629843750000001 0.77140625 0.2130859375 0.8440625 0.186328125 0.9158375 0.1536296875 1 0.112890625 1 0.10234375
0 1 0.0634765625 0.93234375 0.101171875 0.89609375 0.1216796875 0.78421875 0.1767578125 0.77046875 0.1830078125 0.771875 0.1951171875 0.9931640625 0.087890625 1 0.0817875 1 0.0634765625
0 1 0.0162578125 0.8817046875000001 0.09237656250000001 0.76953125 0.1620953125 0.7692 0.17005625 0.9052453125 0.087996875 0.9112500000000001 0.0837890625 0.9207281249999999 0.0768984375 1 0.024515625 1 0.0162578125
0 0.6403796875000001 0.21819531250000002 0.640625 0.21606406250000001 0.6352609375 0.21456875000000003 0.6067390625 0.24649843749999997 0.582759375 0.2707515625 0.582759375 0.27410625 0.5901562499999999 0.271875 0.61484375 0.246875 0.6403796875000001 0.21819531250000002
0 0.69265625 0.14147343750000002 0.7485109375000001 0.0454078125 0.74615 0.0363359375 0.6856046874999999 0.1367421875 0.6537843750000001 0.187053125 0.638671875 0.20629843750000001 0.640625 0.21118125000000001 0.6543 0.1986640625 0.69265625 0.14147343750000002
0 1 0.1779296875 0.9865625 0.175390625 0.8990828125 0.1616625 0.8930468749999999 0.166234375 1 0.18432656249999999 1 0.1779296875
0 0.716796875 0.030517187499999997 0.7329390625000001 0.0004859375 0.7265125 0 0.7132296874999999 0.02538125 0.7102015625 0.0316046875 0.716796875 0.030517187499999997
0 0.7080078125 0.0439453125 0.7012562499999999 0.0455796875 0.6604921874999999 0.110296875 0.60546875 0.18676718750000001 0.6077546875000001 0.1891203125 0.6096796875 0.19045937500000001 0.61328125 0.18676718750000001 0.66810625 0.11220468750000001 0.7080078125 0.0439453125
0 0.6665125 0 0.6570515625 0.0210703125 0.6512046875 0.0339703125 0.6395078125 0.0591265625 0.646484375 0.0573734375 0.6728515625 0 0.6665125 0
0 0.612159375 0.11330625000000001 0.572265625 0.18188437500000001 0.578125 0.18432656249999999 0.621275 0.11115625 0.641228125 0.07030625 0.6328 0.072671875 0.612159375 0.11330625000000001
0 0.6393359375000001 0 0.6192109375 0.0438609375 0.608890625 0.069015625 0.615234375 0.0671390625 0.645184375 0 0.6393359375000001 0
0 0.6099234375 0.08105625 0.6037312499999999 0.08127187500000001 0.5746625 0.1412578125 0.571221875 0.1489984375 0.558646875 0.171696875 0.552646875 0.183828125 0.5585578124999999 0.184271875 0.583090625 0.140828125 0.6099234375 0.08105625
0 0.5689828125 0.2209234375 0.5139265625 0.2264203125 0.40772031249999996 0.2414890625 0.40772031249999996 0.24678125 0.431640625 0.24536093750000001 0.5136000000000001 0.23436093750000003 0.5684953125 0.2278453125 0.5689828125 0.2209234375
0 0.7294359375 0.19287656250000002 0.6345359375 0.2085546875 0.606425 0.21336875000000002 0.5831062499999999 0.2177984375 0.58379375 0.22252968750000002 0.6682812499999999 0.21015625 0.7284375 0.199115625 0.7294359375 0.19287656250000002
0 0.5748484375 0.2414890625 0.573803125 0.23362656249999997 0.5349390625 0.23789687499999998 0.4458375 0.248615625 0.4115109375 0.253375 0.40869687499999996 0.2541125 0.40869687499999996 0.2608328125 0.44439687499999997 0.25711093749999997 0.5748484375 0.2414890625
0 0.6522359375 0.27735468750000003 0.6265625 0.2998046875 0.5951578125 0.32382656249999997 0.58288125 0.331175 0.58296875 0.337890625 0.60234375 0.328125 0.64598125 0.291803125 0.70015625 0.2390625 0.7267 0.20960937500000001 0.7530296875 0.1812484375 0.7531796875000001 0.16851093749999999 0.7210375 0.204253125 0.6522359375 0.27735468750000003
0 0.6575124999999999 0.2934046875 0.63109375 0.3146484375 0.6156578125000001 0.3248953125 0.6068749999999999 0.3306640625 0.5815625 0.3421875 0.5834374999999999 0.3474609375 0.6029687499999999 0.341796875 0.6309375 0.3248046875 0.6506796875 0.309415625 0.6947203125 0.26789375 0.74079375 0.219215625 0.7544609375 0.20106875 0.7497625 0.19146093749999998 0.7395125 0.208540625 0.7006484375 0.24910625 0.6575124999999999 0.2934046875
0 0.6436359375 0.321646875 0.6267625 0.33290000000000003 0.6062624999999999 0.3435734375 0.5814921875 0.3505140625 0.5817187500000001 0.3568359375 0.60970625 0.3506265625 0.6414 0.3334703125 0.6525000000000001 0.3251953125 0.701428125 0.281009375 0.7544609375 0.22402031249999999 0.754034375 0.2080078125 0.7390859375 0.2272203125 0.7000531249999999 0.269615625 0.6690437499999999 0.2998078125 0.6436359375 0.321646875
0 0.93046875 0.2375 0.771209375 0.23235 0.7712109375 0.24017968750000002 0.900625 0.244140625 0.908540625 0.24411875 0.9313953125 0.24372500000000002 0.93046875 0.2375
0 0.50671875 0.44375 0.51671875 0.4447265625 0.5217109375 0.44430312499999997 0.5265718749999999 0.4419890625 0.5314328125000001 0.43851562499999996 0.5353125000000001 0.4333984375 0.54390625 0.4240234375 0.561290625 0.39916874999999996 0.57328125 0.371484375 0.57109375 0.3625 0.56296875 0.3822265625 0.5532812500000001 0.39921875 0.540228125 0.41970937499999994 0.5271874999999999 0.4333984375 0.5203203125 0.43882187500000003 0.514525 0.43967343750000004 0.5077046875 0.43967343750000004 0.50671875 0.44375
0 1 0.24504687500000003 0.9995421875 0.2385796875 0.9378375 0.2328296875 0.8427890625 0.21941562499999998 0.783959375 0.2095953125 0.7716953125 0.21414687500000001 0.8646359374999999 0.22899843749999998 0.9125421875 0.2364234375 0.9497187500000001 0.240975 1 0.24504687500000003
0 0.9998437499999999 0.23828125 1 0.2322265625 0.9204687500000001 0.2236328125 0.82984375 0.210546875 0.79625 0.205859375 0.7854687499999999 0.208984375 0.8057812500000001 0.2126953125 0.8759375 0.2240234375 0.9503125000000001 0.2330078125 0.9998437499999999 0.23828125
0 1 0.22421875 0.9701562499999999 0.2208984375 0.86953125 0.2068359375 0.81484375 0.1984375 0.80109375 0.2025390625 0.85453125 0.2123046875 0.9378125 0.2236328125 1 0.2310546875 1 0.230859375 1 0.22421875
0 0.7575015625 0.37088125 0.75734375 0.3658203125 0.723125 0.3626953125 0.6169749999999999 0.3532515625 0.6004625 0.3534671875 0.600634375 0.3573359375 0.6107828125 0.359271875 0.662384375 0.3788375 0.697128125 0.3880828125 0.711875 0.391796875 0.71875 0.39296875 0.7191453125 0.3863609375 0.69703125 0.381640625 0.6759375000000001 0.3759765625 0.6572234375 0.3695921875 0.62578125 0.3611328125 0.62578125 0.3595703125 0.7151890625 0.36787187499999996 0.7575015625 0.37088125
0 0.5388484375 0.3752640625 0.5515546875 0.3487921875 0.57338125 0.28587656250000004 0.571590625 0.28037812500000003 0.564259375 0.30155468750000003 0.5469937500000001 0.34736875 0.5351015625 0.374040625 0.5274453125 0.3854453125 0.5298890625 0.3882953125 0.5388484375 0.3752640625
0 0.5351015625 0.3388171875 0.5271203125 0.34614687499999997 0.5209296875 0.3508296875 0.5222328125 0.3557171875 0.5326578125 0.3487921875 0.544875 0.334540625 0.56035 0.3035921875 0.57045 0.2836375 0.568125 0.2783203125 0.564259375 0.2864859375 0.5546484375 0.30460937499999996 0.5440609375000001 0.32639687500000003 0.540965625 0.3329125 0.5351015625 0.3388171875
0 0.4857453125 0.37445 0.44388281249999995 0.38096406250000003 0.3795390625 0.38890625 0.37839999999999996 0.3923671875 0.380028125 0.3948109375 0.41993749999999996 0.39033281249999996 0.48688593750000003 0.379946875 0.4857453125 0.37445
0 0.77945 0 0.76170625 0.010975 0.765546875 0.01600625 0.7838390625 0.00274375 0.77945 0
0 0.799021875 0.048246875 0.8738390624999999 0.0967234375 0.8784124999999999 0.0928359375 0.781828125 0.0304125 0.8498765625000001 0.0619671875 0.898534375 0.0811734375 0.90219375 0.07774375 0.775425 0.0221796875 0.7710343749999999 0.0290390625 0.799021875 0.048246875
0 0.9106078125 0.112728125 0.88865625 0.0987796875 0.88316875 0.102896875 0.9064 0.11684375 0.9106078125 0.112728125
0 0.9444484375 0.0944359375 0.9148156249999999 0.08163125 0.9109734375 0.086434375 0.93914375 0.097865625 0.9444484375 0.0944359375
0 0.9411687499999999 0.12958750000000002 0.9242812499999999 0.12098906250000001 0.9197468750000001 0.12392031249999999 0.9358515625000001 0.13252031250000001 0.9411687499999999 0.12958750000000002
0 0.9826062500000001 0.10847812500000001 0.9655609374999999 0.10163906250000002 0.9614953125 0.1053515625 0.9774453125000001 0.11219375000000001 0.9826062500000001 0.10847812500000001
0 1 0.16105624999999998 0.9538343749999999 0.136234375 0.9496125 0.1403375 0.9993375 0.1673125 1 0.16105624999999998
0 0.6177828125 0.2295390625 0.5839015625 0.23312499999999997 0.58321875 0.23867031249999998 0.6173093749999999 0.23466562500000002 0.6177828125 0.2295390625
0 0.6534359375000001 0.22993281250000003 0.7009203125 0.22421562499999997 0.7007625 0.21829843750000003 0.6332421874999999 0.22638281249999997 0.62819375 0.23387656250000002 0.6908234375 0.23565156250000002 0.6916125 0.230328125 0.6534359375000001 0.22993281250000003
0 0.54578125 0.22265625 0.5515625 0.2015625 0.54765625 0.2005859375 0.5403125 0.2232421875 0.54578125 0.22265625
0 0.5628124999999999 0.2208984375 0.5684375 0.2017578125 0.56359375 0.2013671875 0.55796875 0.2208984375 0.5628124999999999 0.2208984375
0 0.52296875 0.28671875 0.51390625 0.3140625 0.5081249999999999 0.3267578125 0.5035937500000001 0.336328125 0.49749999999999994 0.35 0.50125 0.3505859375 0.50578125 0.3419921875 0.509375 0.334375 0.5146875 0.3240234375 0.52140625 0.3072265625 0.5290625 0.284375 0.5403125 0.245703125 0.53515625 0.245703125 0.52296875 0.28671875
0 0.5246875 0.31484375 0.5196875000000001 0.3271484375 0.5084375 0.346484375 0.5114062500000001 0.35 0.5203125 0.3361328125 0.5278125 0.3208984375 0.53859375 0.2939453125 0.5503125 0.258984375 0.55546875 0.2439453125 0.5496875 0.2439453125 0.54234375 0.2662109375 0.5376562500000001 0.2818359375 0.5309375000000001 0.3005859375 0.5246875 0.31484375
0 0.5689062500000001 0.3552734375 0.55515625 0.37578125 0.55859375 0.37890625 0.57203125 0.3583984375 0.5689062500000001 0.3552734375