1 0.19161250000000002 0.1564671875 0.212890625 0.15747031250000001 0.212853125 0.1846265625 0.215684375 0.195584375 0.192815625 0.19528281249999999 0.192815625 0.2058140625 0.216796875 0.20629843750000001 0.21484375 0.3894046875 0.22372968750000002 0.392725 0.2265625 0.20874062499999999 0.251953125 0.20629843750000001 0.2509765625 0.2001953125 0.228515625 0.19653281250000001 0.228515625 0.16967812499999999 0.23133125 0.15887500000000002 0.25636562500000004 0.1585734375 0.25564375 0.1366078125 0.1906484375 0.13600625 0.19161250000000002 0.1564671875
1 0.2929640625 0.212928125 0.2802734375 0.21240312499999997 0.2681390625 0.21319531249999998 0.2568359375 0.21240312499999997 0.251234375 0.21212499999999998 0.25080625 0.23085 0.267578125 0.23315468749999999 0.267578125 0.24536093750000001 0.2548828125 0.24658281249999997 0.25390625 0.25024375 0.2568359375 0.25390625 0.267578125 0.2551265625 0.265625 0.3820796875 0.2730609375 0.38439375 0.2734375 0.3430171875 0.2734375 0.25756875 0.2773421875 0.25519375 0.2878265625 0.25385625 0.288040625 0.246365625 0.27584375 0.24582968749999998 0.275390625 0.22582968750000001 0.289753125 0.2249640625 0.2925359375 0.2220234375 0.2929640625 0.212928125
1 0.302734375 0.3894046875 0.3046875 0.3869625 0.3046875 0.3625484375 0.304090625 0.35924999999999996 0.3046875 0.355225 0.304596875 0.26916406249999997 0.2998046875 0.2685546875 0.2959828125 0.27014218749999996 0.296875 0.3869625 0.2998046875 0.390625 0.302734375 0.3894046875
0 0 0.1054109375 0.01588125 0.12035625000000001 0.032759375 0.1365625 0.054703125 0.15635156249999999 0.0952921875 0.1898375 0.11453125 0.205859375 0.1440625 0.228125 0.16796875 0.2453125 0.17301093750000002 0.24138281250000002 0.1238 0.2057 0.06354531249999999 0.1566484375 0.0131640625 0.11076250000000001 0 0.09646875 0 0.1054109375
0 0 0.1325390625 0.02975 0.15399218750000002 0.0726578125 0.1899890625 0.1113703125 0.22312343750000002 0.13673437500000002 0.24124062500000001 0.14092968749999998 0.2386171875 0.11018125000000001 0.2146546875 0.06725 0.1780515625 0.032259375 0.1485828125 0 0.12128593750000001 0 0.1325390625
0 0 0.0718625 0.02124375 0.0630140625 0.044340625 0.05774375 0.0415625 0.0533203125 0.0180390625 0.057954687500000004 0 0.0665953125 0 0.07165468750000001 0 0.0718625
0 1 0.0030921875000000003 0.9586218750000001 0 0.955325 0.0012890624999999998 1 0.0090171875 1 0.0085015625 1 0.0030921875000000003
0 1 0.0232546875 0.9172921875 0.0069765625 0.8748250000000001 0 0.8253203125 0.0009109375 0.875553125 0.011528125 0.94665625 0.0245703125 1 0.034521875 1 0.0232546875
0 0.83625 0.1330078125 0.8403124999999999 0.134375 0.8678953125 0.140959375 0.8894296875000001 0.144125 0.9052640625 0.14676406250000001 0.9056859375 0.141221875 0.87000625 0.1348890625 0.8248265625 0.12275 0.770990625 0.103484375 0.7148828125 0.08128125 0.6223859375 0.041696875 0.5358265624999999 0 0.5304234375 0.0035453125000000003 0.5632937499999999 0.020021875 0.5893375 0.032759375 0.6239609374999999 0.0480640625 0.687059375 0.07577500000000001 0.7367890625 0.09556875000000001 0.7779578125 0.1127203125 0.8134265624999999 0.125653125 0.83625 0.1330078125
0 0.48698125000000003 0.009270312499999999 0.47062968749999995 0 0.46111250000000004 0.0013375 0.4825875 0.013539062499999999 0.523746875 0.0367234375 0.566696875 0.05990625000000001 0.6115999999999999 0.0821734375 0.661996875 0.1077984375 0.709584375 0.1282359375 0.7340625000000001 0.138490625 0.7746875 0.1525390625 0.8104453125 0.16411562500000001 0.83921875 0.1708984375 0.8678125 0.175 0.86796875 0.1701171875 0.8478671875 0.166671875 0.8085515624999999 0.157165625 0.7856734375000001 0.148890625 0.7228109375 0.1264671875 0.660021875 0.10064999999999999 0.6058265625 0.073328125 0.5423765625 0.0403828125 0.48698125000000003 0.009270312499999999
0 0 0.0314 0.054060937499999996 0.061182812499999996 0.126896875 0.095815625 0.16827187500000002 0.11359375000000001 0.21223125 0.131834375 0.22626875000000002 0.1371421875 0.228484375 0.13668125 0.23402656249999998 0.1336796875 0.161621875 0.1041265625 0.09586249999999999 0.0748046875 0.0478390625 0.05125625 0 0.025396875000000003 0 0.0314
0 0.57106875 0.23210156249999997 0.6083859375 0.236625 0.6617609375 0.24001718749999998 0.662665625 0.234646875 0.603034375 0.2301078125 0.5519171875 0.22263281250000003 0.4837625 0.2104890625 0.4028484375 0.1909765625 0.3539234375 0.17600625 0.2855921875 0.153109375 0.255028125 0.14219375 0.255771875 0.1483796875 0.2820640625 0.1582875 0.3313625 0.175203125 0.368546875 0.188 0.404734375 0.1978953125 0.446459375 0.2077890625 0.49056249999999996 0.2188140625 0.54211875 0.227296875 0.57106875 0.23210156249999997
0 0.82273125 0.1844359375 0.770734375 0.1804765625 0.7723890625000001 0.1858296875 0.815909375 0.189459375 0.8734109374999999 0.1913625 0.8736750000000001 0.185425 0.82273125 0.1844359375
0 0.8522828125 0.208246875 0.78726875 0.21154687499999997 0.787675 0.21637343750000002 0.8524859375 0.21307031250000003 0.8522828125 0.208246875
0 0 0.016743749999999998 0.0165046875 0.025415624999999997 0.06889062500000001 0.0487375 0.1143390625 0.067575 0.1679203125 0.0864125 0.2740328125 0.124984375 0.3481859375 0.14681093750000002 0.4268078125 0.16680625 0.5064625 0.1850453125 0.5639734375 0.19580781249999998 0.61946875 0.20448125 0.6771171875 0.210759375 0.733090625 0.21375000000000002 0.73285 0.208665625 0.6914687500000001 0.206275 0.6139671875 0.19730468750000002 0.529528125 0.18355 0.446525 0.1653109375 0.38673125 0.150784375 0.2987046875 0.1256703125 0.2601984375 0.11340937499999999 0.168584375 0.08171406249999999 0.06039218750000001 0.039075 0 0.011960937500000001 0 0.016743749999999998
0 0.2654109375 0.07974375 0.17575625 0.05396093749999999 0.10558281249999998 0.0332265625 0.0406703125 0.01260625 0.0025203125 0 0.0005046875 0.0010500000000000002 0 0.0026578125 0.006890625 0.0060921875 0.0461453125 0.0191390625 0.10207187499999999 0.03668125 0.1614265625 0.055820312500000004 0.25265312500000003 0.0821375 0.3402640625 0.1039328125 0.36514375 0.10925 0.36493125000000004 0.10499687499999999 0.32856874999999997 0.095959375 0.2654109375 0.07974375
0 0.06999999999999999 0 0.089790625 0.010009375 0.13828125 0.028125 0.18831562500000001 0.0458046875 0.2455875 0.06582656249999999 0.31377968749999996 0.0897890625 0.42297031250000006 0.1242046875 0.47441562499999995 0.1384671875 0.6147390625 0.1740171875 0.6855671875 0.188365625 0.7168609375 0.19281718750000001 0.736165625 0.1939125 0.7351125 0.18930625 0.7052796875 0.1866734375 0.646315625 0.17570468749999998 0.54640625 0.151953125 0.5589234375000001 0.15376875 0.6084109375 0.16254531249999998 0.6533359375 0.17044062499999998 0.7077359375000001 0.17811875 0.7423062500000001 0.18294531249999998 0.7417812500000001 0.17724062499999998 0.6900125 0.170659375 0.5733140624999999 0.1515765625 0.5324921875 0.14509375 0.47423125 0.13105625 0.4413578125 0.12359843749999999 0.343984375 0.09314375 0.2533578125 0.0626546875 0.1536453125 0.027337499999999997 0.0797921875 0 0.06999999999999999 0