1 0.9409609375000001 0 0.9563171875 0.423959375 0.955078125 0.5285640625 0.9580078125 0.53466875 0.9836828125 0.530740625 0.984375 0.4113765625 0.9655890625 0.0107078125 0.9652593749999999 0 0.9409609375000001 0
0 1 0.00234375 0.9707812499999999 0.0001953125 0.9653124999999999 0.0099609375 0.9675 0.015234375 0.97484375 0.0052734375 1 0.008984375 1 0.00234375
0 1 0.0560546875 0.9689062500000001 0.0533203125 0.96875 0.0587890625 0.976875 0.0595703125 0.98140625 0.0677734375 1 0.0705078125 1 0.0560546875
0 0.3246875 0.070703125 0.33647343749999997 0.0615171875 0.3300546875 0.05861875 0.2583734375 0.10921406250000001 0.2610484375 0.1145640625 0.3246875 0.070703125
0 0.2978125 0.1177734375 0.32578125 0.1009765625 0.364825 0.0751125 0.3821875 0.06171875 0.37625000000000003 0.0591796875 0.3453890625 0.080240625 0.3009890625 0.10899218749999999 0.2710328125 0.12682500000000002 0.272815625 0.1308359375 0.2978125 0.1177734375
0 0.3259375 0.122265625 0.34562499999999996 0.1123046875 0.3964078125 0.0860359375 0.43296875 0.0623046875 0.42625 0.0603515625 0.39859374999999997 0.076953125 0.351875 0.1015625 0.29375 0.1287109375 0.29530625 0.134625 0.3259375 0.122265625
0 0.403125 0 0.3446875 0.048046875 0.3515625 0.0501953125 0.41187500000000005 0 0.403125 0
0 0.4525 0 0.39015625 0.0486328125 0.39890625 0.049609375 0.4290625 0.0267578125 0.46281249999999996 0 0.4525 0
0 0.51484375 0 0.44421875 0.0490234375 0.45125000000000004 0.0517578125 0.52453125 0 0.51484375 0
0 0 0.049275 0.22157812500000001 0.054960937499999994 0.221628125 0.0478984375 0 0.0411515625 0 0.049275
0 0.9427687499999999 0.051960937500000005 0.860284375 0.05250625 0.7640625 0.0541015625 0.6319375 0.054137500000000005 0.353315625 0.050056250000000004 0.2318921875 0.04896875 0.23036875 0.055770312499999995 0.4218828125 0.0594515625 0.6508796875 0.062096874999999996 0.8894484374999999 0.0614828125 0.8979359375 0.06964375 0.9003296875 0.0701890625 0.9275343749999999 0.0704609375 0.9323234375 0.06746875 0.9392875 0.060939062499999995 0.943421875 0.05713125 0.9427687499999999 0.051960937500000005