1 0.6715515625 0.2708375 0.6629984375 0.272421875 0.66268125 0.293803125 0.6712328125 0.2957390625 0.6744015625 0.4557515625 0.6810546875 0.45693906249999994 0.6785203125 0.2969703125 0.67661875 0.22134218749999998 0.6826375 0.22094687500000001 0.6835875 0.2169859375 0.6687000000000001 0.206296875 0.667115625 0.20906875 0.6720312500000001 0.21878906250000002 0.6715515625 0.2708375
1 0.8045937500000001 0.383290625 0.8039609375 0.3040984375 0.83056875 0.3052875 0.8308859375000001 0.2957828125 0.7703828125000001 0.2965765625 0.7703828125000001 0.30489062499999997 0.7963578124999999 0.30330625 0.7960406250000001 0.383290625 0.8045937500000001 0.383290625
1 0.518809375 0.3433703125 0.519846875 0.411146875 0.52294375 0.411146875 0.5247765625 0.343603125 0.5336453125 0.342503125 0.534771875 0.3365203125 0.5156390625 0.33637656250000003 0.5142140625 0.33440781249999996 0.50780625 0.334978125 0.50858125 0.3418 0.518809375 0.3433703125
1 0.133278125 0.22286875 0.13535 0.232125 0.148678125 0.235828125 0.1376109375 0.2422921875 0.13851875 0.2507953125 0.14894687499999998 0.2530625 0.1531203125 0.4827609375 0.15815625 0.483871875 0.15824218750000002 0.2743171875 0.15824218750000002 0.254478125 0.16526875000000002 0.25249375 0.1666296875 0.24399375 0.1572671875 0.2339765625 0.173853125 0.2306453125 0.17415 0.2225 0.133278125 0.22286875
0 0.865090625 0.31288125 0.8331250000000001 0.3111328125 0.8327546874999999 0.316125 0.8654890625 0.3176234375 0.865090625 0.31288125
0 0.795628125 0.3490609375 0.738540625 0.3470640625 0.738340625 0.35255312499999997 0.795628125 0.3543 0.795628125 0.3490609375
0 0.79640625 0.34296875 0.7392953125 0.337334375 0.73843125 0.3422734375 0.7963828125 0.3475625 0.79640625 0.34296875
0 0.1401046875 0.2473953125 0.091815625 0.269215625 0.09227031249999999 0.2777171875 0.1421453125 0.2550453125 0.1401046875 0.2473953125
0 0.1311953125 0.22455468750000002 0.106196875 0.21147343749999997 0.104453125 0.21752968749999999 0.1308078125 0.2306109375 0.1311953125 0.22455468750000002
0 0.13487812500000002 0.2184984375 0.106196875 0.20032968750000002 0.10387187499999999 0.20614531249999998 0.132553125 0.2235859375 0.13487812500000002 0.2184984375
0 0.199396875 0.2806453125 0.1760296875 0.25703437500000004 0.1738875 0.262390625 0.1951125 0.283321875 0.199396875 0.2806453125
0 0.2066015625 0.27748125 0.17700312499999998 0.24729843749999997 0.17505625 0.252165625 0.2027078125 0.28137500000000004 0.2066015625 0.27748125
0 0.214390625 0.275046875 0.17875625 0.23293750000000002 0.1748609375 0.23756249999999998 0.21127500000000002 0.2801578125 0.214390625 0.275046875
0 0.543734375 0.3195796875 0.44438281249999995 0.3255109375 0.443728125 0.330421875 0.5440625 0.32449062500000003 0.543734375 0.3195796875
0 0.41515625 0.230078125 0.34265625 0.2345703125 0.2810734375 0.2369703125 0.1854625 0.239565625 0.189121875 0.244428125 0.333103125 0.2395640625 0.415996875 0.23502499999999998 0.41515625 0.230078125
0 0.47946718749999995 0.23588125 0.43987968750000006 0.237775 0.29638749999999997 0.2449046875 0.19490625 0.24858281249999997 0.1970265625 0.2529515625 0.31062500000000004 0.2494140625 0.479984375 0.24122499999999997 0.47946718749999995 0.23588125
0 0.535396875 0.265571875 0.5349999999999999 0.2609375 0.3670921875 0.2631421875 0.20203125000000002 0.2552734375 0.2020375 0.2607140625 0.3502109375 0.2677796875 0.5133671875 0.2660140625 0.535396875 0.265571875
0 0.47035 0.2756296875 0.4007625 0.2806078125 0.332221875 0.28034375 0.3320125 0.286109375 0.3967796875 0.289515625 0.415015625 0.2978984375 0.5087078125 0.3096890625 0.5095468750000001 0.303925 0.44792343749999997 0.2963265625 0.40998437499999996 0.288728125 0.41019375 0.2847984375 0.4864890625 0.28086875 0.5137375 0.2790359375 0.513528125 0.276675 0.5128999999999999 0.272484375 0.47035 0.2756296875
0 0.13895625 0.21017812500000002 0.11328125 0.1912109375 0.109584375 0.196290625 0.1361328125 0.2155890625 0.13895625 0.21017812500000002