0 0.16636718749999999 0.2483171875 0.09685468750000001 0.23719687500000003 0.10015 0.24296250000000003 0.16472031250000002 0.2532578125 0.16636718749999999 0.2483171875
0 0.0566640625 0.18736875 0.0009890625 0.1733671875 0 0.1807796875 0.055017187499999995 0.193546875 0.0566640625 0.18736875
0 0.24017968750000002 0.22690312499999998 0.08445312499999999 0.1927234375 0.085984375 0.200959375 0.17394375 0.218665625 0.2563046875 0.23596093749999997 0.35941875 0.2553171875 0.426078125 0.2668453125 0.5387453125 0.2849640625 0.5758421874999999 0.289496875 0.5751828125 0.2841421875 0.5142375 0.27590625 0.3659890625 0.251196875 0.24017968750000002 0.22690312499999998
0 0.1930515625 0.19848749999999998 0.1946984375 0.1918984375 0.12815156249999998 0.1758375 0.0046125 0.1470125 0.0026359375000000003 0.15154218749999998 0.044803125 0.163071875 0.16076718750000002 0.1914859375 0.1930515625 0.19848749999999998
0 0.10179687500000001 0.095125 0.21743125000000002 0.124775 0.33042812499999996 0.15277812500000001 0.3314171875 0.1470125 0.281671875 0.13342343750000002 0.1765796875 0.1078921875 0.038215624999999996 0.0712421875 0.0003296875 0.06176875 0.0003296875 0.068359375 0.10179687500000001 0.095125
0 0.3676546875 0.071653125 0.402246875 0.0815375 0.4062 0.074946875 0.30934375 0.0469453125 0.20260625000000002 0.014825 0.1492359375 0 0.1357296875 0.0016468750000000001 0.185475 0.01770625 0.23357343749999998 0.03253125 0.30209687500000004 0.0527109375 0.3676546875 0.071653125
0 0.28793125 0.2730234375 0.351228125 0.2795625 0.3525296875 0.27468125 0.28535625 0.2671953125 0.28457499999999997 0.272728125 0.28793125 0.2730234375
0 0.4991125 0.288675 0.41293281249999997 0.281515625 0.4124125 0.2873734375 0.4991125 0.29355625 0.4991125 0.288675
0 0.42360781249999996 0.2427875 0.42022343749999996 0.2489703125 0.4853140625 0.2626390625 0.5327 0.272728125 0.533740625 0.2671953125 0.48505312500000003 0.2564546875 0.42360781249999996 0.2427875
0 0.49000000000000005 0.18453124999999998 0.41085000000000005 0.16598125 0.408246875 0.1718375 0.4433953125 0.179975 0.5004140625 0.1936453125 0.541290625 0.20308125000000002 0.5428531249999999 0.1968984375 0.49000000000000005 0.18453124999999998
0 0.6640109375 0.293990625 0.642571875 0.29355625 0.6436124999999999 0.2974625 0.6644421875 0.29778906250000003 0.6640109375 0.293990625
0 0.7865703125 0.2237078125 0.7441453124999999 0.1941421875 0.7426828125 0.1996296875 0.782425 0.2270578125 0.7865703125 0.2237078125
0 0.7419515624999999 0.156046875 0.7409749999999999 0.162446875 0.7757484375 0.19012656249999998 0.8036375 0.2099921875 0.8058328124999999 0.205725 0.7851078125 0.19018125 0.7419515624999999 0.156046875
0 0.7846203125 0.17738125 0.8034546875 0.18990625 0.80193125 0.1828671875 0.74170625 0.1356265625 0.7404875 0.1429421875 0.7846203125 0.17738125
0 0.7263531249999999 0.1297828125 0.7122640625 0.127075 0.7122640625 0.13303437499999998 0.7274359375 0.13574375 0.7263531249999999 0.1297828125
0 0.7033765625 0.1628375 0.6947062500000001 0.15633593750000002 0.6892875 0.158775 0.703159375 0.1682578125 0.7033765625 0.1628375
0 0.644390625 0.144190625 0.6724640625 0.1502515625 0.6729734374999999 0.144828125 0.6257609375000001 0.13334375 0.51270625 0.10559218749999999 0.42899843750000005 0.0829421875 0.4284875 0.0880453125 0.474425 0.10080625000000001 0.56425625 0.1244125 0.6175953125 0.1374921875 0.644390625 0.144190625
0 0.23029687499999998 0 0.22315000000000002 0.0009578125 0.2795671875 0.0185015625 0.37353281250000003 0.0479015625 0.3998453125 0.055507812499999996 0.47646718750000006 0.07943125 0.56604375 0.10495312500000001 0.624740625 0.1196265625 0.65740625 0.12792187500000002 0.7030875 0.13972500000000002 0.7035015625 0.135890625 0.7021765624999999 0.1339828125 0.5826796875 0.1027203125 0.47800937499999996 0.0731125 0.38954374999999997 0.04625625 0.2792953125 0.0124421875 0.23871875 0 0.23029687499999998 0
0 0.2421140625 0 0.301278125 0.018701562499999998 0.3247796875 0.0256265625 0.3967953125 0.047790624999999996 0.49112343750000004 0.0751 0.548115625 0.091128125 0.629803125 0.11428125 0.6651859375 0.1231859375 0.6884578125 0.12763906249999998 0.70223125 0.1309046875 0.70199375 0.1246703125 0.630990625 0.106859375 0.5072296875 0.07361562499999999 0.337915625 0.0240421875 0.2590765625 0 0.2421140625 0