1 0.7989124999999999 0.14571875 0.8079218750000001 0.14459375000000002 0.8135078124999999 0.141890625 0.8113453125 0.1360359375 0.8014359375 0.13333124999999998 0.78431875 0.1391875 0.78515625 0.10131874999999999 0.802696875 0.09369374999999999 0.8133265625 0.0941421875 0.8145890625 0.0867109375 0.7998046875 0.0830078125 0.7472015625 0.0896390625 0.75 0.16235312500000001 0.7508046875 0.1876109375 0.751953125 0.22338906249999999 0.755853125 0.25417968750000003 0.776434375 0.2563796875 0.775390625 0.29663125 0.775390625 0.3234859375 0.786840625 0.32139375000000003 0.78515625 0.20874062499999999 0.7909843750000001 0.199096875 0.8088234375000001 0.1959453125 0.8151296875 0.19481874999999998 0.81476875 0.1894125 0.8056640625 0.185546875 0.785759375 0.191665625 0.78515625 0.15502968749999999 0.787021875 0.149321875 0.7989124999999999 0.14571875
1 0.9667187500000001 0 0.9661421875 0.036765625 0.92726875 0.03698125 0.92726875 0.0468703125 0.965625 0.050525 0.965625 0.0986875 0.9542734375 0.0989015625 0.9374171875 0.098040625 0.92726875 0.09825625 0.9270968749999999 0.1029859375 0.92726875 0.10943750000000001 0.9657984374999999 0.111803125 0.964421875 0.144696875 0.9214203124999999 0.1449125 0.9198734375000001 0.1492125 0.9207328125 0.15609375 0.9651093749999999 0.1612546875 0.9637343749999999 0.1935046875 0.962890625 0.20874062499999999 0.96 0.464453125 0.96875 0.4650875 0.978125 0.4634765625 0.9775 0.43984375 0.9775 0.4345703125 0.9775 0.42734375 0.9780093750000001 0.21478906250000002 0.97953125 0.1984375 0.9793749999999999 0.190625 0.978125 0.1603515625 1 0.1609375 1 0.1484375 0.9785937499999999 0.149609375 0.9795578125000001 0.11416718749999999 1 0.1142578125 1 0.10234375 0.9796875 0.10078125 0.97875 0.051171875 1 0.0494140625 1 0.0392578125 0.97828125 0.037109375 0.97890625 0 0.9667187500000001 0
1 0.464375 0.3076171875 0.44921875 0.3068359375 0.44875 0.3126953125 0.45265625 0.3169921875 0.45284375 0.3210453125 0.44125 0.3220703125 0.44203125 0.3326171875 0.44484375 0.3390625 0.45437500000000003 0.34140625 0.45187499999999997 0.4322265625 0.45796875000000004 0.43046875 0.46125 0.3400390625 0.47140624999999997 0.338671875 0.47406249999999994 0.3291015625 0.4734375 0.3234375 0.4725 0.321875 0.4616328125 0.322265625 0.46171875 0.3177734375 0.4659375 0.314453125 0.46640625 0.3119140625 0.464375 0.3076171875
1 0.53609375 0.4404296875 0.5434375 0.441015625 0.54296875 0.4650875 0.548828125 0.4650875 0.54984375 0.3708984375 0.55 0.348828125 0.56015625 0.346484375 0.5599999999999999 0.3416015625 0.5310937499999999 0.3421875 0.5321875 0.3474609375 0.54375 0.348828125 0.5431250000000001 0.43203125 0.53609375 0.432421875 0.53609375 0.4404296875
0 0.51828125 0.36796875 0.48109375 0.3669921875 0.48125 0.3720703125 0.5120312499999999 0.37265625 0.5181250000000001 0.37265625 0.51828125 0.36796875
0 0.5298437500000001 0.343359375 0.48234374999999996 0.3419921875 0.48203125 0.3484375 0.5298437500000001 0.3494140625 0.5298437500000001 0.343359375
0 0.8701625 0.00255625 0.8637109374999999 0.000196875 0.83884375 0.036984375 0.8023312499999999 0.0788859375 0.80658125 0.083609375 0.815709375 0.07455937500000001 0.8476578124999999 0.0358046875 0.8701625 0.00255625
0 0.86654375 0.09285625 0.8146078125 0.0879375 0.8141359375 0.0934453125 0.8652843750000001 0.0983640625 0.86654375 0.09285625
0 0.8023312499999999 0.13298749999999998 0.806265625 0.13633125 0.82310625 0.11823281249999999 0.8407328125 0.09659375 0.8336499999999999 0.09580625000000001 0.8158671875 0.1176421875 0.8023312499999999 0.13298749999999998
0 0.89691875 0 0.8807078125000001 0.0255734375 0.8641828125 0.051935937499999994 0.839315625 0.0899046875 0.8456109375 0.090690625 0.8569437499999999 0.0735765625 0.8803921875 0.0391484375 0.9024265625 0.0003921875 0.89691875 0
0 0.9263484375000001 0.0983640625 0.8770875 0.0942328125 0.8742546875 0.100528125 0.925246875 0.105053125 0.9263484375000001 0.0983640625
0 0.92611875 0.19684531249999998 0.81783125 0.1903140625 0.8176515625 0.1959453125 0.9257593749999999 0.203153125 0.92611875 0.19684531249999998
0 0.8190937500000001 0.1664375 0.8035984375 0.1828796875 0.8072015625000001 0.187159375 0.8232375 0.1711703125 0.84431875 0.14436875 0.8639578125 0.11328750000000001 0.8906234375000001 0.07184531250000001 0.9326062500000001 0.00021718750000000001 0.9253984375 0 0.8918859375 0.057874999999999996 0.8522453125 0.120265625 0.8309843750000001 0.1517984375 0.8190937500000001 0.1664375
0 0.8025 0.209375 0.79875 0.209765625 0.79015625 0.2025390625 0.7865624999999999 0.2072265625 0.79078125 0.21015625 0.79484375 0.21328125 0.7975 0.215625 0.8051562499999999 0.2154296875 0.80828125 0.2111328125 0.8123437499999999 0.2064453125 0.8153124999999999 0.2001953125 0.80984375 0.1990234375 0.8048437500000001 0.2078125 0.8025 0.209375
0 0.9298437500000001 0.25234375 0.9207812499999999 0.2814453125 0.9262499999999999 0.282421875 0.93421875 0.254296875 0.9298437500000001 0.25234375
0 0.93046875 0.2423828125 0.889375 0.268359375 0.8921875 0.274609375 0.9328125 0.2478515625 0.93046875 0.2423828125
0 0.9109375 0.255078125 0.9223437499999999 0.203125 0.9175000000000001 0.202734375 0.905 0.2576171875 0.9109375 0.255078125
0 0.92890625 0.1951171875 0.9140625 0.24921875 0.91953125 0.25 0.93390625 0.1970703125 0.92890625 0.1951171875
0 0.9446875 0.1978515625 0.938125 0.2232421875 0.94359375 0.223828125 0.94921875 0.2 0.9446875 0.1978515625
0 0.938965625 0 0.9391375 0.03590625 0.9444687500000001 0.0361203125 0.9448140625000001 0 0.938965625 0
0 0.965453125 0.0223609375 0.9496296875000001 0.030315625000000002 0.95135 0.03590625 0.9663140625000001 0.027735937500000002 0.965453125 0.0223609375
0 0.944125 0.0978265625 0.9455015625 0.0492359375 0.939309375 0.04880625 0.938965625 0.0978265625 0.944125 0.0978265625
0 0.9264093750000001 0.11997187499999999 0.9231406249999999 0.124703125 0.9217656249999999 0.12943125 0.9207328125 0.1451265625 0.9253765625 0.1455578125 0.926065625 0.1345921875 0.9283015625000001 0.127928125 0.9322578125 0.12233750000000002 0.9384484375 0.11975781249999999 0.9367296875 0.11223281249999999 0.9334609374999999 0.1126625 0.9301937499999999 0.1143828125 0.9264093750000001 0.11997187499999999
0 0.9370734374999999 0.12126250000000001 0.9339765625 0.124703125 0.9319124999999999 0.1298625 0.93156875 0.1449125 0.9367296875 0.1457734375 0.9379328125 0.1322265625 0.9391375 0.1290015625 0.9434374999999999 0.12706718749999998 0.9499734375 0.125346875 0.9499734375 0.11889687499999999 0.94705 0.11889687499999999 0.9410296875 0.11975781249999999 0.9370734374999999 0.12126250000000001
0 0.9405125 0.1707125 0.9384484375 0.15609375 0.93449375 0.1567390625 0.93449375 0.16318749999999999 0.9355249999999999 0.17114218750000001 0.9365578125 0.17458437499999999 0.93948125 0.1810328125 0.943609375 0.1885578125 0.9375890625000001 0.18748437499999998 0.9350093749999999 0.1857640625 0.9332890624999999 0.1836140625 0.930709375 0.1771640625 0.9277843750000001 0.1696390625 0.9276125000000001 0.1563078125 0.922453125 0.15609375 0.922453125 0.1651234375 0.9240015625 0.1702828125 0.9255484375 0.1760875 0.9296765625000001 0.1872671875 0.9339765625 0.1930734375 0.9412015625000001 0.194578125 0.9510046875 0.1971578125 0.9623578125 0.20618906250000002 0.9633890624999999 0.1986640625 0.9532421875000001 0.1896328125 0.9494578125 0.18296874999999999 0.9515218750000001 0.1597484375 0.9456734375 0.15867343750000001 0.9449859375 0.180603125 0.943609375 0.18232500000000001 0.942921875 0.179959375 0.9405125 0.1707125
0 1 0.1606078125 0.9969296875 0.1606078125 0.9956250000000001 0.1751953125 0.9910828125 0.1842578125 0.984996875 0.1887484375 0.9879859375000001 0.163403125 0.9840296875 0.163403125 0.9802453124999999 0.1855484375 0.9795578125000001 0.1889890625 0.9795578125000001 0.20059999999999997 0.9917703124999999 0.1917828125 0.9969296875 0.1842578125 1 0.1739375 1 0.1606078125
0 0.946184375 0.0929046875 0.9502859375 0.09310937500000001 0.9529109375000001 0.081009375 0.95546875 0.0744140625 0.9570125 0.061320312499999995 0.9570125 0.052296875 0.9527468750000001 0.0525015625 0.9509421874999999 0.0684984375 0.9497937500000001 0.07403593750000001 0.946184375 0.0929046875
0 0.7767859374999999 0.2897984375 0.76376875 0.26583125 0.7630656250000001 0.25461875 0.759371875 0.2543984375 0.7604265625 0.2704515625 0.7627140625 0.2744078125 0.7697499999999999 0.28738125000000003 0.775378125 0.2977140625 0.7767859374999999 0.2897984375
0 0.77453125 0.2435546875 0.77453125 0.2357421875 0.76328125 0.2134765625 0.76296875 0.201953125 0.75890625 0.2013671875 0.7592187499999999 0.2125 0.7609375 0.2166015625 0.76375 0.2236328125 0.77 0.2369140625 0.77453125 0.2435546875
0 0.7746875 0.1830078125 0.76296875 0.1603515625 0.76265625 0.148828125 0.75734375 0.148828125 0.7576562499999999 0.160546875 0.75859375 0.16171875 0.765625 0.1759765625 0.7731250000000001 0.1900390625 0.7746875 0.1830078125
0 0.95609375 0.11484375 0.9529687499999999 0.113671875 0.9478125000000001 0.126171875 0.9473437499999999 0.145703125 0.9515625 0.145703125 0.9520312499999999 0.1265625 0.9528125 0.12265625 0.95609375 0.11484375
0 0.9990625 0.0009765625 0.9793749999999999 0.0111328125 0.98046875 0.017578125 0.9998437499999999 0.005859375 0.9990625 0.0009765625
0 0.9989062499999999 0.0677734375 0.97890625 0.078515625 0.97984375 0.0845703125 1 0.073046875 0.9989062499999999 0.0677734375
0 0.99125 0.071484375 0.99140625 0.052734375 0.98765625 0.052734375 0.9871874999999999 0.073046875 0.99125 0.071484375
0 0.9907812500000001 0.10078125 0.990625 0.0798828125 0.98703125 0.0802734375 0.98703125 0.10078125 0.9907812500000001 0.10078125
0 0.99453125 0.038671875 0.9940625000000001 0.011328125 0.99046875 0.01171875 0.99046875 0.0384765625 0.99453125 0.038671875