0 1 0.216425 0.971746875 0.21525937499999998 0.84756875 0.20976875 0.7731796875 0.20647500000000002 0.7740578124999999 0.2123328125 0.89120625 0.2185546875 1 0.22294687500000002 1 0.216425
0 1 0.20861562500000003 0.919075 0.2043828125 0.7717109375 0.197225 0.77145 0.20308125000000002 0.8919984375000001 0.209265625 1 0.214471875 1 0.20861562500000003
0 1 0.16728125 0.8961640624999999 0.159796875 0.77145 0.15133593750000002 0.7717109375 0.1588203125 0.8394046875000001 0.1630515625 0.9563078125000001 0.1705375 1 0.1733375 1 0.16728125
0 1 0.1067203125 0.9593937499999999 0.10384374999999998 0.81170625 0.0941078125 0.7727640625000001 0.091584375 0.7721875 0.0980734375 0.81500625 0.1007921875 0.9706374999999999 0.1119 1 0.1141796875 1 0.11210781249999999 1 0.1103515625 1 0.1067203125
0 1 0.0930640625 0.899165625 0.0854984375 0.773265625 0.07528281249999999 0.77235625 0.08171406249999999 0.914571875 0.09278906249999999 1 0.0985203125 1 0.0930640625
0 1 0.0794453125 0.9551562499999999 0.076796875 0.7735671875000001 0.060907812500000005 0.7735671875000001 0.0677171875 0.8586109375 0.07490625 0.9599984375 0.08285000000000001 1 0.0847421875 1 0.0794453125
0 0.7397843749999999 0.05767656249999999 0.6386406250000001 0.050420312499999995 0.638334375 0.057295312499999994 0.7415812500000001 0.0647609375 0.7397843749999999 0.05767656249999999
0 0.741921875 0.071809375 0.6401687500000001 0.0645515625 0.6404734375000001 0.0721921875 0.741921875 0.078684375 0.741921875 0.071809375
0 0.7413109375 0.08746875 0.6374171875 0.0809765625 0.6377234374999999 0.086325 0.7413109375 0.09434375 0.7413109375 0.08746875
0 0.725421875 0.1482015625 0.6343625 0.1413265625 0.6351734375 0.1475546875 0.7263390625 0.1539296875 0.725421875 0.1482015625
0 0.2856046875 0.03174375 0.3983890625 0.037292187500000004 0.39802499999999996 0.030470312500000003 0.32125781249999996 0.02683125 0.16990624999999998 0.018192187500000002 0.08971718749999999 0.012939062500000001 0.0877046875 0.0186921875 0.12354687499999999 0.0217984375 0.1671140625 0.02480625 0.2856046875 0.03174375
0 0 0.02551875 0.16167499999999999 0.037146875 0.297171875 0.046875 0.3951671875 0.053507812499999995 0.39622812500000004 0.045990625 0.3517359375 0.043476562499999996 0.310784375 0.041021875 0.1635265625 0.030853125 0 0.01991875 0 0.02551875
0 0 0.0398609375 0.1683453125 0.0523109375 0.28437812500000004 0.061426562500000004 0.38329375 0.06736875 0.3845609375 0.061426562500000004 0.279940625 0.054290625 0 0.0336078125 0 0.0398609375
0 0 0.10850312499999999 0.19895156249999998 0.1199125 0.380359375 0.13017812499999998 0.5199234374999999 0.13832187499999998 0.5199234374999999 0.1324140625 0.3798140625 0.123396875 0.3019734375 0.118978125 0.1504265625 0.1105796875 0 0.1018359375 0 0.10850312499999999
0 0 0.160578125 0.16818906250000001 0.1705875 0.384978125 0.18620468750000002 0.5124859374999999 0.195015625 0.597159375 0.2001203125 0.7409640625 0.2088328125 0.7411171875 0.2034125 0.592175 0.19356562500000002 0.48391875000000006 0.1865171875 0.4859765625 0.18619687499999998 0.7404421875 0.20172500000000002 0.7404421875 0.1963796875 0.5504734375 0.183803125 0.3458359375 0.1725890625 0.15347968750000002 0.1577734375 0.0000296875 0.14456093750000001 0 0.1514671875 0.140025 0.16378125 0 0.15497031249999998 0 0.160578125
0 0.41957187500000004 0.2298265625 0.41609375000000004 0.22890625 0.3543765625 0.2791015625 0.3167203125 0.305959375 0.31727812499999997 0.3117578125 0.3439078125 0.29248281249999997 0.36171875 0.27890625 0.41957187500000004 0.2298265625