1 0.2603609375 0.22030625 0.253978125 0.22288125 0.26708125 0.44207656249999994 0.2674671875 0.46134531250000005 0.2805703125 0.46134531250000005 0.279296875 0.44342812499999995 0.265625 0.2920609375 0.290153125 0.2756953125 0.3119328125 0.27381875 0.312684375 0.26661875 0.308928125 0.263490625 0.2978515625 0.263984375 0.2808890625 0.270375 0.2666015625 0.283515625 0.2603609375 0.22030625
1 0.322265625 0.318603125 0.326953125 0.4230875 0.3347140625 0.42277343749999996 0.330078125 0.3112796875 0.333984375 0.2917484375 0.3452296875 0.2894640625 0.344978125 0.28195312499999997 0.3232421875 0.28076249999999997 0.3031703125 0.28476875 0.3046875 0.2917484375 0.314453125 0.29663125 0.314453125 0.3088375 0.322265625 0.318603125
1 0.380028125 0.37489531249999997 0.376953125 0.357665625 0.348484375 0.3576828125 0.348484375 0.376146875 0.3612515625 0.3773984375 0.36619687500000003 0.452853125 0.373046875 0.45288125 0.36750937499999997 0.376146875 0.380028125 0.37489531249999997
1 0.71484375 0.288671875 0.6988640625 0.0221875 0.6904296875 0.021337500000000002 0.68415625 0.0221875 0.6953125 0.1934578125 0.69921875 0.23984375 0.7014 0.26879375 0.70703125 0.444921875 0.716796875 0.4473640625 0.71484375 0.288671875
0 0 0.16107031249999998 0.0447109375 0.196 0.05123124999999999 0.1928953125 0 0.1517546875 0 0.16107031249999998
0 0 0.13855781250000002 0.06675624999999999 0.190178125 0.069240625 0.1835796875 0 0.12924375 0 0.13855781250000002
0 0 0.0286390625 0.0474765625 0.1066171875 0.05216875 0.10040625 0.0002765625 0.0165625 0 0.0286390625
0 0.1838828125 0 0.2056484375 0.013828125 0.24743906249999997 0.0387953125 0.32241718750000004 0.0783578125 0.3899421875 0.10255624999999999 0.433884375 0.114078125 0.46123281250000003 0.117534375 0.49810625000000003 0.120225 0.538053125 0.11868749999999999 0.5718546875 0.1144625 0.59828125 0.107934375 0.6207125 0.0975625 0.641915625 0.0875765625 0.6575875 0.07720468750000001 0.678175 0.060304687499999995 0.6868171875 0.053256250000000005 0.6847078125 0.0467328125 0.657028125 0.06964843750000001 0.6221593750000001 0.09121718749999999 0.58836875 0.10289999999999999 0.5516015624999999 0.11163281249999998 0.5197078125 0.1136859375 0.45809218749999997 0.10999218749999999 0.3956875 0.096609375 0.3234328125 0.070546875 0.23392343750000003 0.0224671875 0.1965375 0 0.1838828125 0
0 1 0.19236875 0.9374593750000001 0.18714999999999998 0.87336875 0.1792703125 0.7916359374999999 0.16941562500000001 0.7914171875 0.1750015625 0.8510421875 0.18353906250000002 0.9143921875000001 0.191371875 1 0.1989703125 1 0.19236875
0 1 0.113775 0.950521875 0.10504374999999999 0.8469265625 0.083584375 0.73075625 0.057637499999999994 0.7010140625 0.050649999999999994 0.7012140625 0.057137499999999994 0.7407359375 0.06611875 0.8054078125 0.0808390625 0.88245625 0.097309375 0.9617000000000001 0.1120296875 1 0.11876562500000001 1 0.113775
0 1 0.10554062500000001 0.9131953125000001 0.089075 0.76888125 0.058134375 0.7012140625 0.042165625 0.7010140625 0.0481546875 0.746525 0.05938281250000001 0.81239375 0.07385312499999999 0.9167875000000001 0.09506250000000001 1 0.11103125 1 0.10554062500000001
0 0.6998171875 0.039171875 0.74951875 0.051896874999999995 0.84473125 0.07310625 0.95830625 0.0958109375 0.9998234374999999 0.10329531249999999 1 0.09805625 0.95830625 0.0893234375 0.8622953125 0.0706109375 0.7579015625000001 0.0481546875 0.700415625 0.033184375 0.6998171875 0.039171875
0 0.66215625 0.11462187500000001 0.6342859375 0.173884375 0.637709375 0.17765781249999998 0.666015625 0.11813125 0.6871437499999999 0.0753765625 0.6828421875 0.0718140625 0.66215625 0.11462187500000001
0 0.67549375 0.1626953125 0.6271687499999999 0.18056250000000001 0.5616 0.201265625 0.49512343750000004 0.2179984375 0.445890625 0.22849218750000003 0.3729703125 0.24125468749999998 0.3121671875 0.24891093749999998 0.2633875 0.250896875 0.26454218749999997 0.255809375 0.27475312500000004 0.2560921875 0.31150781250000004 0.253821875 0.380759375 0.2453140625 0.4265890625 0.2373734375 0.496909375 0.22319375 0.5813390625 0.2009828125 0.6394203125 0.1822640625 0.6945515624999999 0.1607109375 0.6927375 0.155890625 0.67549375 0.1626953125
0 0.629703125 0.18450625 0.60050625 0.2459 0.604375 0.24655624999999998 0.6213390624999999 0.21433437500000002 0.6347546875 0.184271875 0.629703125 0.18450625
0 0.2921609375 0.343821875 0.2736484375 0.318034375 0.26959218749999997 0.3213421875 0.2882828125 0.346028125 0.2921609375 0.343821875
0 0.3004484375 0.33963437500000004 0.27523437500000003 0.3072359375 0.2724140625 0.31230625 0.2970984375 0.3447046875 0.3004484375 0.33963437500000004
0 0.280171875 0.2713109375 0.273471875 0.2552234375 0.2673 0.256765625 0.274 0.2752796875 0.280171875 0.2713109375
0 0.313671875 0.3231046875 0.31796875 0.3244140625 0.31828124999999996 0.3201171875 0.31684531250000003 0.319359375 0.312790625 0.31715468750000003 0.3067953125 0.312525 0.297275 0.3008453125 0.29075 0.290265625 0.2842265625 0.2803484375 0.2805234375 0.28144843750000004 0.2805234375 0.28585781250000003 0.2833453125 0.295996875 0.2930421875 0.3149515625 0.3013296875 0.3239859375 0.3067953125 0.3283953125 0.31596406250000003 0.3343453125 0.316140625 0.333684375 0.31649375 0.32861562499999997 0.31561249999999996 0.3281734375 0.3120859375 0.32663125000000004 0.30644375 0.3220046875 0.298684375 0.3131875 0.30062500000000003 0.31120312499999997 0.306971875 0.318696875 0.313671875 0.3231046875