1 0.05859375 0 0.0630109375 0.3705734375 0.0630109375 0.4201921875 0.0765625 0.4287109375 0.0828125 0.4208984375 0.084375 0.3935546875 0.0846625 0 0.05859375 0
1 0.5063890625 0.25174375000000004 0.5039265625 0.2576796875 0.4854578125 0.2594390625 0.4833484375 0.2543828125 0.47895000000000004 0.2546015625 0.47807187500000003 0.26823437499999997 0.5 0.2724609375 0.5015625 0.2919921875 0.4762046875 0.296578125 0.47716562500000004 0.3052828125 0.5015625 0.3134765625 0.5046890625 0.510671875 0.51024375 0.509603125 0.509375 0.3115234375 0.5328125 0.3056640625 0.532421875 0.296375 0.5109375 0.2939453125 0.5125 0.2705078125 0.5183500000000001 0.2691125 0.528125 0.2626953125 0.5257375 0.25394218749999997 0.51171875 0.251953125 0.5063890625 0.25174375000000004
0 0.0453125 0 0 0.07532968749999999 0 0.0865234375 0.00484375 0.0787109375 0.0529421875 0 0.0453125 0
0 0.324240625 0 0.3979640625 0.11897031250000001 0.44086875000000003 0.1803046875 0.45911406250000003 0.20249531250000002 0.46995156250000003 0.215775 0.4910421875 0.23660312499999997 0.500984375 0.24507343750000002 0.5063203125 0.2486171875 0.512821875 0.2511171875 0.5156562499999999 0.2490328125 0.5121875 0.24609375 0.4939046875 0.2297703125 0.47281562499999996 0.2069859375 0.4613609375 0.19266875 0.4430875 0.169209375 0.43125156249999996 0.15225781249999998 0.4036359375 0.11311249999999999 0.3326234375 0 0.324240625 0
1 0.4321359375 0.36686562500000003 0.43653437500000003 0.36744374999999996 0.43796875 0.347265625 0.44796874999999997 0.347265625 0.44875 0.3427734375 0.434375 0.341796875 0.4248046875 0.3411359375 0.42437500000000006 0.3474609375 0.4334375 0.3482421875 0.433103125 0.35488906249999996 0.4325 0.3611328125 0.4321359375 0.36686562500000003
0 0.21870781250000002 0 0.21624218750000002 0.0009234375 0.2823234375 0.087840625 0.39033281249999996 0.222290625 0.4266296875 0.257578125 0.473809375 0.2965484375 0.47807187500000003 0.291571875 0.432978125 0.25272656250000003 0.4190078125 0.2391421875 0.39825 0.2185453125 0.3507203125 0.163578125 0.3948265625 0.2065078125 0.451321875 0.2637515625 0.4852890625 0.2942796875 0.490675 0.29126093750000004 0.439903125 0.2433890625 0.47647812500000003 0.261121875 0.48081250000000003 0.2548921875 0.43273124999999996 0.22961874999999998 0.4083203125 0.20804375 0.3999375 0.20095468749999998 0.36886874999999997 0.1716734375 0.3316375 0.131915625 0.26923125 0.055590625000000005 0.22578125 0 0.21870781250000002 0
0 0.56008125 0.3108625 0.53640625 0.2841796875 0.521875 0.2673828125 0.5174875 0.271178125 0.5201328125 0.2754765625 0.567225 0.32971249999999996 0.5742140625000001 0.3264609375 0.56008125 0.3108625
0 0.5296578125 0.308546875 0.5415625000000001 0.3293828125 0.548440625 0.32673593749999996 0.533890625 0.30457968750000003 0.5296578125 0.308546875
0 0.2554140625 0 0.2608453125 0.0087609375 0.3003671875 0.0638828125 0.314475 0.08457187499999999 0.32404375 0.10015 0.3307203125 0.10933124999999999 0.33839687500000004 0.11991875 0.35281562499999997 0.14006093749999998 0.36613125 0.15886093750000002 0.385134375 0.1849515625 0.3969515625 0.1983125 0.40237656250000003 0.204478125 0.40385625 0.2057109375 0.40755468749999996 0.20324375 0.3919296875 0.1827578125 0.335625 0.105859375 0.36810312500000003 0.14406875 0.4061296875 0.18613125 0.44212968750000003 0.22065 0.46777187500000006 0.23883437500000002 0.4822828125 0.24759531250000003 0.4921828125 0.25239687499999997 0.4998265625 0.2557875 0.5025359375 0.2512125 0.4806265625 0.24018437499999998 0.44925156250000003 0.217596875 0.4097859375 0.1801125 0.3953578125 0.16348281250000002 0.3859890625 0.1534125 0.36196562499999996 0.1260578125 0.328159375 0.084890625 0.2645265625 0 0.2554140625 0
0 0.5028125 0.3486328125 0.44765625 0.3447265625 0.44703125000000005 0.35078125 0.5031203125 0.3546125 0.5028125 0.3486328125
0 0.1277046875 0 0.1807734375 0.07266249999999999 0.2408875 0.1497265625 0.3217375 0.2454359375 0.35265625 0.27890625 0.3621875 0.2873046875 0.39167968750000004 0.318475 0.4149265625 0.338140625 0.42478906250000004 0.3466515625 0.4267671875 0.34129062499999996 0.42230625 0.33659374999999997 0.377690625 0.2972625 0.32556093750000004 0.24031875 0.2855703125 0.19081874999999998 0.2401828125 0.13576875 0.171146875 0.0441890625 0.1378015625 0 0.1277046875 0
0 0.27702187500000003 0.155371875 0.3121375 0.1916015625 0.31408749999999996 0.186725 0.26308750000000003 0.132728125 0.2084625 0.0724609375 0.1594125 0.0170703125 0.1432484375 0 0.137675 0.0003484375 0.1766921875 0.04668125 0.23382343749999998 0.1093859375 0.27702187500000003 0.155371875
0 0.1635765625 0 0.18252812499999999 0.0249 0.2441359375 0.10172343749999999 0.2583328125 0.11930937500000001 0.2745140625 0.1393484375 0.3037765625 0.17488125000000002 0.31798906250000003 0.1929953125 0.38905625 0.27311874999999997 0.445353125 0.32676875 0.4676484375 0.34488281249999997 0.4715765625 0.34203125 0.44175624999999996 0.31520625 0.3820890625 0.2563984375 0.3199234375 0.18480000000000002 0.259725 0.1112953125 0.20593750000000002 0.0447578125 0.17137968750000002 0 0.1635765625 0
0 0.4632203125 0.29969531250000003 0.474925 0.30248125 0.47576093750000004 0.2989984375 0.45163593750000003 0.2882125 0.423925 0.2728703125 0.401678125 0.2540859375 0.38797187499999997 0.243071875 0.33507031249999997 0.186475 0.2827046875 0.127359375 0.20550625 0.031559375 0.180425 0.00125 0.1724734375 0.00125 0.1922609375 0.0253984375 0.2647203125 0.11632187499999999 0.31634843749999997 0.1760234375 0.3578734375 0.22061562499999998 0.384071875 0.24918125 0.41974375 0.27809531249999997 0.44677812499999997 0.29307656249999997 0.4632203125 0.29969531250000003
0 0.5267921875 0.266034375 0.5667203125 0.31484375 0.5781531249999999 0.3280375 0.5811437500000001 0.322759375 0.5297828124999999 0.260978125 0.5267921875 0.266034375