1 0.8365 0 0.8369 0.3943 0.8453125 0.3916015625 0.8541359375 0.386284375 0.8609484374999999 0.38428125 0.8605484375 0.3522140625 0.8553375000000001 0 0.8365 0
1 0.1948609375 0 0.1937046875 0.028353125 0.151765625 0.0322265625 0.1522734375 0.0428203125 0.175984375 0.044921875 0.17495624999999998 0.06625625 0.190828125 0.0732421875 0.19239062499999998 0.0830078125 0.187703125 0.3603515625 0.1902328125 0.49879687500000003 0.195325 0.4990859375 0.1978703125 0.49821875000000004 0.20111093750000003 0.4979296875 0.20134218750000002 0.49619375000000004 0.201765625 0.1298828125 0.204890625 0.0830078125 0.2238578125 0.08259999999999999 0.22304374999999999 0.07395937500000001 0.204890625 0.0595703125 0.216609375 0.04296875 0.2462453125 0.041953125 0.247634375 0.0274859375 0.207234375 0.02734375 0.205671875 0 0.1948609375 0
1 0.2625 0.1376953125 0.2901828125 0.1343671875 0.287278125 0.11706406250000001 0.26328125 0.119140625 0.26125 0.0947265625 0.27328125000000003 0.094921875 0.28859375 0.094140625 0.2862796875 0.0665390625 0.28203125 0.06640625 0.27109375 0.07421875 0.22371875000000002 0.0731703125 0.225 0.0914625 0.2421875 0.0927734375 0.2421875 0.1298828125 0.25 0.1396484375 0.2609375 0.4521484375 0.2625 0.4638671875 0.26875 0.4638671875 0.26803125 0.41514375000000003 0.263821875 0.2596109375 0.2609375 0.1962890625 0.269675 0.1909765625 0.27360625 0.1847828125 0.2920625 0.18221875 0.29155000000000003 0.1715375 0.28744843750000004 0.169828125 0.2625 0.1748046875 0.2625 0.1376953125
1 0.6048953125 0.1767140625 0.5998296875 0.176875 0.5990046875 0.19853281250000002 0.612 0.1990484375 0.5965296875 0.20343125 0.5985921875 0.2093640625 0.6140625 0.20884687500000002 0.61344375 0.2173546875 0.61633125 0.2173546875 0.61921875 0.2173546875 0.6196312500000001 0.2073015625 0.6320078125 0.207559375 0.6309765625 0.19982187499999998 0.61839375 0.1990484375 0.62004375 0.19492343750000002 0.6330390625 0.19208750000000002 0.6328328125 0.1802265625 0.6320078125 0.17764843749999998 0.61640625 0.17578125 0.6048953125 0.1767140625
1 0.5620828125 0.449665625 0.56365 0.4501953125 0.5676515625 0.44915000000000005 0.5767671875 0.20169375 0.5670328125 0.20420625 0.5637328125 0.312240625 0.5620828125 0.449665625
1 0.484375 0.3818359375 0.48349374999999994 0.175328125 0.47606875000000004 0.1755859375 0.47771875 0.3390546875 0.478125 0.3798828125 0.484375 0.3818359375
1 0.46513593750000004 0.285103125 0.464175 0.296115625 0.4509484375 0.2954765625 0.4515625 0.3154296875 0.46422656250000005 0.31562812500000004 0.4640625 0.3525390625 0.46385 0.40622499999999995 0.4697828125 0.4054015625 0.469140625 0.3063265625 0.47698906250000006 0.30712656250000003 0.47578125 0.220703125 0.45000625000000005 0.2200046875 0.4500796875 0.237053125 0.45888906250000006 0.23805468749999997 0.460171875 0.259678125 0.4495671875 0.2606546875 0.4505609375 0.28650625 0.46513593750000004 0.285103125
0 1 0.213784375 0.9450234375000001 0.22070625000000002 0.8966749999999999 0.22496718750000003 0.8647265624999999 0.2268296875 0.8621703125 0.23481875 0.9125 0.2314453125 1 0.2217734375 1 0.213784375
0 0.9026390624999999 0.11740781250000001 0.90359375 0.1224609375 0.904475 0.1257109375 0.9998437499999999 0.10078125 1 0.0931640625 0.9468078125 0.10759218749999999 0.9026390624999999 0.11740781250000001
0 0.25859375 0 0.27531249999999996 0.06796875 0.28046875 0.0642578125 0.26375000000000004 0 0.25859375 0
0 0.16203125000000002 0.082421875 0.12405625 0.055367187500000005 0.11805625 0.0509546875 0.08156250000000001 0.0216796875 0.0565625 0 0.050220312499999996 0.0005078125 0.0601828125 0.0114375 0.0884453125 0.036596875 0.12402656249999999 0.06379375000000001 0.1521875 0.0837890625 0.16609374999999998 0.09296875 0.18734375 0.1037109375 0.1890890625 0.0986109375 0.16203125000000002 0.082421875
0 0.1886734375 0.09483749999999999 0.190178125 0.0898234375 0.1580921875 0.0630859375 0.1139734375 0.0236046875 0.08957343749999999 0 0.08390625 0.0033203125 0.1049484375 0.023396875 0.13796875 0.0541015625 0.16140625 0.0736328125 0.1886734375 0.09483749999999999
0 0.16912031249999998 0.05974375 0.1472296875 0.0413609375 0.10671875 0 0.09859375000000001 0.000390625 0.145390625 0.047835937499999995 0.1873359375 0.08376718749999999 0.1900109375 0.07603750000000001 0.16912031249999998 0.05974375
0 0.12015625 0 0.13625 0.0134765625 0.1534375 0.0263671875 0.15578125 0.0208984375 0.1271875 0 0.12015625 0
0 0.24015625 0.07109375 0.22156250000000002 0.044140625 0.21593749999999998 0.0474609375 0.2346875 0.0724609375 0.24015625 0.07109375
0 0.6261140625 0.23655468750000003 0.7339703125 0.236865625 0.7832 0.2371734375 0.7824578125 0.2312984375 0.629578125 0.2312984375 0.6261140625 0.23655468750000003
0 0.6491984375000001 0.217725 0.659315625 0.20398125 0.6751484375000001 0.18336406249999998 0.7026390625000001 0.134975 0.7180328125 0.10803437499999999 0.7473296875 0.051640624999999996 0.74244375 0.0475625 0.7085765625 0.1160125 0.6839453125 0.157796875 0.662834375 0.191884375 0.6421609375 0.21800000000000003 0.6366640625 0.2232234375 0.6379828125 0.2281703125 0.64128125 0.22542187500000002 0.6491984375000001 0.217725
0 0.67585 0.15793593749999998 0.6740421875 0.1611 0.659975 0.1828015625 0.63534375 0.21771250000000003 0.6384234375 0.2196484375 0.656015625 0.19655625000000002 0.6682578125 0.1796265625 0.68130625 0.1583484375 0.7050578125 0.11408750000000001 0.740465625 0.04261875 0.7525609375 0.015128125000000001 0.7481625000000001 0.013754687500000001 0.72836875 0.0560875 0.7021984375 0.10831874999999999 0.67585 0.15793593749999998
0 0.73870625 0 0.7184734374999999 0.0475546875 0.6938421875 0.1000484375 0.6733890625 0.1399109375 0.6533765625 0.1748140625 0.6375437500000001 0.20010468750000002 0.628746875 0.21247656250000002 0.6327046875 0.21771250000000003 0.652496875 0.18939843750000002 0.679546875 0.142390625 0.701759375 0.1019796875 0.752340625 0.0005468749999999999 0.7479421875 0.0005468749999999999 0.7338671875 0.026937499999999996 0.7327671875 0.0261125 0.7450828125 0 0.73870625 0
0 0.68741875 0.20651562499999998 0.663378125 0.19883125 0.6603046875 0.203803125 0.6865140625 0.2123890625 0.68741875 0.20651562499999998
0 0.5200265625 0.31221875 0.5267875 0.30618124999999996 0.5377984375 0.29555625 0.546684375 0.283725 0.5549906250000001 0.2699609375 0.5648421875 0.2537828125 0.563684375 0.247021875 0.5437875 0.2786546875 0.5365031250000001 0.28976562499999997 0.521765625 0.3052171875 0.5148109375 0.3088375 0.5001296875000001 0.3102875 0.500709375 0.31415000000000004 0.5132656250000001 0.31318437499999996 0.5200265625 0.31221875
0 0.518084375 0.2193078125 0.4836296875 0.2205 0.4837890625 0.2250640625 0.5185609375 0.22367656249999998 0.518084375 0.2193078125
0 0.48458281249999996 0.2076 0.5493640625 0.205615625 0.5484109375 0.20184375000000002 0.48410624999999996 0.202240625 0.48426562500000003 0.20601093750000002 0.48458281249999996 0.2076
0 0.575396875 0.1899765625 0.5135203125000001 0.18833906250000002 0.4843578125 0.1827328125 0.483796875 0.18787343750000002 0.5069765625 0.1932484375 0.5161374999999999 0.193715625 0.532775 0.19465 0.5770796875 0.19465 0.575396875 0.1899765625
0 0.5987640625 0.1757234375 0.6518546875 0.1710484375 0.6503593750000001 0.1628703125 0.5871734375 0.1689453125 0.48323593750000005 0.1759546875 0.48304843750000004 0.1806296875 0.483984375 0.181796875 0.5424953125 0.17969531249999998 0.5987640625 0.1757234375
0 0.2735359375 0.0614984375 0.23535468750000002 0.0626859375 0.24022187499999997 0.0702765625 0.275815625 0.06909531249999999 0.2735359375 0.0614984375
0 0.480490625 0.0447875 0.38087343749999997 0.05566093749999999 0.2856015625 0.061354687500000005 0.2879484375 0.069890625 0.345725 0.066396875 0.4146828125 0.059990625 0.509278125 0.047634375 0.584665625 0.0365015625 0.6352 0.027184375 0.6991968749999999 0.013203125 0.698990625 0.004659375 0.6542546875 0.0142390625 0.579075 0.0295140625 0.480490625 0.0447875
0 0.41827500000000006 0.0615234375 0.374190625 0.06554062499999999 0.2882796875 0.07109375 0.2882796875 0.07734375 0.2893296875 0.0779234375 0.3380109375 0.0777484375 0.3845984375 0.07455937500000001 0.4790421875 0.066015625 0.5881890624999999 0.0466 0.6747609375 0.0310671875 0.6995312499999999 0.0259765625 0.6983265624999999 0.016546875 0.628125 0.0294921875 0.4959375 0.0515625 0.41827500000000006 0.0615234375
0 0.69055625 0.10094375 0.572821875 0.11415 0.41257656249999997 0.127671875 0.29150468749999997 0.1326859375 0.2940859375 0.1389921875 0.4027640625 0.1355328125 0.579109375 0.12106874999999999 0.6908078125 0.107546875 0.69055625 0.10094375
0 0.33056718749999997 0.10723281250000001 0.37761093749999997 0.12861562499999998 0.384403125 0.12484218750000001 0.289309375 0.078615625 0.28679375 0.0858484375 0.33056718749999997 0.10723281250000001
0 0.331165625 0.12821875 0.264503125 0.0997265625 0.2621375 0.10617812499999998 0.3240703125 0.1314453125 0.331165625 0.12821875
0 0.43331093750000005 0.151875 0.4879328125 0.1728421875 0.4915890625 0.16880781250000002 0.41180781250000004 0.13628281250000002 0.40729218749999996 0.136553125 0.3991203125 0.137896875 0.43331093750000005 0.151875
0 0.426 0.1650453125 0.3571859375 0.1370890625 0.347509375 0.13977656249999998 0.41868906250000004 0.169884375 0.426 0.1650453125
0 0.2921109375 0.174696875 0.419871875 0.1814453125 0.47665468750000006 0.18344375 0.4752546875 0.174446875 0.2907109375 0.1669484375 0.2921109375 0.174696875
0 0.32885624999999996 0.165921875 0.29849375 0.138959375 0.2923546875 0.1410328125 0.321225 0.1673734375 0.32885624999999996 0.165921875
0 0.29960624999999996 0.185853125 0.46431093749999997 0.199421875 0.46534531250000005 0.1918828125 0.29788281250000004 0.1789625 0.29960624999999996 0.185853125