1 0.839934375 0 0.8432718749999999 0.07344375 0.8434734374999999 0.0759140625 0.8557359375000001 0.075946875 0.853534375 0 0.839934375 0
0 0.8828125 0.0259765625 0.8565625000000001 0.052734375 0.8584375 0.06015625 0.8875 0.0287109375 0.8828125 0.0259765625
0 0.83140625 0 0.81484375 0.028515625 0.81953125 0.033203125 0.8373437499999999 0.0013671875 0.83140625 0
0 0.81484375 0 0.7903125 0.05 0.7943749999999999 0.0529296875 0.8209375 0.0005859375 0.81484375 0
0 0.8006249999999999 0 0.77859375 0.0451171875 0.7853125000000001 0.04765625 0.8081250000000001 0.00078125 0.8006249999999999 0
0 0.78625 0 0.77265625 0.02890625 0.77796875 0.0328125 0.791875 0.0001953125 0.7903125 0 0.78625 0
0 0.76609375 0.025 0.77859375 0.0001953125 0.77125 0 0.7615624999999999 0.0228515625 0.765 0.0244140625 0.76609375 0.025
0 0.698125 0.077734375 0.7290625000000001 0.001171875 0.72390625 0.0001953125 0.6946875 0.073046875 0.6954687500000001 0.0755859375 0.698125 0.077734375
0 0.7028125000000001 0 0.68234375 0.0607421875 0.68828125 0.0607421875 0.7095312500000001 0 0.7028125000000001 0
0 0.68921875 0 0.6671875 0.06171875 0.67421875 0.063671875 0.6951562499999999 0 0.68921875 0
0 0.5721859375 0.109425 0.3389046875 0.1065546875 0.2411546875 0.1065546875 0.24107812499999998 0.11234843750000001 0.24348125 0.11261718750000001 0.37032656249999996 0.1138921875 0.5721859375 0.1167640625 0.5721859375 0.109425
0 0.5192015624999999 0.08529687500000001 0.6133328125 0.086646875 0.6127921875 0.079565625 0.5032890625 0.07922812500000001 0.37812812500000004 0.07653125 0.1108484375 0.0775421875 0.1095 0.08361093750000001 0.33761562500000003 0.0828265625 0.5192015624999999 0.08529687500000001
0 0.4791 0.0329234375 0.5448296874999999 0.0252125 0.6679859375 0.0097890625 0.675 0.0083984375 0.6728125 0.0041015625 0.61140625 0.0115234375 0.5145265625000001 0.023234374999999998 0.457421875 0.030421874999999998 0.3899640625 0.030659375 0.301628125 0.030421874999999998 0.35106875 0.0229953125 0.46928281250000003 0.0103015625 0.50609375 0.0044921875 0.5053124999999999 0.001953125 0.50453125 0.0005859375 0.4489734375 0.006946875 0.2870625 0.024671875 0.22919062499999998 0.03018125 0.14750000000000002 0.028515625 0.148125 0.03359375 0.184375 0.0337890625 0.1859375 0.033984375 0.15515625 0.0384765625 0.1565625 0.043359375 0.1975 0.0392578125 0.27826875 0.0375 0.3626390625 0.0361328125 0.3179515625 0.04140625 0.1679546875 0.0544921875 0.1677671875 0.061103125 0.22044687500000001 0.057248437500000006 0.2802453125 0.0525015625 0.41550312500000003 0.0388578125 0.45109062499999997 0.037078125 0.47624374999999997 0.03678125 0.560721875 0.037670312500000004 0.6760937499999999 0.0376953125 0.6758171875000001 0.0320359375 0.5785265625 0.03233125 0.4791 0.0329234375
1 0.5854859375 0.345815625 0.5845921875 0.38213125 0.5787828125 0.38296874999999997 0.5799000000000001 0.4028015625 0.5859328125000001 0.402521875 0.586603125 0.439115625 0.590403125 0.43883593750000005 0.5897328125 0.40559375 0.5933078125 0.4014046875 0.5924140625 0.3832484375 0.5897328125 0.3810140625 0.589509375 0.3416265625 0.5819109375 0.34106875 0.582134375 0.345815625 0.5854859375 0.345815625
1 0.5658218749999999 0.3650921875 0.5655984375 0.37095625 0.5691734375 0.37095625 0.569396875 0.41118125 0.5743125 0.41118125 0.5731953125 0.36453281249999997 0.5658218749999999 0.3650921875