1 0.6126515625 0.1619046875 0.60599375 0.1621421875 0.607325 0.185446875 0.609228125 0.1966234375 0.6137937499999999 0.26368125 0.6158859375 0.3174265625 0.6208328125 0.317665625 0.62015625 0.2365234375 0.6278125 0.2310546875 0.62609375 0.2212890625 0.62 0.2212890625 0.61921875 0.2197265625 0.6158859375 0.17213125 0.6130328125 0.17213125 0.6126515625 0.1619046875
0 0.61765625 0.1837890625 0.6796875 0.19296875 0.7418750000000001 0.2017578125 0.74296875 0.195703125 0.6185937499999999 0.178125 0.61765625 0.1837890625
0 0.6170312499999999 0.1734375 0.7025 0.187109375 0.7434375 0.1935546875 0.7435937499999999 0.1884765625 0.6168750000000001 0.1685546875 0.6170312499999999 0.1734375
0 0.74109375 0.1828125 0.615 0.162890625 0.61390625 0.1677734375 0.740625 0.1880859375 0.74109375 0.1828125
0 0.7307812499999999 0.24296875 0.6264062499999999 0.2212890625 0.6271875 0.2283203125 0.71875 0.2466796875 0.78328125 0.2578125 0.7837500000000001 0.25234375 0.7307812499999999 0.24296875
0 0.64671875 0.2662109375 0.62828125 0.2322265625 0.6235937500000001 0.2337890625 0.64140625 0.267578125 0.64671875 0.2662109375
0 0.68125 0.280078125 0.62046875 0.2744140625 0.620625 0.2796875 0.6815625 0.2857421875 0.68125 0.280078125
0 0.62109375 0.272265625 0.6815625 0.2767578125 0.68234375 0.271484375 0.62109375 0.266796875 0.6207812500000001 0.2689453125 0.62109375 0.272265625
0 0.7828125 0.2822265625 0.6993750000000001 0.2734375 0.69921875 0.278125 0.7825 0.286328125 0.7828125 0.2822265625
0 0.6129687500000001 0.2564453125 0.5921875 0.242578125 0.5915625 0.2470703125 0.6131249999999999 0.2626953125 0.6129687500000001 0.2564453125
0 0.5923437500000001 0.241796875 0.60984375 0.228125 0.6096874999999999 0.2240234375 0.6096874999999999 0.220703125 0.591875 0.23515625 0.5923437500000001 0.241796875
0 0.60734375 0.1787109375 0.5928125 0.179296875 0.59328125 0.1849609375 0.60765625 0.184375 0.60734375 0.1787109375
0 0.6056250000000001 0.1697265625 0.5935937499999999 0.170703125 0.5935937499999999 0.1740234375 0.60640625 0.1728515625 0.6056250000000001 0.1697265625
0 0.58375 0.181640625 0.5490625 0.18515625 0.5490625 0.1900390625 0.5834374999999999 0.1880859375 0.58375 0.181640625
0 0.585 0.1708984375 0.53125 0.17890625 0.5315624999999999 0.183984375 0.5853125 0.1755859375 0.585 0.1708984375
0 0.58375 0.1658203125 0.5284375 0.173828125 0.5296875 0.1783203125 0.584375 0.1703125 0.58375 0.1658203125
0 0 0.3275390625 0.027968749999999997 0.32734375 0.027500000000000004 0.3220703125 0 0.3220703125 0 0.3275390625
0 0.12 0.3224609375 0.047031250000000004 0.321875 0.046718749999999996 0.326953125 0.12 0.326953125 0.12 0.3224609375
0 0.15749375000000002 0.3244140625 0.205625 0.323046875 0.26359374999999996 0.3197265625 0.34781249999999997 0.3125 0.4265625 0.304296875 0.52344375 0.2931640625 0.52281875 0.28828125 0.42484687499999996 0.2994140625 0.30624375000000004 0.311328125 0.15765 0.3189453125 0.15749375000000002 0.3244140625
0 0 0.3029296875 0.00046875 0.301953125 0.10171875 0.2974609375 0.145625 0.2953125 0.14594218750000001 0.290234375 0.03125 0.2943359375 0 0.2958984375 0 0.3029296875
0 0.405465625 0.278125 0.333903125 0.2802734375 0.22234375 0.2857421875 0.1529625 0.2890625 0.15249375 0.2947265625 0.25578124999999996 0.2892578125 0.406246875 0.2828125 0.405465625 0.278125
0 0 0.2646296875 0.0962921875 0.26258750000000003 0.2872390625 0.25296093750000004 0.40936562500000007 0.24634687500000002 0.4077890625 0.2407296875 0.273021875 0.24830625 0.10118750000000001 0.256175 0 0.2587984375 0 0.2646296875
0 0 0.2316953125 0.1273015625 0.22790625000000003 0.243878125 0.221203125 0.3993953125 0.20808749999999998 0.43250312500000004 0.2048828125 0.4318046875 0.1990546875 0.349034375 0.20604843750000001 0.1909515625 0.21857968749999998 0.10742343750000001 0.2217015625 0.00022656249999999998 0.2241171875 0 0.2316953125
0 0 0.22091249999999998 0.1564390625 0.21654062500000001 0.344121875 0.20255 0.4336640625 0.195265625 0.43296406249999997 0.1868125 0.3327078125 0.1961390625 0.18090937499999998 0.206340625 0 0.2124609375 0 0.22091249999999998