1 0.0014234375 0 0.0012468750000000002 0.016689062499999997 0.0021359375 0.0271484375 0.029296875 0.02319375 0.04084375 0.51615 0.0469046875 0.5932265625 0.0621890625 0.5932265625 0.0600796875 0.5378890625 0.052734375 0.4309078125 0.045625 0.066015625 0.05375 0.0654296875 0.053125 0.054296875 0.0459375 0.05234375 0.046875 0.0085453125 0.057575 0.0056875 0.057970312499999996 0 0.0014234375 0
1 0.2612921875 0.2669625 0.2321875 0.2733828125 0.234375 0.279540625 0.259765625 0.2819828125 0.257390625 0.293796875 0.2345953125 0.2985 0.2345953125 0.30403281249999997 0.2618171875 0.3043109375 0.2631453125 0.3383375 0.27502499999999996 0.5442015625 0.275390625 0.552978125 0.28515625 0.5554203125 0.2719984375 0.341103125 0.26937500000000003 0.298828125 0.29578125 0.296484375 0.2953125 0.2896484375 0.26937500000000003 0.2908203125 0.26953125 0.279540625 0.2898078125 0.2736515625 0.294921875 0.269775 0.2931765625 0.26508906250000003 0.2612921875 0.2669625
0 0.09609375 0.16171875 0.124646875 0.2124453125 0.150353125 0.2560140625 0.1579640625 0.266584375 0.1760890625 0.291834375 0.189928125 0.31013437499999996 0.21467031250000002 0.34030625 0.21842968749999997 0.3333828125 0.1882375 0.29660312499999997 0.1758921875 0.278478125 0.1484375 0.23803749999999999 0.13414375 0.214175 0.1028125 0.1591796875 0.053437500000000006 0.0654296875 0.0496875 0.06953125 0.05328125 0.078515625 0.082109375 0.1355296875 0.09609375 0.16171875
0 0.552734375 0.2917484375 0.5527484375 0.2980015625 0.6404015625 0.3038984375 0.6402390625 0.29739218749999996 0.552734375 0.2917484375
0 0.3955078125 0.2783203125 0.3771796875 0.27715625 0.376684375 0.281484375 0.381671875 0.282146875 0.38640625 0.2826171875 0.4076765625 0.2849859375 0.46151875000000003 0.289059375 0.462890625 0.2844234375 0.3955078125 0.2783203125
0 0.061950000000000005 0 0.060625 0.016015625 0.059176562499999995 0.022668749999999998 0.05440468750000001 0.038775 0.0484734375 0.0511953125 0.05345 0.0507046875 0.060345312500000005 0.038334375 0.06271875 0.0338828125 0.0653125 0.0240234375 0.06734375000000001 0.0103515625 0.0675 0 0.061950000000000005 0
0 0.024534375 0.06751718749999999 0.0269078125 0.061334375 0.020378125 0.060345312500000005 0.0011875 0.04896875 0 0.055646875 0.017015625 0.064796875 0.0136515625 0.0672703125 0.01206875 0.08136718750000001 0.013850000000000001 0.090271875 0.015828125000000002 0.09496875 0.025324999999999997 0.096453125 0.029282812499999998 0.094228125 0.0306671875 0.08977500000000001 0.030865625 0.073946875 0.0286890625 0.073946875 0.027700000000000002 0.0803765625 0.0269078125 0.08928125 0.023346875 0.090271875 0.020378125 0.08730312500000001 0.0187953125 0.081615625 0.019389062500000002 0.0749375 0.024534375 0.06751718749999999
0 0.00059375 0.037096875 0.0191921875 0.04550625 0.026314062500000002 0.053667187500000005 0.0294796875 0.06281875 0.030271874999999997 0.064303125 0.03046875 0.0472390625 0.027896874999999998 0.046496875 0.0237421875 0.0420421875 0.011475 0.0257203125 0.006132812499999999 0.0276984375 0.011475 0.03685 0.0007921875 0.029429687500000003 0.00059375 0.037096875
0 0.29557812499999997 0.2748890625 0.3372859375 0.2785984375 0.338109375 0.272415625 0.2952484375 0.2682953125 0.2940953125 0.2748890625 0.29557812499999997 0.2748890625
0 0.13671875 0.3423828125 0.09890625 0.3009765625 0.09453125 0.3044921875 0.134375 0.3474609375 0.13671875 0.3423828125
0 0.09718750000000001 0.291796875 0.1365625 0.34140625 0.13765624999999998 0.3412109375 0.139375 0.3375 0.1 0.28828125 0.09718750000000001 0.291796875
0 0.14875 0.2529296875 0.095 0.2478515625 0.09453125 0.25390625 0.1515625 0.259375 0.14875 0.2529296875
0 0.25703125 0.2658203125 0.16125 0.255078125 0.16375 0.2611328125 0.25671875 0.2705078125 0.25703125 0.2658203125