1 0.56796875 0.24609375 0.5862499999999999 0.246484375 0.5857812499999999 0.255859375 0.56453125 0.2572109375 0.564503125 0.26166093749999997 0.5646984374999999 0.264825 0.565865625 0.26871875 0.58421875 0.2697265625 0.5869953125 0.452059375 0.59375 0.4521484375 0.5956132734375 0.268665653125 0.6130267890625001 0.269376409375 0.61375 0.25625 0.59328125 0.2556640625 0.5925 0.24609375 0.6131249999999999 0.2453125 0.6140625 0.2353515625 0.564503125 0.23366875 0.5640625 0.2453125 0.56796875 0.24609375
1 0.545625 0.3109375 0.5596875 0.312890625 0.5596375 0.3285265625 0.545860375 0.32854682031250004 0.546215753125 0.33458824374999996 0.5596875 0.3349609375 0.561603125 0.45657812499999995 0.5671875 0.4580078125 0.56640625 0.3359375 0.5759375 0.3341796875 0.5760421874999999 0.3285265625 0.565725 0.3285265625 0.56546875 0.312109375 0.5772265625 0.3122484375 0.5777328125000001 0.30336875 0.54390625 0.303515625 0.54390625 0.310546875 0.545625 0.3109375
1 0.5543750000000001 0.34296875 0.5589062499999999 0.3412109375 0.559375 0.3365234375 0.5560937499999999 0.3359375 0.5384375 0.3349609375 0.5392187500000001 0.341015625 0.5482812499999999 0.34296875 0.55 0.4501953125 0.5546875 0.4521484375 0.5543750000000001 0.34296875
0 0.2753921875 0.202603125 0.152925 0.21884375 0.15356406250000001 0.22576562500000003 0.274540625 0.2111234375 0.2753921875 0.202603125
0 0.6789671703125 0 0.6684828125 0.022 0.67479375 0.0230390625 0.6832493734375 0.007137006249999999 0.6991093875 0.019349215625 0.7014883890625 0.0155428125 0.687531578125 0.003965003125 0.68671875 0 0.6789671703125 0
0 1 0.0556234375 0.8984375 0.0302734375 0.8976671875 0.035778125 1 0.0630953125 1 0.0556234375
0 0.713125 0.1142578125 0.71296875 0.1216796875 0.7715953125 0.1384375 0.774375 0.1328125 0.713125 0.1142578125
0 1 0.19296875 0.9829687500000001 0.18828125 0.7995625000000001 0.1405984375 0.7885265625 0.13736874999999998 0.7826203125 0.1429953125 0.8540625000000001 0.163671875 0.9965921874999999 0.199359375 1 0.2001421875 1 0.19754218750000002 1 0.1946078125 1 0.19296875
0 0.7450281249999999 0.040265625 0.7139796875 0.0907015625 0.7154734375 0.0965109375 0.751171875 0.0435859375 0.7450281249999999 0.040265625
0 1 0.0091796875 0.9770265625000001 0.00020312500000000002 0.9588359375 0 1 0.0150390625 1 0.0091796875
0 0.8733140625000001 0.24153281249999997 0.8862343750000001 0.245265625 0.9277484375 0.2586484375 0.9288078125 0.2517640625 0.8793749999999999 0.237109375 0.8282812500000001 0.2162109375 0.8062625000000001 0.20375000000000001 0.7540625000000001 0.1755859375 0.749015625 0.17944374999999999 0.825271875 0.221778125 0.8652578125 0.2376171875 0.8733140625000001 0.24153281249999997
0 0.7261 0 0.7103265624999999 0.0116234375 0.7106578125 0.0176421875 0.7344015625 0 0.7261 0
0 0.7405453125 0.16749375 0.71375 0.15078125 0.713125 0.1564453125 0.7378890625000001 0.1714375 0.7405453125 0.16749375
0 0.715625 0.200390625 0.74734375 0.1705078125 0.7851015625 0.132690625 0.9053296874999999 0.00025625 0.89234375 0 0.8261546875000001 0.0764984375 0.77640625 0.131640625 0.74546875 0.16328125 0.7290625000000001 0.17890625 0.71375 0.1939453125 0.715625 0.200390625
0 0.92546875 0.0154296875 0.9371875 0.0064453125 0.9425000000000001 0.000390625 0.9356249999999999 0 0.9225 0.008984375 0.8953625000000001 0.028993750000000002 0.9178062499999999 0.0000203125 0.9103125000000001 0 0.88046875 0.0361328125 0.826178125 0.0922109375 0.7645640625000001 0.1566078125 0.718940625 0.2003 0.7233562499999999 0.20259999999999997 0.7588609374999999 0.170634375 0.84366875 0.083021875 0.8878125000000001 0.037890625 0.9073203124999999 0.028993750000000002 0.92546875 0.0154296875
0 0.7525000000000001 0.2728515625 0.7145312500000001 0.2478515625 0.71484375 0.2546875 0.7498437499999999 0.2787109375 0.7525000000000001 0.2728515625
0 0.87750625 0.2772140625 0.8902812499999999 0.2794609375 0.8907718750000001 0.274234375 0.8902812499999999 0.2732234375 0.868125 0.26823281250000003 0.8214062500000001 0.2552734375 0.7699140625 0.23679375 0.7685171875 0.2422828125 0.803125 0.2556640625 0.833790625 0.2657359375 0.87750625 0.2772140625
0 0.7465625 0.2287109375 0.7151562499999999 0.2150390625 0.7145312500000001 0.2216796875 0.74546875 0.234765625 0.7465625 0.2287109375
0 0.7722609375 0.225065625 0.7975 0.2353515625 0.765140625 0.2248546875 0.71546875 0.20625 0.71390625 0.211328125 0.7508984375 0.225065625 0.7943046875 0.239478125 0.84398125 0.2532546875 0.88009375 0.2630015625 0.9038296875 0.268725 0.9051828125 0.265334375 0.9056906250000001 0.26130624999999996 0.815325 0.235875 0.7675 0.2173828125 0.7386921875 0.207265625 0.71765625 0.1982421875 0.7159375 0.203125 0.7405578125 0.2138359375 0.7722609375 0.225065625
0 0.6732812499999999 0.21640625 0.66328125 0.241015625 0.65015625 0.2677734375 0.64765625 0.2736328125 0.64265625 0.27890625 0.6392187500000001 0.2810546875 0.6207812500000001 0.290625 0.62328125 0.2953125 0.64296875 0.2849609375 0.6478125 0.28203125 0.6520312500000001 0.2779296875 0.66140625 0.2607421875 0.6717187499999999 0.23515625 0.67765625 0.22109375 0.68484375 0.1943359375 0.68640625 0.187890625 0.681875 0.1861328125 0.6732812499999999 0.21640625
0 0.6875 0.1814453125 0.6954687500000001 0.1478515625 0.690625 0.14453125 0.68359375 0.17890625 0.6875 0.1814453125
0 0.6740625 0.1505859375 0.6728125 0.1546875 0.6640625 0.168359375 0.6676562500000001 0.1712890625 0.67625 0.158203125 0.68140625 0.148046875 0.68828125 0.1384765625 0.6853125 0.134375 0.6759375000000001 0.1431640625 0.67140625 0.145703125 0.64515625 0.1572265625 0.65296875 0.160546875 0.6728125 0.15078125 0.6740625 0.1505859375
1 0.69875 0 0.69875 0.033203125 0.67671875 0.0333984375 0.67375 0.021484375 0.668003125 0.020809374999999998 0.66671875 0.0263671875 0.6654687499999999 0.032421875 0.6464359375 0.03334375 0.6465625 0.0439453125 0.6627899562499999 0.0429806359375 0.6628125 0.0572265625 0.673098965625 0.0572546484375 0.6728125 0.04375 0.6798437500000001 0.04296875 0.6930390625 0.042293750000000005 0.69326875 0.063009375 0.6971499999999999 0.1110859375 0.6926703125 0.1160125 0.6921328124999999 0.1247484375 0.6935 0.1260171875 0.6887187499999999 0.12863125 0.6879515625 0.144440625 0.7010921875 0.1529671875 0.7007003890625 0.188456703125 0.660021875 0.1644671875 0.65421875 0.1615234375 0.6396484375 0.1586921875 0.6184953125 0.1572203125 0.6103515625 0.1586921875 0.6024484375 0.1626 0.60129375 0.1695390625 0.6054359375 0.1700671875 0.6109703125 0.1711078125 0.64265625 0.1677734375 0.6533203125 0.1684578125 0.701171875 0.19653281250000001 0.70203125 0.2904296875 0.7033031249999999 0.4925703125 0.7152328125 0.493321875 0.71421875 0.04296875 0.7515625 0.042578125 0.75265625 0.05546875 0.75914375 0.05531875000000001 0.763671875 0.0378421875 0.7632640625 0.030234375 0.7587890625 0.029296875 0.7140625 0.0318359375 0.7103125 0.031640625 0.71046875 0.0263671875 0.70921875 0 0.69875 0
0 0.6170640625 0.1307171875 0.640625 0.0384765625 0.65125 0.000390625 0.6448437499999999 0 0.6265625 0.06796875 0.6106171875 0.1332734375 0.615334375 0.131503125 0.6170640625 0.1307171875
0 0.65140625 0.0982421875 0.66484375 0.0572265625 0.6596875 0.0537109375 0.6370359375 0.125803125 0.6398671874999999 0.125803125 0.6437984375 0.1250171875 0.65140625 0.0982421875
0 0.4343328125 0.1786671875 0.39640624999999996 0.187109375 0.3978234375 0.1903796875 0.5089312500000001 0.168015625 0.6645453125 0.126528125 0.6840171875000001 0.12097187499999999 0.6923234375 0.1221796875 0.692709375 0.1149359375 0.6791406249999999 0.11622812499999999 0.5852171875 0.1397671875 0.502421875 0.1599625 0.393715625 0.181678125 0.39595156249999997 0.1868375 0.4343328125 0.1786671875
0 0.5877687500000001 0.19753281250000002 0.5800421874999999 0.21339843749999998 0.57341875 0.22604687499999998 0.568084375 0.23110468750000002 0.5701078125000001 0.23340624999999998 0.5763625 0.22926562499999997 0.5785453125 0.22528593749999998 0.5807781249999999 0.221678125 0.590528125 0.203740625 0.5991734375 0.1807453125 0.6024859375 0.16809687499999998 0.59880625 0.16786718750000001 0.5877687500000001 0.19753281250000002
0 0.6056125 0.1614296875 0.60984375 0.1414234375 0.6048765625 0.1430328125 0.601565625 0.1614296875 0.6056125 0.1614296875
0 0.6289281250000001 0.1591296875 0.6365171875 0.13617812499999998 0.6311312499999999 0.134953125 0.624765625 0.1569859375 0.6289281250000001 0.1591296875
0 0.6649796875 0.23074843750000001 0.6260359375 0.2470546875 0.6065640625000001 0.2519234375 0.6079265625 0.2550875 0.609484375 0.2560609375 0.6209734375 0.253384375 0.665759375 0.235128125 0.6649796875 0.23074843750000001
0 0.61376875 0.23439843749999997 0.615909375 0.239509375 0.6398609375000001 0.23245156250000001 0.61375 0.2404296875 0.614546875 0.244865625 0.668875 0.23001718750000003 0.6684859375000001 0.222228125 0.61376875 0.23439843749999997
0 0 0.23987656249999997 0.0474953125 0.2388109375 0.0475 0.2330078125 0 0.2332203125 0 0.23987656249999997
0 0 0.2326875 0.0546875 0.2318359375 0.0540984375 0.22576562500000003 0 0.22549999999999998 0 0.2326875
0 0.31796875 0.273828125 0.2865625 0.275390625 0.28625 0.28125 0.3178125 0.279296875 0.31796875 0.273828125
0 0.32000937500000004 0.2927875 0.283596875 0.29650781249999997 0.2840625 0.301953125 0.319834375 0.2984765625 0.32000937500000004 0.2927875
0 0.34562499999999996 0.2716796875 0.32515625 0.2712890625 0.3253125 0.2765625 0.34578125000000004 0.2765625 0.34562499999999996 0.2716796875
0 0.34515625 0.2900390625 0.3253125 0.291015625 0.3253125 0.296484375 0.3453125 0.2955078125 0.34515625 0.2900390625
0 0.4497171875 0.2997765625 0.4516 0.30579375 0.503290625 0.290621875 0.5367734375000001 0.2793734375 0.5671171875 0.270478125 0.5662796875 0.265771875 0.52265625 0.2779296875 0.4515625 0.2939453125 0.38568125000000003 0.3052703125 0.385471875 0.311025 0.42335 0.3037015625 0.440509375 0.3005609375 0.470853125 0.2955921875 0.4497171875 0.2997765625
0 0.5658609375 0.24719687499999998 0.562303125 0.242490625 0.46897031250000004 0.25739999999999996 0.3570109375 0.2683875 0.35554687500000004 0.27387812500000003 0.4191640625 0.2678640625 0.4938734375 0.25896875 0.5658609375 0.24719687499999998
0 0.5660703125000001 0.2498140625 0.56376875 0.24641406250000003 0.46373749999999997 0.2642015625 0.43988750000000004 0.2708765625 0.4118390625 0.276496875 0.3752171875 0.2817265625 0.353125 0.284375 0.3536625 0.2934984375 0.359375 0.2935546875 0.3869375 0.29009687500000003 0.46624999999999994 0.27806406250000004 0.5428421875 0.261325 0.5838578125 0.253215625 0.5823437499999999 0.2484375 0.5326562499999999 0.258203125 0.495625 0.2654296875 0.46499375 0.272571875 0.5179390625 0.25870625 0.5660703125000001 0.2498140625
0 0.5561265625 0.3191875 0.5001562500000001 0.3265625 0.4734375 0.33046875 0.4734859375 0.33540625 0.47608125 0.3351578125 0.5185984375 0.32966875 0.5583218750000001 0.3234296875 0.5561265625 0.3191875
0 0.46968750000000004 0.3228515625 0.47093749999999995 0.3298828125 0.47562499999999996 0.328515625 0.5503375 0.31364375 0.548540625 0.31164843750000004 0.5460203124999999 0.30969531250000004 0.46968750000000004 0.3228515625
0 0.390746875 0.316521875 0.42623749999999994 0.3092703125 0.4252140625 0.3058578125 0.386821875 0.31246874999999996 0.38716249999999997 0.3171625 0.390746875 0.316521875
0 0.8296875 0.287109375 0.8003125000000001 0.2806640625 0.79875 0.2869140625 0.82875 0.29296875 0.8296875 0.287109375
0 0.6772625 0.044121875 0.6942828125 0.0568859375 0.6953578125 0.05554218749999999 0.6966125 0.051734375 0.6840703125 0.041881249999999995 0.6772625 0.044121875
0 0.725996875 0.042778125 0.7114843750000001 0.054200000000000005 0.713275 0.0604703125 0.7342390625 0.043225 0.725996875 0.042778125
0 0.6995312499999999 0.2173828125 0.69203125 0.2296875 0.6760937499999999 0.2580078125 0.6637500000000001 0.2787109375 0.65 0.296484375 0.6496875 0.29609375 0.6634375 0.2765625 0.684375 0.2412109375 0.69484375 0.223828125 0.70265625 0.2099609375 0.6995312499999999 0.202734375 0.68453125 0.2314453125 0.65796875 0.270703125 0.64359375 0.29375 0.63375 0.306640625 0.6390625 0.3076171875 0.64546875 0.3087890625 0.658125 0.2962890625 0.67515625 0.27109375 0.690625 0.2453125 0.70015625 0.2328125 0.7034374999999999 0.2322265625 0.7034374999999999 0.2193359375 0.6995312499999999 0.2173828125
0 0.69140625 0.2875 0.6676562500000001 0.28203125 0.665625 0.2865234375 0.6909375 0.2923828125 0.69140625 0.2875