1 0.7724609375 0.0317390625 0.767578125 0.025634374999999997 0.7705078125 0.017090625 0.7861328125 0.0122078125 0.791015625 0.006103125 0.7880859375 0 0.7802734375 0.0024421875 0.7548828125 0 0.7529296875 0.0048828125 0.7373046875 0.0048828125 0.7314453125 0 0.728515625 0.006103125 0.728515625 0.0109859375 0.7314453125 0.0146484375 0.7509765625 0.017090625 0.755859375 0.02319375 0.7548828125 0.0317390625 0.7392578125 0.0317390625 0.7333984375 0.026856249999999998 0.73046875 0.030517187499999997 0.73046875 0.0402828125 0.7353515625 0.0439453125 0.7431640625 0.0415046875 0.7451171875 0.0439453125 0.7529296875 0.0439453125 0.7578125 0.0500484375 0.7576562499999999 0.0646484375 0.7498437499999999 0.0705078125 0.75109375 0.0765625 0.75984375 0.0740234375 0.76171875 0.12084999999999999 0.7622453124999999 0.125659375 0.771484375 0.12573281249999999 0.77140625 0.067578125 0.779296875 0.042725 0.7822265625 0.0390625 0.7900390625 0.0390625 0.79296875 0.0354 0.79296875 0.030517187499999997 0.7880859375 0.0219734375 0.7822265625 0.029296875 0.7744140625 0.029296875 0.7724609375 0.0317390625
0 0.8941437499999999 0 0.839925 0.058975 0.8452515625 0.064684375 0.9013734375 0.0011890625 0.8941437499999999 0
0 0.8109375 0 0.78734375 0.0203125 0.79140625 0.025 0.81765625 0.000390625 0.8109375 0
0 0.755625 0.0919921875 0.7390625 0.12421875 0.743125 0.128515625 0.76 0.0958984375 0.755625 0.0919921875
0 0.75046875 0.0767578125 0.7303124999999999 0.12265625 0.73625 0.12421875 0.755625 0.078125 0.75046875 0.0767578125
0 0.72 0.1357421875 0.72390625 0.1283203125 0.73328125 0.1064453125 0.756875 0.05 0.75265625 0.0474609375 0.71640625 0.1318359375 0.72 0.1357421875
0 0.7407812500000001 0.04375 0.70921875 0.1171875 0.7153125 0.1201171875 0.74546875 0.045703125 0.7407812500000001 0.04375
0 0.7271875 0.041015625 0.70234375 0.110546875 0.70703125 0.1126953125 0.73234375 0.0435546875 0.7271875 0.041015625
0 0.7264062499999999 0.011328125 0.694375 0.1044921875 0.7 0.1060546875 0.73125 0.015625 0.7264062499999999 0.011328125
0 0.7203125 0 0.68640625 0.1033203125 0.69140625 0.1048828125 0.7259375 0.0005859375 0.7203125 0
0 0.70546875 0 0.67390625 0.091796875 0.6798437500000001 0.0939453125 0.71203125 0 0.70546875 0
0 0.6520312500000001 0.1400390625 0.64609375 0.1482421875 0.64921875 0.153125 0.6559375000000001 0.143359375 0.6634375 0.128515625 0.65953125 0.125390625 0.6520312500000001 0.1400390625
0 0.68296875 0 0.6784375 0.0181640625 0.67140625 0.0447078125 0.66125 0.0781046875 0.6403125000000001 0.1382609375 0.6446875000000001 0.143534375 0.656875 0.109375 0.66953125 0.0693359375 0.685625 0.0158125 0.68921875 0 0.68296875 0
0 0.670625 0 0.66296875 0.0328125 0.6482812499999999 0.0822265625 0.63046875 0.131640625 0.635 0.136328125 0.64359375 0.11328125 0.66078125 0.062109375 0.67234375 0.023046875 0.67734375 0 0.670625 0
0 0.54574375 0.187796875 0.3114 0.1904703125 0.3114 0.1979609375 0.5463859375 0.1939484375 0.54574375 0.187796875
0 0.31053281250000003 0.17335 0.38565 0.17254687500000002 0.5508828125 0.16799999999999998 0.5508828125 0.1629171875 0.3116140625 0.1677328125 0.31053281250000003 0.17335
0 0 0.1834859375 0.1724484375 0.178828125 0.29424375 0.17471874999999998 0.2938765625 0.1685984375 0.00026406250000000003 0.1772703125 0 0.1834859375
0 0.640975 0.09330625000000001 0.5447609375 0.1065234375 0.40372031249999996 0.12476093749999999 0.31982187500000003 0.13189843750000002 0.389603125 0.12158906249999998 0.5109843749999999 0.10387968750000001 0.6486546875 0.0808828125 0.647809375 0.07533125 0.5158578125 0.097271875 0.3765203125 0.11656718749999999 0.2688875 0.1279328125 0.26982343750000004 0.1382421875 0.2983703125 0.14009218750000002 0.3427765625 0.137978125 0.4485265625 0.134278125 0.631671875 0.12819687500000002 0.631459375 0.12317499999999999 0.43649375 0.1284609375 0.5176937500000001 0.11762500000000001 0.61015625 0.1041015625 0.6426671875000001 0.09859375000000001 0.640975 0.09330625000000001