1 0.1884765625 0 0.1884765625 0.0146484375 0.2158203125 0.0146484375 0.236328125 0.0354 0.23046875 0.32836875 0.232421875 0.4577640625 0.2421875 0.462646875 0.24609375 0.16723593750000001 0.2509765625 0.15625 0.2802734375 0.1391609375 0.2956390625 0.1326953125 0.3251953125 0.134278125 0.3278609375 0.13037812499999998 0.3273328125 0.1237828125 0.316565625 0.12318437499999998 0.2919921875 0.1245125 0.2509765625 0.1489265625 0.24609375 0.14526406249999999 0.248046875 0.028076562500000003 0.2626953125 0.0146484375 0.2939453125 0.0122078125 0.2939453125 0 0.1884765625 0
1 0.39880468750000003 0.21706875 0.39025937499999996 0.2173546875 0.38818125000000003 0.21014062500000003 0.38125468749999997 0.21042812500000002 0.381715625 0.21793281250000002 0.3572375 0.218221875 0.3567765625 0.20811875 0.350771875 0.2084078125 0.349846875 0.2244796875 0.37376718750000004 0.22557968750000001 0.3728046875 0.257140625 0.350375 0.2579 0.35114999999999996 0.265625 0.3718328125 0.26823437499999997 0.369140625 0.435790625 0.3714015625 0.47143750000000006 0.376953125 0.4724125 0.37890625 0.2771 0.3818359375 0.26611406249999997 0.4031921875 0.263540625 0.40238125 0.2558109375 0.380859375 0.2551265625 0.38133125 0.22667968749999998 0.4038453125 0.2236015625 0.4038453125 0.21084999999999998 0.399496875 0.21129531250000003 0.39880468750000003 0.21706875
1 0.43119218750000005 0.4498796875 0.4296875 0.3015140625 0.4228515625 0.2978515625 0.4239109375 0.43263125 0.423828125 0.4479984375 0.43119218750000005 0.4498796875
0 0.00390625 0.0378421875 0.046875 0.0012203125 0.0407921875 0 0.0100609375 0.025153125 0 0.032959375 0.00390625 0.0378421875
0 0.23172500000000001 0.24116718750000002 0.232746875 0.23606406249999998 0.2095234375 0.2223484375 0.20472656250000001 0.21833593750000002 0.203390625 0.22480625 0.22049687499999998 0.23638281249999998 0.23172500000000001 0.24116718750000002
0 0.0828875 0 0.1295125 0.0340703125 0.1599421875 0.055709375000000005 0.2215875 0.0957984375 0.2340828125 0.1030875 0.2345109375 0.0969515625 0.213109375 0.0827734375 0.20268281250000003 0.0761421875 0.1220390625 0.0208265625 0.0928828125 0 0.0828875 0
0 0.20843124999999998 0.014951562500000001 0.2004875 0.015320312499999999 0.21658906249999998 0.0484203125 0.234990625 0.073875 0.2354265625 0.060365625 0.2220046875 0.043734375 0.20843124999999998 0.014951562500000001
0 0.2994765625 0.0734125 0.271153125 0.0124953125 0.262821875 0.016140625 0.27240312499999997 0.033321875 0.2985265625 0.0888078125 0.3157203125 0.120790625 0.32303281250000004 0.119615625 0.3148875 0.1030875 0.2994765625 0.0734125
0 0.24574531249999998 0.1012890625 0.24574531249999998 0.10805625 0.257825 0.1143046875 0.2761515625 0.13356874999999999 0.2794828125 0.1299234375 0.2684328125 0.11795156250000001 0.29031250000000003 0.12627968750000002 0.2964 0.1215171875 0.2619890625 0.10805625 0.25532499999999997 0.09243749999999999 0.24907812499999998 0.092959375 0.2544921875 0.105975 0.24574531249999998 0.1012890625
0 0.579384375 0.2123890625 0.43206249999999996 0.1693265625 0.3261015625 0.13279687499999998 0.32056874999999996 0.13615625 0.3356 0.14225156249999998 0.40610468749999995 0.1681703125 0.5349953125 0.2054375 0.5412015625000001 0.2070421875 0.576171875 0.21606406250000001 0.579384375 0.2123890625
0 0.3488171875 0.1297359375 0.3175734375 0.0548375 0.29724375 0.004546875000000001 0.2936046875 0.0109671875 0.3323390625 0.10405625 0.34719375 0.13935312500000002 0.3528828125 0.14070312499999998 0.3488171875 0.1297359375
0 0.0724671875 0.1189453125 0.06965312500000001 0.125321875 0.1251890625 0.168790625 0.15643281250000002 0.1934 0.159428125 0.1885859375 0.10871093750000001 0.14872812500000002 0.0724671875 0.1189453125
0 0 0.06740937500000001 0.0216140625 0.086134375 0.0248234375 0.0821203125 0 0.0623265625 0 0.06740937500000001
0 0.2956859375 0.2836125 0.2617671875 0.2577421875 0.25870000000000004 0.26229375 0.29359375 0.2865234375 0.2956859375 0.2836125
0 0.35984375 0.15234375 0.35750000000000004 0.1525390625 0.360934375 0.1610625 0.3712171875 0.180040625 0.38755 0.2097375 0.3920046875 0.20602499999999999 0.36994375 0.1683734375 0.36273125 0.1519328125 0.35984375 0.15234375
0 0.32876875 0.1476890625 0.3713765625 0.210390625 0.377721875 0.20699218749999998 0.333603125 0.14466874999999998 0.32876875 0.1476890625
0 0.3039171875 0.2911859375 0.34950625 0.2703125 0.3466671875 0.2667640625 0.33531093749999996 0.2715640625 0.302915625 0.2861765625 0.3039171875 0.2911859375
0 0.351796875 0.2654234375 0.29653125 0.2634015625 0.296484375 0.2676328125 0.3526046875 0.2686546875 0.351796875 0.2654234375