1 0.1459375 0 0.1453125 0.0048828125 0.1467453125 0.011571874999999999 0.1675765625 0.012151562500000001 0.1859375 0.0126953125 0.184375 0.0947265625 0.1460515625 0.09865937500000001 0.14489375 0.10560312499999999 0.184375 0.1064453125 0.1835484375 0.2783296875 0.1941953125 0.2786203125 0.196875 0.1064453125 0.2360890625 0.106471875 0.236784375 0.09518750000000001 0.196875 0.0947265625 0.196875 0.0205078125 0.20078125 0.009765625 0.237246875 0.0081015625 0.23671875 0 0.15875 0.0033203125 0.1534375 0 0.1459375 0
1 0.36875 0.4033203125 0.3703125 0.2724609375 0.3828125 0.2705078125 0.3824328125 0.26521875 0.3511046875 0.2644078125 0.3508875 0.271159375 0.3625 0.2744140625 0.3640625 0.2861328125 0.3636359375 0.3656875 0.3640625 0.4033203125 0.36875 0.4033203125
1 0.34591875 0.2698109375 0.345703125 0.2526859375 0.34591875 0.2365890625 0.34699843750000003 0.23118750000000002 0.3615625 0.230859375 0.361328125 0.22582968750000001 0.36140625000000004 0.2205078125 0.35734374999999996 0.220703125 0.32421875 0.227734375 0.3251953125 0.234375 0.3349609375 0.234375 0.337890625 0.23803749999999999 0.337890625 0.2722171875 0.3259375 0.2724609375 0.32546875000000003 0.2783203125 0.33984375 0.2819828125 0.33999999999999997 0.3025390625 0.32406250000000003 0.3025390625 0.32453125 0.31015625 0.33984375 0.3112796875 0.34221406249999997 0.40312656249999995 0.3427734375 0.43212968749999997 0.349609375 0.4309078125 0.34967187499999997 0.4071234375 0.34765625 0.3137203125 0.3505859375 0.3076171875 0.36140625000000004 0.3080078125 0.3609375 0.3017578125 0.34781249999999997 0.3009765625 0.34635 0.2776421875 0.36320312499999996 0.278453125 0.3623390625 0.27440000000000003 0.34591875 0.2698109375
0 0.44984375 0.2767578125 0.4 0.27109375 0.40015625000000005 0.2755859375 0.4496875 0.2810546875 0.44984375 0.2767578125
0 0.16075937499999998 0.1838796875 0.1253015625 0.1617171875 0.1221859375 0.1668078125 0.15788437500000002 0.1898671875 0.16075937499999998 0.1838796875
0 0.292878125 0.13082812500000002 0.261215625 0.0595875 0.2380921875 0.0067515625 0.23500000000000001 0.0080078125 0.23390624999999998 0.009571875 0.255 0.058009374999999995 0.2890078125 0.13610625 0.2971875 0.1533203125 0.32375 0.2017578125 0.32734375 0.197265625 0.3125 0.1701171875 0.292878125 0.13082812500000002
0 0.22035156250000001 0.0917484375 0.20160781249999998 0.06674375 0.198771875 0.07087656249999999 0.21657031249999997 0.0939125 0.22035156250000001 0.0917484375
0 0.23453125 0.089453125 0.20140625 0.0423828125 0.19890625 0.0482421875 0.23078125 0.0927734375 0.23453125 0.089453125
0 0.28671875 0.18203125 0.288125 0.18046875 0.29 0.17734375 0.26625 0.1314453125 0.24125000000000002 0.0744140625 0.21578124999999998 0.0103515625 0.21015625 0.012109375 0.21828124999999998 0.033203125 0.2603125 0.133203125 0.28671875 0.18203125
0 0.44960781250000004 0.25791718750000003 0.3533890625 0.24208593750000001 0.352509375 0.24802343750000003 0.448728125 0.2645140625 0.44960781250000004 0.25791718750000003
0 0.20515625 0.0099609375 0.19828125000000002 0.016015625 0.1984375 0.0220703125 0.21140625000000002 0.0111328125 0.20515625 0.0099609375
0 0.18812500000000001 0.0193359375 0.17890625 0.0125 0.17296875 0.0134765625 0.18640625 0.0251953125 0.18812500000000001 0.0193359375