1 0.600240625 0.08318281250000001 0.58828125 0.083984375 0.5649890625 0.082771875 0.5406109375 0.0786546875 0.5416000000000001 0.1041859375 0.5472 0.11200937500000001 0.562684375 0.11365624999999999 0.578125 0.1064453125 0.5775421875 0.1958578125 0.5585046874999999 0.1830453125 0.53828125 0.173828125 0.5157453125 0.1731609375 0.5128171874999999 0.17682031250000002 0.5169171875 0.1841421875 0.5265828124999999 0.1856078125 0.5532328125 0.1881703125 0.567584375 0.20061718750000002 0.5796875 0.2080078125 0.5751984375 0.4133140625 0.5831062499999999 0.41514375000000003 0.5907203125 0.174990625 0.5953125 0.1064453125 0.60859375 0.1015625 0.6117703125 0.11118593750000001 0.619346875 0.112421875 0.63125 0.0986328125 0.63125 0.0869140625 0.62734375 0.08203125 0.620665625 0.08318281250000001 0.600240625 0.08318281250000001
1 0.5034265625 0.43051562499999996 0.5046875 0.2802734375 0.5214796875000001 0.2771734375 0.52265625 0.265625 0.4751875 0.265021875 0.4768078125 0.2774625 0.49453125 0.27734375 0.49578749999999994 0.28961562500000004 0.4978703125 0.44584999999999997 0.5034265625 0.43051562499999996
1 0.4953125 0.4482421875 0.4953125 0.3583984375 0.48722343749999997 0.3544234375 0.4875 0.4228515625 0.4874546875 0.44903281249999993 0.4953125 0.4482421875
0 0.540625 0.1064453125 0.5193749999999999 0.171484375 0.52640625 0.1736328125 0.54609375 0.1087890625 0.540625 0.1064453125
0 0.5901562499999999 0 0.5584374999999999 0.065625 0.55203125 0.07890625 0.56015625 0.0802734375 0.59703125 0 0.5901562499999999 0
0 0.69046875 0 0.63015625 0.0853515625 0.6346875 0.090234375 0.665625 0.0470703125 0.6967187499999999 0 0.69046875 0
1 0.4640625 0.4501953125 0.4617625 0.3743859375 0.457134375 0.3740984375 0.4578125 0.4248046875 0.45783281249999996 0.4503640625 0.4640625 0.4501953125
0 0.53368125 0.335596875 0.5688984375 0.2846140625 0.578071875 0.269665625 0.5779078125 0.253490625 0.5554671875 0.2915734375 0.53056875 0.32925 0.53368125 0.335596875
0 0.5775812499999999 0.2324 0.5140234375 0.31491875 0.5177921875 0.3227 0.5774171875 0.24345781249999998 0.5775812499999999 0.2324
1 0.453125 0.4521484375 0.4546875 0.4501953125 0.4546875 0.3935546875 0.4546671875 0.390265625 0.4516984375 0.3880390625 0.4515625 0.4052734375 0.45 0.4072265625 0.45 0.4267578125 0.4505125 0.4518484375 0.4515625 0.4521484375 0.453125 0.4521484375
0 0.449521875 0.4102984375 0.407775 0.4112875 0.40737968750000003 0.41425625000000005 0.3630609375 0.4135140625 0.3628625 0.41969531250000003 0.410940625 0.4211796875 0.4119296875 0.41648125 0.448928125 0.4149984375 0.449521875 0.4102984375
0 0.43046875 0.3283203125 0.48890625 0.315625 0.48671875 0.3107421875 0.4534375 0.3169921875 0.42828125000000006 0.322265625 0.43046875 0.3283203125
0 0.48250000000000004 0.2642578125 0.48796875 0.265234375 0.50109375 0.233984375 0.5193749999999999 0.185546875 0.51484375 0.1853515625 0.5042187499999999 0.2126953125 0.48250000000000004 0.2642578125
0 0.5428124999999999 0.172265625 0.541875 0.1728515625 0.54734375 0.1787109375 0.55421875 0.176953125 0.5621875000000001 0.1736328125 0.5706249999999999 0.169140625 0.5753125 0.1654296875 0.57421875 0.160546875 0.5650000000000001 0.1658203125 0.5582812500000001 0.169140625 0.5528125 0.1712890625 0.5459375 0.171875 0.5428124999999999 0.172265625
0 0.71141875 0.2921890625 0.72328125 0.2861328125 0.7191171875 0.28297500000000003 0.715840625 0.285228125 0.70994375 0.28809375 0.6974953125 0.289528125 0.6771828125 0.2915734375 0.6780015625 0.29567031250000003 0.693890625 0.29464687500000003 0.70208125 0.2942359375 0.71141875 0.2921890625
0 0.7043671875 0.3026328125 0.7187812499999999 0.297921875 0.7317218750000001 0.2917796875 0.7276281250000001 0.288709375 0.72648125 0.288709375 0.72336875 0.29075625 0.7161609375 0.29464687500000003 0.7009265625000001 0.2983328125 0.68110625 0.3018125 0.681434375 0.30631875000000003 0.6929000000000001 0.304884375 0.7043671875 0.3026328125
0 0.60859375 0.2822265625 0.58875 0.272265625 0.58703125 0.2765625 0.60625 0.2861328125 0.60859375 0.2822265625
0 0.71140625 0.2697265625 0.70984375 0.2697265625 0.665 0.270703125 0.5878125 0.2681640625 0.58828125 0.27265625 0.66484375 0.2755859375 0.71203125 0.27421875 0.71140625 0.2697265625
0 0.6331249999999999 0.2322265625 0.67921875 0.2431640625 0.6990624999999999 0.2453125 0.7003125 0.2412109375 0.6371875 0.2271484375 0.6331249999999999 0.2322265625
0 0.67625 0.2107421875 0.666875 0.206640625 0.6599999999999999 0.203125 0.6564062500000001 0.2068359375 0.665 0.212109375 0.6796875 0.21796875 0.67890625 0.2115234375 0.67625 0.2107421875
0 0.830071875 0.00040625000000000004 0.8238218749999999 0 0.8063218750000001 0.0199375 0.749134375 0.09025 0.686571875 0.1630828125 0.653290625 0.2013640625 0.627621875 0.22661875 0.6134031249999999 0.235603125 0.630590625 0.2150953125 0.67488125 0.1655390625 0.7006625 0.13370312499999998 0.6969125 0.1296015625 0.679725 0.150109375 0.63394375 0.20505 0.61238125 0.228096875 0.60675625 0.2349328125 0.59894375 0.24176875 0.5880062500000001 0.248140625 0.5884375000000001 0.26008437500000003 0.5978125000000001 0.2505140625 0.60109375 0.24758437500000002 0.61921875 0.2386 0.6329687500000001 0.22961562500000002 0.6478125 0.21594375000000002 0.67671875 0.182740625 0.71765625 0.137040625 0.75390625 0.0934859375 0.8172593750000001 0.015640625 0.830071875 0.00040625000000000004
0 0.8024609375 0.005375 0.7983265625 0.0020671875 0.77351875 0.034525 0.7222484375 0.09654531250000001 0.72555625 0.102953125 0.757475 0.06408749999999999 0.7839375000000001 0.031837500000000005 0.8024609375 0.005375
0 0.759625 0.0272890625 0.7040546875 0.0905484375 0.7081906250000001 0.0938578125 0.7414328125 0.056439062500000005 0.77715625 0.014059374999999999 0.7751718750000001 0.01075 0.759625 0.0272890625
0 0.69445 0.10303124999999999 0.6938093750000001 0.10143125 0.58890625 0.21953125 0.5901562499999999 0.22734375 0.6334375 0.1802734375 0.66628125 0.1416421875 0.6968515625 0.10683281250000001 0.69445 0.10303124999999999
0 0.59890625 0.1640625 0.59765625 0.1625 0.5974999999999999 0.1625 0.5953125 0.1615234375 0.5940624999999999 0.161328125 0.5901562499999999 0.16171875 0.5900000000000001 0.181640625 0.590625 0.18203125 0.591875 0.182421875 0.5940624999999999 0.18203125 0.5962500000000001 0.1798828125 0.59765625 0.1775390625 0.6168750000000001 0.1884765625 0.620625 0.183203125 0.61046875 0.1791015625 0.6103125 0.1775390625 0.6240625 0.1794921875 0.6264062499999999 0.1755859375 0.60078125 0.171484375 0.6003125 0.1701171875 0.59984375 0.1677734375 0.59890625 0.1640625
0 0.64140625 0.1939453125 0.6284375 0.1865234375 0.6235937500000001 0.191015625 0.6392187500000001 0.198046875 0.64171875 0.194140625 0.64140625 0.1939453125
0 0.653125 0.1814453125 0.6346875 0.1787109375 0.63203125 0.1833984375 0.6496875 0.1857421875 0.653125 0.1814453125
0 0.613371875 0.11432031250000001 0.5903265625 0.15730312500000002 0.5950078125 0.1604546875 0.619853125 0.11544531250000001 0.613371875 0.11432031250000001
0 0.56641875 0.2015703125 0.553121875 0.22471718749999997 0.5372984375 0.24743906249999997 0.5238328125 0.26490468749999996 0.5260203125 0.2691109375 0.5423484375000001 0.24933437500000002 0.5586765625 0.2255578125 0.570459375 0.203675 0.56641875 0.2015703125