1 0.046284375 0.24139062500000003 0.0525390625 0.2402171875 0.0523828125 0.23200781250000002 0.046718749999999996 0.228125 0.034999999999999996 0.2251953125 0.033306249999999996 0.252140625 0.0398734375 0.2556578125 0.0370125 0.45378281249999997 0.0441859375 0.45293593750000005 0.046284375 0.24139062500000003
1 0.021279687499999998 0.2785125 0.0197515625 0.3541796875 0.0257859375 0.357996875 0.0272875 0.2785125 0.021279687499999998 0.2785125
1 0.7183796874999999 0.2403390625 0.7222203125 0.2355390625 0.7234375 0.2294921875 0.71796875 0.2265625 0.708984375 0.2309453125 0.7066625 0.23961875 0.7097359375 0.2437015625 0.7108890625 0.281396875 0.7181875 0.28115625 0.7183796874999999 0.2403390625
0 1 0.26002187499999996 0.8321875000000001 0.2419921875 0.72390625 0.2310546875 0.7234375 0.2333984375 0.72265625 0.2390625 0.8339812500000001 0.25105468750000004 1 0.2685546875 1 0.26002187499999996
0 0.396634375 0.2455875 0.46125 0.2455078125 0.7071578125 0.23838281249999999 0.7078125 0.2314453125 0.449753125 0.23767187500000003 0.325046875 0.23701406249999998 0.10334531250000001 0.2311484375 0.10307031250000001 0.239071875 0.15921875000000002 0.241015625 0.17734375 0.2412109375 0.396634375 0.2455875
0 0 0.280440625 0.0301703125 0.276328125 0.030231249999999998 0.27116406249999997 0 0.27414218749999997 0 0.280440625
0 0.02046875 0.284375 0.0025 0.2896484375 0.0038390624999999996 0.29415625 0.021875 0.2888671875 0.02046875 0.284375
0 0.047175 0.23450156249999998 0.086121875 0.23450156249999998 0.0888640625 0.23450156249999998 0.0888640625 0.229015625 0.0470796875 0.22764062499999999 0.047175 0.23450156249999998
0 0.29650625 0.2941890625 0.3835703125 0.295221875 0.5134296875000001 0.29556875 0.64851875 0.29625625 0.679109375 0.29591249999999997 0.6802125 0.2873015625 0.6746375 0.2869546875 0.5848984374999999 0.2873015625 0.444046875 0.2893671875 0.273934375 0.286265625 0.136903125 0.27885624999999997 0.1369671875 0.28144375 0.1369671875 0.2821328125 0.136690625 0.2866109375 0.1719671875 0.2873015625 0.2196171875 0.29074374999999997 0.29650625 0.2941890625
0 0.166634375 0.29866875 0.27268125 0.3038484375 0.354190625 0.305903125 0.48921875000000004 0.3052734375 0.556696875 0.3041375 0.611403125 0.3041796875 0.612525 0.2973890625 0.602171875 0.2973890625 0.428959375 0.2972890625 0.35363125 0.2980640625 0.2814703125 0.2957515625 0.1820671875 0.291090625 0.1365953125 0.2897109375 0.1369765625 0.29748593749999996 0.166634375 0.29866875
0 0.98078125 0.33046875 0.89671875 0.31875 0.89578125 0.3265625 0.97984375 0.337109375 0.98078125 0.33046875
1 0.98203125 0.3361328125 0.98203125 0.343359375 0.98703125 0.3439453125 0.9842187499999999 0.4216796875 0.99046875 0.42109375 0.9928125 0.34375 0.9990625 0.3439453125 0.9990625 0.3375 0.9925 0.3375 0.9926562499999999 0.3341796875 0.98859375 0.334375 0.98828125 0.3365234375 0.98203125 0.3361328125