1 0.1754421875 0.18884375 0.17452812499999998 0.4073828125 0.1845796875 0.40776406249999997 0.184375 0.4033203125 0.184375 0.2177734375 0.1839703125 0.1884625 0.1754421875 0.18884375
1 0.286615625 0.0883296875 0.2796875 0.1630859375 0.2703125 0.1904296875 0.26773125000000003 0.411953125 0.2668171875 0.4332734375 0.27595468749999996 0.43251249999999997 0.2807264859375 0.200049234375 0.2847875 0.18884375 0.3137234375 0.1880828125 0.3131140625 0.1690453125 0.2938776375 0.169700425 0.29944158593750003 0.1368225484375 0.30020030625 0.12063651718749999 0.3087991359375 0.12063651718749999 0.3090520421875 0.1082440875 0.31613343125000004 0.1077382734375 0.31663924374999997 0.097116190625 0.31676875 0.08795 0.286615625 0.0883296875
1 0.3373984375 0.2425875 0.35508107031249997 0.24304338125 0.3555868828125 0.2503776765625 0.3386484375 0.25015 0.3391 0.2574828125 0.3560203125 0.25663749999999996 0.3560203125 0.261996875 0.35484218749999996 0.3438 0.35307656249999997 0.4738171875 0.3606296875 0.47363125000000006 0.3634269921875 0.2579648796875 0.38241718750000003 0.25720156250000004 0.3826479046875 0.24886023750000003 0.3641857125 0.24961895781250001 0.36436875 0.2419734375 0.3823949984375 0.2417788484375 0.3825765625 0.23229531250000002 0.3612109375 0.23201718750000003 0.3373984375 0.232571875 0.3373984375 0.2425875
0 0.854971875 0 0.8114531250000001 0.0581640625 0.74550625 0.142271875 0.7063390625 0.1841171875 0.671525 0.2188484375 0.6557906250000001 0.23767812500000002 0.6316875 0.263621875 0.6246578125 0.27073593749999997 0.616959375 0.2774296875 0.6059109375 0.28245156250000003 0.6055765625 0.289146875 0.6182984375 0.28538125000000003 0.6410609375 0.2652953125 0.6738671875 0.22554218750000002 0.6952921875 0.2062953125 0.7260890625 0.17700312499999998 0.7562171875 0.1439453125 0.7910328125 0.10251874999999999 0.8291953124999999 0.052725 0.8695140625000001 0 0.854971875 0
0 0.7946234375000001 0 0.7605046875 0.04849375 0.7178578124999999 0.1121234375 0.6768609375 0.16336875 0.6598015625 0.1864125 0.6353140625 0.21599062500000002 0.638340625 0.2211484375 0.66805625 0.18813125 0.7239109375 0.11659375000000001 0.7591296875 0.067753125 0.78691875 0.0268265625 0.804528125 0 0.7946234375000001 0
0 0.4548078125 0.24885625 0.384859375 0.2552265625 0.3857078125 0.2598296875 0.447728125 0.2545203125 0.5159765625 0.24779374999999998 0.564403125 0.24071250000000002 0.5638359375 0.233634375 0.4987015625 0.23929687500000002 0.4361171875 0.24460781250000002 0.3851421875 0.24779374999999998 0.3851421875 0.2534578125 0.45509062499999997 0.24779374999999998 0.4548078125 0.24885625
0 0.49955156250000005 0.237528125 0.5638359375 0.232571875 0.5632703125 0.22761562500000002 0.4853921875 0.23115625 0.3828765625 0.23115625 0.3828765625 0.23469531250000003 0.4134609375 0.2350484375 0.383159375 0.2357578125 0.383159375 0.24283749999999998 0.49955156250000005 0.237528125
0 0.49615312500000003 0.3072640625 0.5210734375 0.2969984375 0.5196578125 0.293103125 0.4899234375 0.303015625 0.4757640625 0.30549375 0.430453125 0.3100953125 0.43016875 0.31646718749999997 0.48284374999999996 0.31045 0.49615312500000003 0.3072640625
0 0.4818203125 0.3183046875 0.494621875 0.31539375000000003 0.49299375 0.31103125 0.466690625 0.315103125 0.45039687500000003 0.3162671875 0.427121875 0.3177234375 0.4273546875 0.3223765625 0.45877656250000004 0.321503125 0.4818203125 0.3183046875
0 0.2499015625 0.262046875 0.1986734375 0.26275624999999997 0.1986734375 0.2665375 0.250090625 0.2655921875 0.2499015625 0.262046875
0 0.24933437500000002 0.2551953125 0.193759375 0.255665625 0.194325 0.2611015625 0.24933437500000002 0.260865625 0.24933437500000002 0.2551953125
0 0.3103921875 0.0869546875 0.2814703125 0.0408796875 0.2773109375 0.04749375 0.306421875 0.09191875000000001 0.3103921875 0.0869546875
0 0.32230156249999997 0.1755640625 0.336478125 0.2052734375 0.350278125 0.22542187500000002 0.3516015625 0.22494999999999998 0.35481406249999997 0.2240046875 0.34176875 0.20315625 0.3347859375 0.18887343750000002 0.31965468750000003 0.15618749999999998 0.3062328125 0.122871875 0.3018859375 0.12405312500000001 0.31095937500000004 0.14933593750000002 0.32230156249999997 0.1755640625
0 0.3523203125 0.2082890625 0.357271875 0.21809531249999997 0.365778125 0.22896718749999997 0.37069375 0.22849375 0.360296875 0.21218906249999997 0.347271875 0.1835828125 0.33402031249999997 0.147209375 0.31965468750000003 0.1056234375 0.3136234375 0.1087203125 0.3292953125 0.1540625 0.3434625 0.1899296875 0.3523203125 0.2082890625
0 0.3578578125 0.2260421875 0.29840468750000004 0.2205640625 0.2982140625 0.22651875000000002 0.35728593750000004 0.231759375 0.3578578125 0.2260421875
0 0.29878593750000004 0.2584375 0.3391828125 0.2567703125 0.33899218750000004 0.25200625 0.29878593750000004 0.253909375 0.29840468750000004 0.2579609375 0.29878593750000004 0.2584375