1 0.353015625 0.0559671875 0.3383953125 0.057109375 0.32347031249999997 0.055207812499999995 0.319815625 0.049115625 0.309365625 0.0500828125 0.3086875 0.05703125 0.282496875 0.059256249999999996 0.28288281249999997 0.066 0.309475 0.0703359375 0.30979999999999996 0.0951421875 0.318359375 0.09399375 0.320265625 0.06696250000000001 0.3449640625 0.0673234375 0.3449640625 0.0815109375 0.3553375 0.08189687500000001 0.356315625 0.0681578125 0.3643265625 0.0662109375 0.365234375 0.0598140625 0.3656609375 0.0469125 0.3554515625 0.0472109375 0.353015625 0.0559671875
0 0.3506625 0.0506328125 0.3245515625 0 0.31677187500000004 0.00042187500000000005 0.3464953125 0.05641875 0.3506625 0.0506328125
0 0.17204375 0 0.2001203125 0.040075 0.20310625 0.0328546875 0.1790125 0 0.17204375 0
0 1 0.103209375 0.8735781250000001 0.09795781249999999 0.871896875 0.10531093750000001 1 0.1110875 1 0.103209375
0 1 0.145490625 0.987659375 0.144440625 0.98786875 0.1431265625 0.9998453125 0.143390625 1 0.1394515625 0.9277828124999999 0.1384 0.8620218749999999 0.134725 0.8616015625 0.1405015625 0.8769390625 0.1426015625 0.8616015625 0.1431265625 0.8618124999999999 0.14942968750000002 0.9391281250000001 0.1481171875 1 0.15100625 1 0.145490625
0 0.57723125 0.08346875000000001 0.745375 0.09435625 0.745375 0.0890765625 0.6413859375000001 0.082478125 0.5080203125 0.0715921875 0.3646734375 0.061364062500000004 0.3639625 0.066971875 0.49355312500000004 0.076540625 0.57723125 0.08346875000000001
0 0.8363375 0.095884375 0.7900875 0.0930640625 0.7900875 0.09814062500000001 0.8361109375 0.10180625000000001 0.8363375 0.095884375
0 0.777678125 0.0919359375 0.756696875 0.0910890625 0.7560203125 0.096165625 0.7779046875 0.0967296875 0.777678125 0.0919359375
0 0.344546875 0.078178125 0.3197578125 0.07732343750000001 0.3208953125 0.08158750000000001 0.3440921875 0.08215625 0.344546875 0.078178125
0 0.35635 0.0793140625 0.35455312499999997 0.08556875 0.441884375 0.096371875 0.637759375 0.11968125 0.7710234375 0.132475 0.8345437499999999 0.137875 0.8336343749999999 0.1321890625 0.7785968750000001 0.1267890625 0.6657953125 0.1159859375 0.5644234375 0.10461562499999999 0.4322953125 0.0889796875 0.35635 0.0793140625
0 0.4700609375 0.151521875 0.6844390625 0.150953125 0.8348968749999999 0.149815625 0.8344421875 0.14327812499999998 0.71731875 0.1435609375 0.5615812499999999 0.1452671875 0.40155 0.14583593749999998 0.4008671875 0.150953125 0.40433593749999996 0.1512359375 0.4700609375 0.151521875
0 0.46508125 0.1842125 0.40163125 0.168009375 0.39935624999999997 0.1734109375 0.479409375 0.1953015625 0.5426328125000001 0.2097984375 0.601990625 0.22344375 0.6715828125 0.2385125 0.6970546875 0.24391250000000003 0.699328125 0.23794062500000002 0.568559375 0.21008125 0.46508125 0.1842125
0 0.4029953125 0.18307656249999998 0.48873437500000005 0.21463125 0.5142046875 0.2220234375 0.620184375 0.250734375 0.6561171875 0.258978125 0.6574828125 0.253578125 0.6238234375 0.2450484375 0.530125 0.2186109375 0.4555296875 0.195584375 0.402540625 0.17653749999999999 0.4029953125 0.18307656249999998
0 0.4543921875 0.21804375 0.40754375 0.194446875 0.4041328125 0.1992796875 0.46189843750000004 0.2285609375 0.5112484375 0.2493125 0.5703796875 0.270634375 0.609040625 0.28172031249999996 0.6375 0.290234375 0.66609375 0.2962890625 0.7246875 0.3083984375 0.7398125 0.311553125 0.7390625 0.3060546875 0.68265625 0.294140625 0.6381515624999999 0.2839953125 0.5969875 0.2729078125 0.51784375 0.2459015625 0.4543921875 0.21804375
0 0.7970515625 0.2529671875 0.7371749999999999 0.2447046875 0.7371749999999999 0.25005 0.7962734375 0.259040625 0.7970515625 0.2529671875
0 0.796475 0.2792734375 0.7616140625 0.2745515625 0.7616140625 0.279915625 0.7950999999999999 0.28485312500000004 0.796475 0.2792734375
0 0.4448625 0.25256249999999997 0.5218796875 0.287103125 0.5872953125 0.3138046875 0.5888640625 0.307925 0.5251718750000001 0.28245 0.4367875 0.2425203125 0.413465625 0.23075937500000002 0.41248593749999996 0.237128125 0.41409375 0.23810937499999998 0.4448625 0.25256249999999997
0 0.415021875 0.2951359375 0.4133671875 0.298090625 0.44881875000000004 0.31079218750000004 0.4299109375 0.3054765625 0.429203125 0.3096109375 0.47174375 0.3202484375 0.508378125 0.3273375 0.544303125 0.334721875 0.6142609375 0.341221875 0.678309375 0.346540625 0.6780734374999999 0.3403359375 0.598425 0.3320640625 0.5466656249999999 0.3237921875 0.48308906250000005 0.30813437499999996 0.421403125 0.2892265625 0.41833125000000004 0.2945453125 0.4863984375 0.3158171875 0.4863984375 0.3172921875 0.415021875 0.2951359375