1 0.6958515625 0 0.697315625 0.031096875000000003 0.6832296875 0.0171484375 0.6669921875 0.009765625 0.6398765625 0.006403125 0.6276203125 0.00663125 0.60621875 0.0059453125 0.6105671874999999 0.0140765625 0.6376953125 0.0122078125 0.6636562500000001 0.014634375 0.6787109375 0.0219734375 0.6953125 0.0378421875 0.70316875 0.2263703125 0.7108515625 0.48018124999999995 0.7189 0.47926718749999997 0.72969375 0.47766562500000004 0.714328125 0 0.6958515625 0
1 0.5892328124999999 0 0.580975 0.009146875 0.582071875 0.016234375000000002 0.5882562499999999 0.0207515625 0.5882562499999999 0.052490625 0.558540625 0.05511875000000001 0.5583843749999999 0.06723749999999999 0.5609124999999999 0.0671390625 0.58903125 0.06977968749999999 0.5899703125 0.098509375 0.5730828125 0.098509375 0.5707375 0.08717343749999999 0.5627625 0.08854218750000001 0.5637 0.10906562500000001 0.5902093749999999 0.10864218750000001 0.5902093749999999 0.14038124999999999 0.559946875 0.1403375 0.5610421875 0.157734375 0.592159375 0.15734375 0.5960687499999999 0.3503421875 0.5952468750000001 0.394878125 0.606584375 0.3964921875 0.6053 0.353796875 0.6019281249999999 0.16479531249999999 0.6068109374999999 0.153809375 0.6325015625 0.152653125 0.6321890625 0.1471796875 0.6320328125 0.1422921875 0.6019281249999999 0.14038124999999999 0.6019281249999999 0.10864218750000001 0.6312249999999999 0.10375937500000001 0.6302484374999999 0.087890625 0.6070140625 0.08736875 0.6065453125 0.0979234375 0.601228125 0.0973375 0.6010718749999999 0.0693859375 0.6318765625 0.06801874999999999 0.63109375 0.051601562499999996 0.5999749999999999 0.05493125 0.5999749999999999 0.0207515625 0.608596875 0.015092187500000001 0.6078640625 0.0102890625 0.599084375 0 0.5892328124999999 0
1 0.5499515625 0.2275015625 0.5324984374999999 0.22545625 0.5330468749999999 0.23689062500000002 0.54969375 0.23803281250000002 0.548828125 0.25756875 0.5348765625 0.2583828125 0.5348765625 0.2673 0.550059375 0.2663875 0.5511578125 0.27850625 0.5570109375000001 0.27804843749999997 0.557925 0.2647859375 0.5736578125 0.26432812499999997 0.5736578125 0.2583828125 0.5570109375000001 0.2590703125 0.557925 0.23620312499999999 0.573840625 0.23483125 0.5740234375 0.2256859375 0.558834375 0.227253125 0.5571937499999999 0.2206546875 0.5511578125 0.22088281250000003 0.5499515625 0.2275015625
0 0.7593640625 0.0345109375 0.771715625 0.04925 0.7790703125 0.054174999999999994 0.7932546874999999 0.0627109375 0.790103125 0.0699359375 0.8121671875 0.0843828125 0.8171578125 0.078471875 0.8631249999999999 0.10506718749999999 0.8949078125 0.1204984375 0.9421875 0.13921250000000002 0.9758093750000001 0.14906406249999998 0.9999750000000001 0.152346875 1 0.14775 0.982375 0.14578125 0.9474406249999999 0.1349453125 0.89254375 0.11261874999999999 0.8368578125000001 0.08306875 0.800609375 0.061726562500000005 0.77565625 0.0446546875 0.7640984375000001 0.0318484375 0.7593640625 0.0345109375
0 0.841153125 0.085371875 0.8843328125 0.10846562500000001 0.9219062499999999 0.122478125 0.95096875 0.13182031249999998 0.9534593750000001 0.1274078125 0.9192078125 0.11572968749999998 0.8880687500000001 0.10353593750000001 0.8496640624999999 0.0840734375 0.8087703125000001 0.059421875 0.7828203125 0.041778125 0.7803296875 0.0454109375 0.7894640625 0.052935937499999995 0.841153125 0.085371875
0 0.8037875 0 0.7790843749999999 0.034771875 0.7774234375 0.0365875 0.766421875 0.028025 0.7651765625 0.0321765625 0.778046875 0.0469671875 0.785934375 0.0365875 0.8058640625000001 0.00700625 0.8110531249999999 0 0.8037875 0
0 0.7687046875 0.0443734375 0.731546875 0.06850468750000001 0.73009375 0.07680781249999999 0.77181875 0.0490421875 0.7687046875 0.0443734375
0 0.7529281250000001 0.020499999999999997 0.7149390624999999 0.019201562499999998 0.71473125 0.02595 0.7523046875 0.027246874999999997 0.7529281250000001 0.020499999999999997
0 0.7691203125 0 0.7518906249999999 0.028803125000000002 0.737565625 0.0430734375 0.7153546875 0.057604687499999994 0.7163921875 0.0648703125 0.736528125 0.0506 0.73798125 0.05137968750000001 0.7170156249999999 0.07836562500000001 0.7178453124999999 0.0897828125 0.7197140625 0.0879671875 0.735490625 0.06409375 0.748984375 0.041517187500000004 0.7639296875 0.0321765625 0.784896875 0.0005203125 0.7736875000000001 0 0.7691203125 0
0 0.646434375 0.20058437499999998 0.6819328125 0.1460921875 0.700615625 0.1167703125 0.6972937499999999 0.1113203125 0.642490625 0.19721093750000002 0.646434375 0.20058437499999998
0 0.64975625 0.159584375 0.6061625 0.2343171875 0.6107296875 0.23768906250000002 0.648303125 0.17281875 0.6972937499999999 0.0819984375 0.6941796874999999 0.077328125 0.64975625 0.159584375
0 0.615625 0.1541015625 0.60546875 0.2060546875 0.60984375 0.2076171875 0.6203125 0.1546875 0.615625 0.1541015625
0 0.6109375 0.1439453125 0.61921875 0.10625 0.61453125 0.1056640625 0.6075 0.142578125 0.6109375 0.1439453125
0 0.6196875000000001 0.1060546875 0.61625 0.14296875 0.6207812500000001 0.14296875 0.6235937500000001 0.10546875 0.6196875000000001 0.1060546875
0 0.661875 0.046875 0.63171875 0.08671875 0.6334375 0.092578125 0.6640625 0.051171875 0.67625 0.03046875 0.6725 0.02890625 0.661875 0.046875
0 0.6459374999999999 0.0275390625 0.6296875 0.0513671875 0.63171875 0.0564453125 0.65046875 0.0296875 0.6459374999999999 0.0275390625
0 0.6793750000000001 0.023046875 0.6001562500000001 0.023046875 0.6003125 0.0279296875 0.68421875 0.0283203125 0.6793750000000001 0.023046875
0 0.63015625 0.051171875 0.63109375 0.0287109375 0.6265625 0.02890625 0.62609375 0.051171875 0.63015625 0.051171875
0 0.61171875 0.053125 0.6246875000000001 0.0322265625 0.62015625 0.0291015625 0.6071875 0.05078125 0.61171875 0.053125
0 0.67 0.016796875 0.6259375 0.0125 0.62546875 0.01640625 0.6704687500000001 0.020703125 0.67 0.016796875
0 0.57265625 0.1568359375 0.5665625000000001 0.1857421875 0.563090625 0.20511718750000002 0.56421875 0.157421875 0.55984375 0.1578125 0.5587546875 0.225790625 0.5611640625 0.22558906250000002 0.5700000000000001 0.1884765625 0.5717609375 0.1870546875 0.5667828125 0.22398437499999999 0.5722421875 0.22458593750000003 0.573125 0.2150390625 0.5759359374999999 0.17862499999999998 0.5772203124999999 0.156546875 0.57265625 0.1568359375
0 0.564375 0.1404296875 0.5640625 0.069140625 0.56078125 0.06875 0.5603125 0.1404296875 0.564375 0.1404296875
0 0.5578125 0.0255859375 0.55265625 0.025384374999999997 0.5426562500000001 0.140234375 0.5337500000000001 0.2240234375 0.53796875 0.22440625 0.546875 0.1414 0.5578125 0.0255859375
0 0.57140625 0.0271484375 0.56203125 0.05390625 0.5675 0.0548828125 0.5765625 0.0275390625 0.57140625 0.0271484375
0 0.2019171875 0.0008593750000000001 0.1855984375 0 0.18491249999999998 0.004078125 0.3185546875 0.0161 0.4054203125 0.020821875 0.5388531249999999 0.0266171875 0.587309375 0.02683125 0.587825 0.0212515625 0.555196875 0.021467187500000002 0.5237406250000001 0.0210375 0.407309375 0.0154546875 0.3058140625 0.0088015625 0.2019171875 0.0008593750000000001
0 0.458859375 0.0050015625 0.519196875 0.009603125 0.58145625 0.0124046875 0.5812953125 0.0080015625 0.4591796875 0 0.458859375 0.0050015625
0 0.58078125 0.1400390625 0.5825 0.1091796875 0.5771875 0.108984375 0.57609375 0.1392578125 0.58078125 0.1400390625