1 0.7861328125 0.0463875 0.7906640625 0.045121875 0.794921875 0.045165625 0.794921875 0.0573734375 0.7822265625 0.05859375 0.78125 0.064696875 0.7841796875 0.068359375 0.796875 0.064696875 0.802071875 0.28655624999999996 0.8129593749999999 0.286646875 0.8103046875000001 0.2063578125 0.808978125 0.1549359375 0.8132250000000001 0.10715937499999999 0.806640625 0.10620156249999999 0.806640625 0.0378421875 0.7958984375 0.0341796875 0.7914609375 0.0368265625 0.77739375 0.038153124999999996 0.77734375 0.045165625 0.7861328125 0.0463875
1 0.775390625 0.24047812500000001 0.775390625 0.2624515625 0.77734375 0.2648921875 0.77734375 0.2844234375 0.7802734375 0.2880859375 0.783203125 0.286865625 0.783203125 0.2551265625 0.78515625 0.2526859375 0.78515625 0.24536093750000001 0.783203125 0.24292031249999999 0.783203125 0.22827187499999999 0.7802734375 0.224609375 0.7763671875 0.224609375 0.7734375 0.23071250000000001 0.7734375 0.23803749999999999 0.775390625 0.24047812500000001
1 0.53125 0.3723140625 0.5341796875 0.3759765625 0.53515625 0.37475625 0.537109375 0.3723140625 0.537109375 0.29663125 0.5458984375 0.29541093749999997 0.548828125 0.2917484375 0.548828125 0.28930625 0.5205078125 0.2880859375 0.517578125 0.2917484375 0.5205078125 0.29541093749999997 0.53125 0.29663125 0.53125 0.3723140625
1 0.12265625 0.2603515625 0.12859375 0.261475 0.12859375 0.407959375 0.1288328125 0.43649375 0.137121875 0.434334375 0.13640625 0.263915625 0.14937499999999998 0.262109375 0.1675 0.2591796875 0.1671875 0.2513671875 0.1608203125 0.248046875 0.10808593749999999 0.25048906249999997 0.10406249999999999 0.251171875 0.1028125 0.255859375 0.10484374999999999 0.261328125 0.12265625 0.2603515625
1 0.27452187499999997 0.33506562500000003 0.27414062499999997 0.339584375 0.2842234375 0.339109375 0.285175 0.43756093749999997 0.2908828125 0.4368453125 0.28802812499999997 0.3386328125 0.30134531249999996 0.339109375 0.30134531249999996 0.33316406249999997 0.27490156250000003 0.3324515625 0.27452187499999997 0.33506562500000003
0 1 0.15305312499999998 0.9150812500000001 0.1105765625 0.914003125 0.11731875 0.96659375 0.1429390625 1 0.1597953125 1 0.15305312499999998
0 0.9002484374999999 0.1041703125 0.8107093750000001 0.0552875 0.8088203125 0.0620296875 0.9002484374999999 0.11158749999999999 0.9002484374999999 0.1041703125
0 0.8238890624999999 0.11810156249999999 0.8220359374999999 0.12439843749999999 0.85979375 0.1365328125 0.9010578125 0.15440156249999998 0.9015968750000001 0.1486703125 0.8592546875 0.129790625 0.8238890624999999 0.11810156249999999
0 0.7806453125 0.0689140625 0.7951953125 0.1198953125 0.7978609375 0.11553906249999998 0.7947859375 0.10273125000000001 0.78474375 0.0691703125 0.7806453125 0.0689140625
0 0.7982703124999999 0.0935078125 0.7880234374999999 0.0689140625 0.784128125 0.07070625 0.7964249999999999 0.09811875 0.7982703124999999 0.0935078125
0 0.78085 0.061228125 0.6699734375 0.07070625 0.6703828125 0.0771109375 0.78 0.0673828125 0.78085 0.061228125
0 0.7895531250000001 0.107028125 0.7328734375 0.1113359375 0.733046875 0.117365625 0.7912765625 0.112196875 0.7895531250000001 0.107028125
0 0.7914484374999999 0.12072968749999999 0.7511359375 0.12310000000000001 0.7511359375 0.128053125 0.7916203125 0.12568437500000001 0.7914484374999999 0.12072968749999999
0 0.4281390625 0.2962875 0.27790625 0.3049140625 0.2784359375 0.310221875 0.44380625 0.3008 0.5183859375 0.294296875 0.5181203125 0.28965 0.4281390625 0.2962875
0 0.6186375 0.2783859375 0.5481671875 0.2846640625 0.5485249999999999 0.290715625 0.6188171875 0.28331875 0.6186375 0.2783859375
0 0.506259375 0.26323281249999997 0.2744359375 0.2810171875 0.276765625 0.286259375 0.44735312499999996 0.2739046875 0.606434375 0.260578125 0.6058609374999999 0.25540625 0.506259375 0.26323281249999997
0 0.6629437499999999 0.25110156250000004 0.6246968749999999 0.25303906249999997 0.6246968749999999 0.25842343749999996 0.663115625 0.2567015625 0.6629437499999999 0.25110156250000004
0 0.175425 0.30577187499999997 0.13651875 0.3051875 0.136053125 0.3110125 0.175890625 0.3115953125 0.175425 0.30577187499999997
0 0.254634375 0.30489687499999996 0.1933640625 0.3046046875 0.19313125 0.3104296875 0.254634375 0.3107203125 0.254634375 0.30489687499999996
0 0.14984375 0.2619140625 0.13546875 0.2751953125 0.1365625 0.28046875 0.15484375 0.262890625 0.14984375 0.2619140625
0 0.4101125 0.0782109375 0.5476046875 0.0670375 0.6233109375 0.0604109375 0.6209515624999999 0.0538921875 0.40748281249999996 0.0719671875 0.4101125 0.0782109375
0 0.48857343750000004 0.0870921875 0.4248765625 0.0902953125 0.425559375 0.09541875 0.48874375 0.0926421875 0.48857343750000004 0.0870921875
0 0.6470312500000001 0.073828125 0.5616625 0.081115625 0.5620046875 0.08559687499999999 0.6484140625 0.07897968749999999 0.6470312500000001 0.073828125
0 0.21586093750000002 0.121915625 0.0005859375 0.066265625 0 0.07265625 0.1388296875 0.1080046875 0.2126390625 0.1277734375 0.21586093750000002 0.121915625
0 0.3850484375 0.0742125 0.30343749999999997 0.08046875 0.3041203125 0.0853421875 0.38544375 0.0789125 0.3850484375 0.0742125
0 0.36046875 0.0984375 0.32377500000000003 0.09930781250000001 0.32375 0.1037109375 0.36062500000000003 0.102734375 0.36046875 0.0984375
0 0.28573125 0.1384203125 0.1990328125 0.1386390625 0.1988546875 0.14308749999999998 0.28573125 0.14308749999999998 0.28573125 0.1384203125
0 0.3015765625 0.1317390625 0.1990328125 0.13151718750000002 0.1988546875 0.1368578125 0.3015765625 0.1361890625 0.3015765625 0.1317390625
0 0.7631249999999999 0.2591796875 0.72578125 0.26484375 0.725625 0.2685546875 0.76484375 0.2630859375 0.7631249999999999 0.2591796875
0 0 0.10984374999999999 0.09210937500000001 0.202296875 0.13374999999999998 0.2365234375 0.151775 0.2490390625 0.15562499999999999 0.2458984375 0.094584375 0.195421875 0.022821875 0.1246234375 0 0.101134375 0 0.10984374999999999
0 0.18348906250000002 0.1703828125 0.1224515625 0.1710859375 0.1232 0.17717031249999998 0.1842390625 0.17646875 0.18348906250000002 0.1703828125