1 0.390625 0.23830468749999997 0.393609375 0.2067171875 0.4232875 0.2065078125 0.42578125 0.206565625 0.42585625 0.19500625 0.3946125 0.19366875 0.3965390625 0.153275 0.427734375 0.1504140625 0.42820937499999995 0.13883281249999999 0.4256421875 0.1356203125 0.42179062500000003 0.1358890625 0.4198640625 0.143646875 0.40852187500000003 0.14337968750000002 0.40616874999999997 0.13428281250000002 0.399534375 0.13481875000000001 0.3974609375 0.14186875000000002 0.36871875 0.14070312499999998 0.3618703125 0.1321453125 0.35545 0.1324125 0.35630625 0.1500671875 0.3839125 0.15274062500000002 0.384765625 0.1870359375 0.3759765625 0.19557968750000002 0.353515625 0.1968015625 0.3544921875 0.2053453125 0.38070312500000003 0.20838125000000002 0.37727187500000003 0.35386093750000003 0.3828125 0.35305 0.390625 0.2505109375 0.4091796875 0.237084375 0.4449015625 0.241015625 0.44918125 0.2399453125 0.44921875 0.2358625 0.4500375 0.2332578125 0.4462890625 0.22731875 0.4306640625 0.22731875 0.40723750000000003 0.22897812499999998 0.390625 0.23830468749999997
1 0.46318593750000003 0.2964921875 0.48048124999999997 0.294021875 0.48046875 0.28930625 0.4775390625 0.28564531249999997 0.4697265625 0.28564531249999997 0.46516250000000003 0.285578125 0.4599609375 0.2880859375 0.44078437499999995 0.28743124999999997 0.440290625 0.2938140625 0.45824375 0.2946390625 0.45824375 0.3014328125 0.4414421875 0.30225625 0.44140625 0.306396875 0.4443359375 0.31005937499999997 0.4482421875 0.31005937499999997 0.453125 0.3137203125 0.4551890625 0.3787828125 0.4619140625 0.38330156249999997 0.462890625 0.3820796875 0.46484375 0.3796390625 0.462890625 0.3405765625 0.466796875 0.3308109375 0.466796875 0.3161625 0.4697265625 0.3125 0.4775390625 0.3125 0.48046875 0.3088375 0.4808109375 0.302875 0.4638453125 0.30225625 0.46318593750000003 0.2964921875
0 0.2868921875 0.2316640625 0.26030312499999997 0.24540781250000002 0.2627015625 0.25065624999999997 0.291090625 0.2364125 0.2868921875 0.2316640625
0 0.35146875 0.2036734375 0.3024875 0.225915625 0.3052859375 0.2314140625 0.3572671875 0.207421875 0.35146875 0.2036734375
0 0.36546406249999996 0.20842187499999998 0.37306093749999997 0.2349125 0.378459375 0.24990625 0.3802578125 0.239659375 0.3706609375 0.207421875 0.36546406249999996 0.20842187499999998
0 0.33546875 0.2072265625 0.2671 0.19742656249999999 0.2716984375 0.2036734375 0.3318765625 0.2124203125 0.33546875 0.2072265625
0 0.3568390625 0.194921875 0.3274390625 0.1495234375 0.2729609375 0.06593281250000001 0.2348078125 0.0032859375000000002 0.2277078125 0.0054046875 0.24730781249999997 0.0371109375 0.2983265625 0.11745625 0.35366875000000003 0.197803125 0.3568390625 0.194921875
0 0.021859375 0.054923437500000005 0.019871875 0.0444359375 0.01744375 0.034225 0.015234375 0.033946875 0.013468749999999998 0.0380875 0.0150140625 0.0452640625 0.017221875 0.054095312500000006 0.0194296875 0.0621 0.023625 0.06706875 0.0324578125 0.06734375000000001 0.037093749999999995 0.064859375 0.043496875000000004 0.0521640625 0.0432765625 0.0474703125 0.0393015625 0.0400203125 0.034665625 0.038640625 0.029365625 0.040846875 0.034223437499999995 0.0444359375 0.035328125 0.047748437500000004 0.034885937500000005 0.051610937499999995 0.0309125 0.058510937500000006 0.0291453125 0.0593390625 0.0234046875 0.058510937500000006 0.021859375 0.054923437500000005
0 0.0109359375 0.0484921875 0.0119765625 0.0338484375 0.013539062499999999 0.004231250000000001 0.0093734375 0.0029296875 0.00833125 0.025710937499999996 0.007549999999999999 0.042309374999999996 0.0044265625 0.0436109375 0.00078125 0.044262499999999996 0.00078125 0.050768749999999994 0.0109359375 0.0484921875
0 0.37599375 0.2995984375 0.37599375 0.294515625 0.3739015625 0.292453125 0.34132656250000004 0.26936875 0.2841890625 0.22309375 0.2034796875 0.1560171875 0.1490328125 0.11042031249999999 0.03989375 0.017064062499999998 0.03646875 0.02268125 0.0723796875 0.053048437500000004 0.13018125 0.1093515625 0.179128125 0.1560375 0.1950109375 0.167753125 0.2038625 0.171984375 0.211934375 0.17231093749999998 0.24686093750000002 0.2011 0.2984125 0.2421046875 0.344109375 0.27766250000000003 0.37599375 0.2995984375
0 0.27137500000000003 0.2025859375 0.212525 0.150959375 0.1292671875 0.073634375 0.05629375 0.0040859375 0.05080781250000001 0.0082359375 0.08440468749999999 0.039265625 0.12078437500000001 0.074040625 0.1781359375 0.1278078125 0.2461578125 0.188575 0.28745937499999996 0.22468593750000002 0.35355 0.2761484375 0.376234375 0.2927328125 0.3781609375 0.2865796875 0.34541875 0.26330624999999996 0.27137500000000003 0.2025859375
0 0.38367968750000003 0.18635 0.3672109375 0.1495140625 0.3623 0.150959375 0.379634375 0.190321875 0.38367968750000003 0.18635
0 0.356853125 0.128896875 0.318284375 0.0814484375 0.28519843749999996 0.0355234375 0.26530468749999997 0.005328125 0.25982500000000003 0.0068515625 0.2862125 0.0477015625 0.3213296875 0.0971796875 0.35380781250000004 0.1357484375 0.356853125 0.128896875
0 0.383240625 0.1149421875 0.3994796875 0.1357484375 0.40414843749999996 0.13194062499999998 0.387909375 0.110121875 0.3803984375 0.10073281249999999 0.359896875 0.06216406249999999 0.3306671875 0.009896875 0.323765625 0.01141875 0.36050625 0.0776421875 0.375121875 0.10301562500000001 0.383240625 0.1149421875
0 0.42546249999999997 0.13549375 0.40130625000000003 0.094134375 0.384053125 0.05658125000000001 0.3635515625 0.0093890625 0.356446875 0.01065625 0.3767453125 0.05709062499999999 0.397246875 0.0997171875 0.42079374999999997 0.13803125 0.42546249999999997 0.13549375
0 0.47651875 0.0119265625 0.4103078125 0.007865625 0.40746562500000005 0.0060890625 0.3885875 0.0022828125 0.3632140625 0.001521875 0.3382984375 0.0025375000000000003 0.2162734375 0 0.21481093750000002 0.0030375 0.34101875000000004 0.009134375 0.4204609375 0.014717187500000001 0.5814359375 0.0314625 0.6935125 0.043134375 0.69391875 0.03856875 0.5841031250000001 0.026642187499999997 0.7109703125 0.034253125 0.7116765625 0.0292328125 0.6017625 0.021060937499999998 0.47651875 0.0119265625
0 0.5478515625 0.32472500000000004 0.47824687499999996 0.3118140625 0.47600156250000003 0.3165859375 0.5460546875000001 0.3303375 0.5478515625 0.32472500000000004
0 0.4925453125 0.24939687500000002 0.46070312500000005 0.22924375000000002 0.45332343750000004 0.2304234375 0.49800625 0.25933125 0.560059375 0.2939859375 0.561871875 0.2874359375 0.4925453125 0.24939687500000002
0 0.5239359375 0.2490875 0.47772031249999997 0.230453125 0.470596875 0.23252343749999999 0.5037499999999999 0.246875 0.5625312499999999 0.2697953125 0.563690625 0.264203125 0.5239359375 0.2490875
0 0.49155156250000004 0.2276859375 0.3934078125 0.215728125 0.3929921875 0.2219671875 0.502571875 0.2336640625 0.6240046875 0.2445796875 0.6247609375 0.23839375000000002 0.49155156250000004 0.2276859375
0 0.41342656250000004 0.17974062500000001 0.418125 0.1953125 0.42266875 0.1950703125 0.4102265625 0.1530796875 0.40531249999999996 0.15546875 0.41342656250000004 0.17974062500000001
0 0.42421875 0.1533203125 0.4425 0.21953125 0.44796874999999997 0.219140625 0.42843749999999997 0.1501953125 0.42421875 0.1533203125
0 0.7552671875 0.04373125 0.7384296875 0.04373125 0.7378671875 0.0481734375 0.7552671875 0.0484078125 0.7552671875 0.04373125
0 0.7649953125 0.0332078125 0.7438546875000001 0.031570312499999996 0.7427328125 0.0371828125 0.764059375 0.0385859375 0.7649953125 0.0332078125
0 0.9868796874999999 0.0530859375 0.8746875 0.0439453125 0.8839062500000001 0.049609375 0.9865046875000001 0.058699999999999995 0.9868796874999999 0.0530859375
0 0.8822984375 0.054723437500000006 0.8495578125 0.0530859375 0.8489968749999999 0.0596328125 0.8910921875 0.060568750000000005 0.8822984375 0.054723437500000006
0 0.8581312499999999 0.038234375 0.8006953125 0.0132109375 0.7982640625 0.0176546875 0.8775890625 0.052031249999999994 0.9183734375 0.06980468749999999 0.9234249999999999 0.066296875 0.8581312499999999 0.038234375
0 0.9567593750000001 0.0603734375 0.9081250000000001 0.0583984375 0.9156000000000001 0.0634140625 0.9563843750000001 0.06598593750000001 0.9567593750000001 0.0603734375