1 0.3703515625 0.35514375 0.3671875 0.4382328125 0.373046875 0.443115625 0.3759765625 0.3564453125 0.3703515625 0.35514375
1 0.4686484375 0.34551875 0.466796875 0.3698734375 0.4501953125 0.36865312499999997 0.447265625 0.37475625 0.46484375 0.3796390625 0.46484375 0.426025 0.470703125 0.4309078125 0.4724984375 0.34712343749999997 0.4686484375 0.34551875
1 0.55078125 0.4504390625 0.5537109375 0.34912187499999997 0.546671875 0.3503328125 0.544921875 0.40649375 0.544921875 0.4479984375 0.55078125 0.4504390625
1 0.662109375 0.24292031249999999 0.697265625 0.25024375 0.6953125 0.3405765625 0.6982421875 0.3466796875 0.716796875 0.345459375 0.720703125 0.17944374999999999 0.7080078125 0.1489265625 0.693359375 0.16479531249999999 0.6953125 0.18920937499999999 0.682696875 0.190915625 0.68684375 0.2127796875 0.697265625 0.22827187499999999 0.6953125 0.23803749999999999 0.6650390625 0.23193437499999997 0.662109375 0.24292031249999999
0 0.8453125 0 0.8151406250000001 0.0479328125 0.78859375 0.08881875 0.75914375 0.13015625 0.718440625 0.1794703125 0.7224468749999999 0.189490625 0.8012499999999999 0.08515625 0.8517187500000001 0 0.8453125 0
0 0.777784375 0.27420468750000004 0.72180625 0.2724984375 0.7213515625 0.28103125 0.7645984375 0.28334375 0.8238562500000001 0.282384375 0.9134078125 0.28159999999999996 0.9744484375000001 0.28010625 0.9994234375 0.279325 1 0.27141875 0.9029406249999999 0.27420468750000004 0.777784375 0.27420468750000004
0 0.8046359375 0.32597343749999996 0.815034375 0.326971875 0.8136921875 0.32121875 0.7181656249999999 0.30776875000000004 0.7182984375 0.31948125 0.7705421875 0.3233765625 0.8046359375 0.32597343749999996
0 0.7208953124999999 0.33621249999999997 0.7686828125 0.3379203125 0.77915 0.3379203125 0.77915 0.3293875 0.7208953124999999 0.323696875 0.7208953124999999 0.33621249999999997
0 0.3715953125 0.2307515625 0.502346875 0.27138125 0.6066703125 0.2966390625 0.6955312499999999 0.30638125 0.6957875 0.2996421875 0.672859375 0.2984734375 0.6012921875 0.2867671875 0.52370625 0.26921093749999997 0.429390625 0.2399484375 0.1865984375 0.150490625 0 0.074109375 0.000503125 0.084440625 0.02324375 0.09363906250000001 0.21918125000000002 0.175165625 0.3715953125 0.2307515625
0 0 0.104265625 0.33266874999999996 0.23085 0.4745515625 0.27461875 0.5258078125 0.28900156250000003 0.5765953125000001 0.30074999999999996 0.63110625 0.3095609375 0.6893765625 0.31660937499999997 0.6947234375 0.31856874999999996 0.69556875 0.3175125 0.69549375 0.308975 0.5897609375 0.2966390625 0.4870375 0.27079375 0.375996875 0.23547812499999998 0.2829328125 0.2026546875 0.0695453125 0.1239421875 0 0.0951609375 0 0.104265625
0 1 0.28435 0.9985140625 0.27766250000000003 0.9751890624999999 0.3038765625 0.957640625 0.3226015625 0.9617078125 0.3287546875 0.9850328125000001 0.3038765625 1 0.28435
0 0.6228296875 0.26800156249999996 0.603715625 0.2853578125 0.6103875000000001 0.2876125 0.6298625 0.26980468750000003 0.660878125 0.24072812500000002 0.6574515625 0.2357703125 0.6228296875 0.26800156249999996
0 0.6839578125 0.21120156250000002 0.66484375 0.23148906249999998 0.6706140625 0.232840625 0.6873843749999999 0.215709375 0.6839578125 0.21120156250000002
0 0.52001875 0.3472546875 0.538196875 0.3376515625 0.5669609375 0.3219375 0.586234375 0.3052921875 0.5804437499999999 0.302446875 0.568921875 0.31236875 0.541525 0.32805 0.5133609375 0.34373437500000004 0.4946703125 0.34693593749999996 0.47272187499999996 0.346696875 0.47264999999999996 0.3533359375 0.5038875 0.3517359375 0.52001875 0.3472546875