1 0.208471875 0.15840625 0.1982625 0.169925 0.1959671875 0.09040000000000001 0.18588906249999998 0.0911015625 0.185459375 0.10958125 0.181640625 0.364990625 0.182665625 0.5234609375 0.189453125 0.52368125 0.1980328125 0.524771875 0.1980328125 0.5160390625 0.19873125 0.482421875 0.197265625 0.18188437500000001 0.21284062499999998 0.16524375 0.225090625 0.15599375 0.2797046875 0.152484375 0.2797046875 0.1451484375 0.2230484375 0.1480203125 0.208471875 0.15840625
1 0.2649015625 0.49860625000000003 0.2702609375 0.4995625 0.27375 0.2337890625 0.2978234375 0.230321875 0.298828125 0.22338906249999999 0.2972765625 0.21712343750000002 0.2958984375 0.21728593749999997 0.24116875000000002 0.2194765625 0.24167812500000002 0.231596875 0.265625 0.23315468749999999 0.264646875 0.43544375 0.2649015625 0.49860625000000003
1 0.2900390625 0.29296875 0.2822265625 0.29296875 0.27734375 0.299071875 0.279296875 0.3161625 0.27734375 0.4479984375 0.27766250000000003 0.47021562499999997 0.2848078125 0.4692578125 0.287109375 0.355225 0.28942812500000004 0.35245625 0.2899125 0.346121875 0.285796875 0.340859375 0.28515625 0.3332515625 0.287109375 0.3088375 0.2900390625 0.302734375 0.31032187499999997 0.30235 0.3110390625 0.29831875 0.3017578125 0.29541093749999997 0.2900390625 0.29296875
0 0.0352484375 0.11764843750000001 0.0022140625 0.1374859375 0.0042453125 0.14256249999999998 0.0387546875 0.121109375 0.0352484375 0.11764843750000001
0 0.04133125 0.1049046875 0.03218125 0.097609375 0.029184375000000002 0.10135625 0.039753125 0.10943906249999999 0.04133125 0.1049046875
0 0.1831484375 0.2042875 0.1000140625 0.14828593750000002 0.09654375 0.152428125 0.18251875 0.21099218749999998 0.1831484375 0.2042875
0 0.1162625 0.1930484375 0.08928749999999999 0.1658359375 0.086446875 0.170765625 0.1124765625 0.1965984375 0.1162625 0.1930484375
0 0.1575 0.282421875 0.1834375 0.234765625 0.1800859375 0.2304578125 0.153340625 0.2801578125 0.1575 0.282421875
0 0.13046875 0.2107421875 0.1140625 0.2576171875 0.11796875 0.259765625 0.134375 0.212890625 0.13046875 0.2107421875
0 0.15015625 0.0887203125 0.16640625 0.101025 0.1690625 0.0969234375 0.15234375 0.08461874999999999 0.15015625 0.0887203125
0 0.14546874999999998 0.1785640625 0.16 0.1355953125 0.1546875 0.1355953125 0.141875 0.1762203125 0.14546874999999998 0.1785640625
0 0.12296875 0.147509375 0.15437499999999998 0.1355953125 0.16265625 0.13442343750000002 0.18421875000000001 0.13461875 0.18421875000000001 0.130321875 0.16265625 0.12993125 0.18546875000000002 0.117984375 0.18359375 0.1123203125 0.15140625000000002 0.13051718750000002 0.12125 0.14223593750000002 0.12296875 0.147509375
0 0.21171875 0 0.21640625 0.016796875 0.22109375 0.015625 0.21671875 0 0.21171875 0
0 0.2303125 0 0.22125 0.0130859375 0.22374999999999998 0.016796875 0.2346875 0.0015625 0.2303125 0
0 0.24171874999999998 0 0.25703125 0.08357187499999999 0.268125 0.1345484375 0.27390625 0.13359375 0.25609375 0.0515625 0.24671875000000001 0 0.24640625 0 0.24171874999999998 0
0 0.24953124999999998 0.1318359375 0.23265625 0.0615234375 0.22703125000000002 0.06171875 0.24390625 0.133203125 0.24953124999999998 0.1318359375
0 0.29734375 0.139853125 0.35703125 0.144540625 0.45364843749999995 0.1498140625 0.49043281250000004 0.1513765625 0.4907453125 0.1459078125 0.3559015625 0.1396578125 0.2744359375 0.133603125 0.1983421875 0.128134375 0.1984375 0.1330171875 0.29734375 0.139853125
0 0.21671875 0.203515625 0.22453125 0.2220703125 0.2390625 0.2544921875 0.24859375 0.2685546875 0.255625 0.2779296875 0.26515625 0.2794921875 0.26609375 0.2755859375 0.25828125 0.2732421875 0.25453125 0.268359375 0.24109375000000002 0.2462890625 0.23374999999999999 0.2296875 0.22203124999999999 0.2044921875 0.21046874999999998 0.17109375 0.20625 0.173046875 0.21671875 0.203515625
0 0.22749999999999998 0.290625 0.20187499999999997 0.2375 0.19734374999999998 0.23984375 0.22234375 0.2939453125 0.22749999999999998 0.290625
0 0.22156250000000002 0.2150390625 0.19734374999999998 0.2138671875 0.1978125 0.219921875 0.221875 0.220703125 0.22156250000000002 0.2150390625
0 0.29634218749999997 0.23427812499999998 0.3446875 0.240625 0.43968749999999995 0.252734375 0.43921875000000005 0.2478515625 0.2975 0.2296875 0.29634218749999997 0.23427812499999998
0 0.30062500000000003 0.2939453125 0.29828125 0.234375 0.29359375 0.2345703125 0.29515625 0.2943359375 0.30062500000000003 0.2939453125
0 0.8429 0.1671421875 0.5451421875 0.15 0.54540625 0.15659375 0.8431640625 0.1740671875 0.8429 0.1671421875
0 0.25167812500000003 0.057329687500000004 0.2125578125 0.054200000000000005 0.2115953125 0.059740625000000006 0.2514859375 0.0623890625 0.25167812500000003 0.057329687500000004
0 0.25919375 0.06455625000000001 0.3837234375 0.07732343750000001 0.49024062500000004 0.0872015625 0.623009375 0.10093125 0.75765 0.111771875 0.8597328125000001 0.12092499999999999 0.8590781249999999 0.1143515625 0.6404296875 0.0968359375 0.4676046875 0.0802140625 0.2588625 0.058775 0.25919375 0.06455625000000001
0 0.5966921875 0.0675953125 0.5976140625 0.0627515625 0.4375984375 0.048446875 0.254284375 0.0316046875 0.254278125 0.037 0.4058453125 0.05014999999999999 0.536428125 0.0624109375 0.5966921875 0.0675953125
0 0.265653125 0.18199375 0.258221875 0.1541234375 0.2526953125 0.1550765625 0.2601265625 0.182709375 0.2725921875 0.21131093750000002 0.2755640625 0.21558125 0.28013750000000004 0.214390625 0.265653125 0.18199375
0 0.21546875000000001 0.1642578125 0.21109375 0.168359375 0.2246875 0.1953125 0.24 0.218359375 0.244840625 0.2163015625 0.2288125 0.191359375 0.21546875000000001 0.1642578125
0 0.29276875 0.216509375 0.29703124999999997 0.214453125 0.292353125 0.201953125 0.28445156250000003 0.178040625 0.2783375 0.1529859375 0.27375 0.15390625 0.27546875000000004 0.1615234375 0.28078125 0.1833984375 0.284375 0.1955078125 0.29276875 0.216509375