1 0.42695 0.2023625 0.44505937500000003 0.1991609375 0.442315625 0.1929890625 0.4287109375 0.1953125 0.42859687500000004 0.177896875 0.4453125 0.17456093749999999 0.445609375 0.1676046875 0.4306640625 0.1708984375 0.4248046875 0.166015625 0.41796875 0.17211875000000001 0.4140625 0.2746578125 0.3984375 0.2746578125 0.3994140625 0.28076249999999997 0.4140625 0.2844234375 0.40625 0.426025 0.40625 0.462646875 0.412109375 0.4675296875 0.421875 0.2844234375 0.4404875 0.2823921875 0.4406703125 0.273703125 0.423828125 0.2746578125 0.423828125 0.23315468749999999 0.42859687500000004 0.22934375 0.44451093750000004 0.2266 0.44341406250000004 0.21791093749999998 0.426021875 0.2194609375 0.42695 0.2023625
1 0.5537109375 0.322265625 0.5536515625 0.330228125 0.56640625 0.3308109375 0.568359375 0.4724125 0.5695140624999999 0.4799515625 0.57421875 0.4797359375 0.572265625 0.345459375 0.5751203125 0.3306390625 0.5859125 0.32903906250000003 0.5846328125 0.3201203125 0.5735187500000001 0.3189421875 0.57236875 0.2608578125 0.5719015625 0.25156093749999997 0.56640625 0.2551265625 0.56640625 0.3210453125 0.5537109375 0.322265625
1 0.689453125 0.3039546875 0.689453125 0.355225 0.6808515625 0.356478125 0.680303125 0.3637953125 0.689453125 0.364990625 0.69140625 0.41381875 0.6917359375000001 0.477321875 0.6923828125 0.48584062499999997 0.697265625 0.48461875 0.69921875 0.482178125 0.697265625 0.364990625 0.7059124999999999 0.3633375 0.706828125 0.35670625 0.697265625 0.3527828125 0.6962171875000001 0.33132656250000003 0.696034375 0.31920625 0.6953125 0.3015140625 0.6923828125 0.30029374999999997 0.689453125 0.3039546875
0 0.159415625 0 0.19242187500000002 0.025540625 0.2494515625 0.066796875 0.3089515625 0.106371875 0.3626140625 0.13696250000000001 0.40875000000000006 0.1599609375 0.43421875 0.1705078125 0.43850468749999993 0.16643125 0.4178484375 0.1571703125 0.3657578125 0.13163125 0.3019921875 0.0948625 0.2108328125 0.031432812500000004 0.168621875 0 0.159415625 0
0 0.10940468750000001 0.00028125 0.176990625 0.049115625 0.22405624999999998 0.0822265625 0.272190625 0.11310781249999999 0.34224375 0.15464375 0.391865625 0.17906249999999999 0.41748124999999997 0.1902265625 0.41780625000000005 0.1841234375 0.34718125 0.14921875 0.3064 0.1255859375 0.28749375 0.1146484375 0.24140625 0.0853515625 0.2108921875 0.064553125 0.1480234375 0.0210484375 0.119509375 0 0.10940468750000001 0.00028125
0 0.0535359375 0 0.069490625 0.0124046875 0.14273906249999999 0.0646921875 0.23225781250000002 0.12308125 0.29 0.15703125 0.3279625 0.1776125 0.37939531249999997 0.20182187499999998 0.41487656250000005 0.2168796875 0.41616406250000004 0.2111828125 0.3629453125 0.18738125 0.295725 0.15258906249999998 0.2024625 0.096021875 0.11473437500000001 0.038242187500000004 0.062 0 0.0535359375 0
0 0 0.097515625 0.07415468750000001 0.1387125 0.1542296875 0.17958593750000001 0.22606406250000002 0.21306250000000002 0.29841562499999996 0.24395937499999998 0.398059375 0.27549999999999997 0.39878125 0.27071718749999996 0.30003125 0.2300921875 0.24046875 0.203125 0.1805015625 0.174 0.0734703125 0.1183359375 0 0.07734375 0 0.0849375 0.0705015625 0.1238046875 0.128309375 0.1546671875 0.16940312500000002 0.176346875 0.212509375 0.198025 0.314384375 0.243728125 0.1740625 0.1814453125 0.07578125 0.1318359375 0 0.0919921875 0 0.097515625
0 0 0.066015625 0.0170234375 0.076953125 0.1035890625 0.12734375 0.20827656249999998 0.1845703125 0.3090625 0.2322265625 0.39875 0.2708984375 0.4016984375 0.2633 0.3254484375 0.2306734375 0.2765625 0.20625 0.1895109375 0.1599703125 0.1001421875 0.1066484375 0 0.0443359375 0 0.051765625 0.044048437499999996 0.08008593750000001 0.1290625 0.1318359375 0.19045625 0.168359375 0.13858593749999998 0.13984375 0.055460937499999995 0.091015625 0 0.058984375 0 0.066015625
0 0.1236265625 0.2679046875 0.0002703125 0.2196546875 0 0.22707656250000002 0.0439984375 0.243609375 0.12092812500000001 0.2743140625 0.1236265625 0.2679046875
0 0.06127343750000001 0.2506953125 0.000809375 0.22842500000000002 0 0.23450000000000001 0.05884374999999999 0.25609375 0.06127343750000001 0.2506953125
0 0 0.2463078125 0.0531765625 0.26722812500000004 0.05560468750000001 0.26081875 0 0.2401421875 0 0.2463078125
0 0.05182656249999999 0.26958906250000003 0.000809375 0.2510328125 0 0.25744375 0.0512859375 0.2770140625 0.05182656249999999 0.26958906250000003
0 0.1170125 0.2828125 0.083065625 0.2695375 0.0790828125 0.2742796875 0.1156859375 0.288265625 0.1170125 0.2828125
0 0.2351640625 0.3304609375 0.1871828125 0.3152890625 0.1847171875 0.320978125 0.2328875 0.336625 0.2351640625 0.3304609375
0 0.18680312500000001 0.3114953125 0.23440468750000001 0.32690625 0.23554218750000003 0.325009375 0.237059375 0.3221640625 0.1887 0.3050953125 0.18680312500000001 0.3114953125
0 0.24824843749999997 0.3114953125 0.17864843749999998 0.2870796875 0.176371875 0.29277031249999996 0.246353125 0.3167125 0.24824843749999997 0.3114953125
0 0.3435640625 0.35784531249999996 0.3079953125 0.349190625 0.307365625 0.3554859375 0.342934375 0.36335625 0.3435640625 0.35784531249999996
0 0.34562499999999996 0.350390625 0.3105140625 0.3419125 0.309884375 0.3468296875 0.3451375 0.3554859375 0.34562499999999996 0.350390625
0 0.40935 0.35371406250000004 0.31067187500000004 0.329125 0.3100421875 0.33542031250000004 0.40887812500000004 0.3596171875 0.40935 0.35371406250000004
0 0.5051359375 0.2701484375 0.5350265624999999 0.2852015625 0.5376078125 0.2803640625 0.5029859375 0.2618140625 0.47921874999999997 0.2462890625 0.446 0.2217640625 0.444278125 0.2274078125 0.47201875 0.24918125 0.5051359375 0.2701484375
0 0.465 0.212890625 0.44515625 0.1958984375 0.44390625000000006 0.201953125 0.465 0.2197265625 0.4925 0.241015625 0.5142187500000001 0.2548828125 0.5510937499999999 0.2705078125 0.5646875 0.272265625 0.5646875 0.267578125 0.55171875 0.2650390625 0.5259375000000001 0.2537109375 0.50046875 0.2388671875 0.465 0.212890625
0 0.55765625 0.249609375 0.53734375 0.2408203125 0.515625 0.2287109375 0.5021875 0.2193359375 0.4809375 0.2029296875 0.44765625 0.1701171875 0.445 0.1744140625 0.45515625000000004 0.185546875 0.47234375 0.2017578125 0.4871875 0.2154296875 0.5035937500000001 0.2275390625 0.5220312500000001 0.2390625 0.5465625000000001 0.25078125 0.5610937500000001 0.2556640625 0.5660937500000001 0.255859375 0.56640625 0.2521484375 0.55765625 0.249609375