1 0 0.2552078125 0.009575 0.2576703125 0.013671875 0.20141562500000001 0.0342734375 0.20224999999999999 0.0353859375 0.19418125 0.0137984375 0.19251093749999998 0.014465625 0.18388906249999998 0.0341796875 0.185546875 0.03515625 0.17456093749999999 0.014465625 0.1722046875 0.014689062499999999 0.158571875 0.022256249999999998 0.15579062500000002 0.022032812500000002 0.1502265625 0.011128124999999999 0.1496703125 0.009346875000000001 0.14271562499999998 0.004451562500000001 0.14271562499999998 0.0036578125000000005 0.14908593750000002 0 0.15 0 0.15258750000000001 0 0.2552078125
1 0.0850609375 0.26661562499999997 0.09031249999999999 0.1296875 0.0795734375 0.1296484375 0.0759140625 0.26661562499999997 0.0850609375 0.26661562499999997
1 0.52296875 0.20390625 0.5231250000000001 0.1970703125 0.5171875 0.197265625 0.5170312499999999 0.1919921875 0.52515625 0.1919921875 0.5253125 0.1783203125 0.5170312499999999 0.178125 0.5170312499999999 0.182421875 0.49984375 0.1828125 0.49984375 0.1908203125 0.50734375 0.191015625 0.50734375 0.204296875 0.50234375 0.20546875 0.5028125 0.21328125 0.506875 0.2140625 0.50703125 0.2423828125 0.5071875 0.24453125 0.51484375 0.24453125 0.51515625 0.233203125 0.5248437499999999 0.2330078125 0.52515625 0.2302734375 0.525 0.209375 0.51875 0.208984375 0.51890625 0.2044921875 0.52296875 0.20390625
0 0.312746875 0.343515625 0.22676249999999998 0.3437265625 0.22642500000000002 0.34983749999999997 0.312915625 0.3487828125 0.312746875 0.343515625
0 0.3134203125 0.3487828125 0.2272671875 0.34983749999999997 0.2276046875 0.354475 0.31325156249999997 0.3538421875 0.3134203125 0.3487828125
0 0.305328125 0.2982046875 0.250028125 0.29841562499999996 0.250196875 0.3041046875 0.305159375 0.3038953125 0.305328125 0.2982046875
0 0.0640625 0.1830078125 0.051759374999999996 0.2086390625 0.042654687499999996 0.22402187499999998 0.035068749999999996 0.233928125 0.03125 0.2380859375 0.026875 0.23984375 0.02296875 0.2404296875 0.0125 0.241015625 0.0124765625 0.24762499999999998 0.0128140625 0.24783593750000002 0.0257953125 0.24720468750000002 0.029504687499999998 0.24615 0.03371875 0.24299062500000002 0.0424859375 0.2345609375 0.060526562500000006 0.20484375 0.07203125 0.1796875 0.0777234375 0.1620625 0.07359375 0.159375 0.06921875 0.17265625 0.0640625 0.1830078125
0 0.0759375 0.1421875 0.027968749999999997 0.1689453125 0.0325 0.1744140625 0.07843750000000001 0.1478515625 0.0759375 0.1421875
0 0.138146875 0.166928125 0.0900890625 0.1626859375 0.08984375 0.1697265625 0.16 0.176171875 0.235146875 0.18439531250000002 0.29685625 0.1876390625 0.38109375 0.19088125 0.49995781250000004 0.1923796875 0.49995781250000004 0.1851421875 0.42929375 0.18464375 0.3236875 0.181509375 0.2440625 0.177734375 0.138146875 0.166928125
0 0.1734375 0.1619140625 0.118125 0.15625 0.090625 0.153515625 0.09009375 0.1591125 0.1760921875 0.167859375 0.2520234375 0.1746828125 0.32098125 0.1793765625 0.3936984375 0.181721875 0.5164234375000001 0.1834296875 0.5162515625 0.17745781249999998 0.397321875 0.176390625 0.3137125 0.1725515625 0.225721875 0.16615312499999998 0.1734375 0.1619140625
0 0.5782812500000001 0.2 0.52578125 0.1876953125 0.52453125 0.19453125 0.57609375 0.2064453125 0.5782812500000001 0.2
0 0.6021875 0.1958984375 0.52625 0.1791015625 0.52546875 0.1853515625 0.6018749999999999 0.2017578125 0.6021875 0.1958984375