1 0.1484375 0.572509375 0.140625 0.25024375 0.1325578125 0.251671875 0.1328125 0.3625484375 0.138671875 0.5676265625 0.1484375 0.572509375
0 0.012115625 0 0.0377703125 0.057457812500000004 0.05416093749999999 0.093534375 0.061287499999999995 0.09309062500000001 0.017815624999999998 0 0.012115625 0
0 0 0.07311875 0.013960937500000001 0.0986953125 0.019017187499999998 0.0962875 0 0.0646484375 0 0.07311875
0 0 0.1066234375 0.097684375 0.0937703125 0.17316718749999999 0.0820859375 0.7544265625000001 0 0.7052171875 0.00071875 0.5604578124999999 0.020584375 0.1649890625 0.0765359375 0.0357546875 0.09522968750000001 0 0.100196875 0 0.1042875 0 0.1066234375
0 0 0.1317453125 0.12058593749999999 0.11100625 0.190928125 0.0990265625 0.417040625 0.06261093749999999 0.6483531250000001 0.03130625 0.7505390625 0.0180609375 0.752715625 0.010765625 0.7416031249999999 0.01188125 0.5957921875000001 0.029942187500000002 0.4551140625 0.05014062500000001 0.3928390625 0.059446874999999996 0.2843265625 0.0767578125 0.17991875 0.0943890625 0.16805 0.0958953125 0 0.12385781250000001 0 0.1317453125
0 0.0613859375 0.160815625 0.0396875 0.125 0.0319859375 0.1267125 0.05550625 0.16228437499999998 0.0613859375 0.160815625
0 0.042499999999999996 0.16171875 0.01984375 0.12890625 0.01234375 0.1310546875 0.038101562500000005 0.1658125 0.042499999999999996 0.16171875
0 0 0.18549218750000002 0.08121406249999999 0.1776546875 0.3418828125 0.14481093750000001 0.5900000000000001 0.11196718750000001 0.8014093750000001 0.083228125 0.8008109375 0.07576406249999999 0.671825 0.09293281249999999 0.3311359375 0.1377203125 0.088384375 0.1690703125 0 0.1776546875 0 0.183253125 0 0.18549218750000002
0 0 0.1769078125 0.15168281249999999 0.1575 0.4610125 0.116071875 0.7458640625 0.07652187499999999 0.798115625 0.0683109375 0.7972203125 0.060845312500000005 0.5431296875 0.096303125 0.23379374999999997 0.14034375 0 0.16908281249999998 0 0.1769078125
0 0.294896875 0.17917031249999998 0.545209375 0.1446625 0.7108375 0.1221015625 0.7899375 0.1118140625 0.7899328125 0.1058421875 0.7440125 0.1114828125 0.453884375 0.15063437500000001 0.23994062500000002 0.179834375 0.14518124999999998 0.19011875 0.1165140625 0.1994078125 0.12155625 0.20139999999999997 0.1413609375 0.1960484375 0.294896875 0.17917031249999998
0 0.41899218749999995 0.21212343749999998 0.481775 0.18979531249999998 0.5280078125000001 0.171078125 0.513296875 0.171078125 0.4166265625 0.20818124999999998 0.41899218749999995 0.21212343749999998
0 0 0.2374671875 0.062371875 0.2303234375 0.09905 0.22521249999999998 0.1814765625 0.21055000000000001 0.4225609375 0.18326562500000002 0.533015625 0.166975 0.7378546874999999 0.140946875 0.8364640624999999 0.128084375 0.836425 0.12024375000000001 0.7527437499999999 0.13148593749999998 0.39089843750000003 0.1773546875 0.1642625 0.2047328125 0.0987953125 0.1981859375 0.010951562500000001 0.2044359375 0 0.1981859375 0 0.2062203125 0 0.2133640625 0.095225 0.2074125 0.04499375 0.21425624999999998 0 0.21723125 0 0.22526562499999997 0.052849999999999994 0.222290625 0.064990625 0.2205046875 0.085940625 0.21693437499999998 0.1037953125 0.2068171875 0.1145078125 0.2068171875 0.1635484375 0.21187499999999998 0.12260156250000001 0.21544531249999999 0 0.22794374999999997 0 0.2374671875
0 0.7209078124999999 0.09421093750000001 0.676646875 0.1096078125 0.6774828125 0.1156109375 0.7265453125 0.097865625 0.7209078124999999 0.09421093750000001