1 0.144525 0 0.12872343749999998 0.2240140625 0.126025 0.3010921875 0.1171609375 0.4586234375 0.1275671875 0.456215625 0.14173750000000002 0.19510624999999998 0.1484171875 0.189540625 0.1489109375 0.1765546875 0.1434703125 0.1614046875 0.1433265625 0.139934375 0.16625 0.12268593750000001 0.1810203125 0.1170484375 0.21183281250000002 0.1218640625 0.22500625 0.121571875 0.22675625 0.111934375 0.22109375 0.109375 0.18203125 0.107421875 0.1639296875 0.11283593750000001 0.1446625 0.130196875 0.151846875 0 0.144525 0
1 0.2515625 0.2021484375 0.25625 0.2255859375 0.25165625 0.3845234375 0.25473124999999996 0.3861890625 0.2589546875 0.38539218750000004 0.26243125 0.3858265625 0.265559375 0.3849578125 0.2640625 0.2236328125 0.2703125 0.2001953125 0.28934375 0.1982921875 0.290546875 0.1832484375 0.2368015625 0.1791578125 0.23800781249999997 0.192546875 0.2515625 0.2021484375
1 0.3000359375 0.32063281250000003 0.30346562499999996 0.27008125 0.29955937499999996 0.2593390625 0.28862187499999997 0.2593390625 0.2911296875 0.32063281250000003 0.3000359375 0.32063281250000003
0 0.1183078125 0 0.14010625000000002 0.0446625 0.14251562499999998 0.037384375 0.12508906250000001 0 0.1183078125 0
0 0.13929375 0.07537031250000001 0.1399234375 0.06696875 0.127528125 0.060140625 0.09454375000000001 0.034665625 0.0661796875 0.0105046875 0.0542046875 0 0.0462203125 0.0007875 0.08635000000000001 0.037290625 0.1187046875 0.062503125 0.13929375 0.07537031250000001
0 0.030884375 0.047796875 0.0197484375 0.0383421875 0.016807812499999998 0.0430703125 0.0586171875 0.0816734375 0.0869796875 0.10951249999999998 0.0913921875 0.10504687500000001 0.030884375 0.047796875
0 0.10651875 0.09638125 0.0506328125 0.131046875 0.051682812499999994 0.13735 0.08067656250000001 0.11975312499999999 0.1371921875 0.08561250000000001 0.13677187500000001 0.07825937499999999 0.10651875 0.09638125
1 0.015625 0.0476078125 0.017578125 0.045165625 0.017578125 0.0402828125 0.0146484375 0.036621875 0.0107421875 0.036621875 0.009765625 0.0378421875 0.009765625 0.091553125 0.0126953125 0.095215625 0.015625 0.09399375 0.015625 0.0476078125
0 0.1503953125 0.1811921875 0.149159375 0.18861406249999998 0.1820578125 0.23035624999999998 0.20274999999999999 0.25455 0.2083140625 0.2503765625 0.19566250000000002 0.235303125 0.162021875 0.19510624999999998 0.15113749999999998 0.180265625 0.1503953125 0.1811921875
0 0.20382656250000003 0 0.21273124999999998 0.0269 0.22880937499999998 0.0745171875 0.25156718749999996 0.1323375 0.2631921875 0.1583109375 0.27061406250000003 0.160165625 0.252803125 0.11904375 0.2312828125 0.062150000000000004 0.218915625 0.024428125000000002 0.211 0 0.20382656250000003 0
0 0.1758734375 0 0.180821875 0.0136046875 0.2023421875 0.0677140625 0.22039843750000002 0.1097671875 0.2268296875 0.1113125 0.218915625 0.0921421875 0.197146875 0.039578125 0.1818109375 0 0.1758734375 0
0 0.163828125 0.07036875000000001 0.1598703125 0.0681703125 0.15767031250000002 0.063771875 0.149534375 0.058273437500000004 0.146675 0.0852125 0.1534921875 0.0981328125 0.15063437500000001 0.0981328125 0.148875 0.09428281250000001 0.1468953125 0.0945578125 0.147115625 0.10225625 0.1479953125 0.10335468750000001 0.14909375 0.10335468750000001 0.15305312499999998 0.10335468750000001 0.1587703125 0.1039046875 0.162728125 0.11379999999999998 0.1642671875 0.11379999999999998 0.1684453125 0.1099515625 0.16075 0.0953828125 0.1640484375 0.09428281250000001 0.17938125 0.10794062499999998 0.1882375 0.106928125 0.1660265625 0.088784375 0.163828125 0.080265625 0.163828125 0.07036875000000001
0 0.23170156249999999 0.13621250000000001 0.20983593749999999 0.12234375 0.20328125 0.124609375 0.215625 0.1341796875 0.2437484375 0.15395468750000002 0.3002734375 0.186928125 0.36260625 0.219878125 0.3984390625 0.2374515625 0.401134375 0.23125 0.3176984375 0.18778125 0.27028125 0.160465625 0.2409515625 0.1427 0.22967187500000003 0.11421406249999999 0.225159375 0.11618906250000001 0.23170156249999999 0.13621250000000001
0 0.21754687499999997 0.1934390625 0.1619453125 0.1863921875 0.160778125 0.192225 0.206465625 0.1985421875 0.2272671875 0.207290625 0.23621093750000002 0.2126390625 0.2519578125 0.2133671875 0.252540625 0.2131234375 0.252540625 0.2077765625 0.2400984375 0.20656249999999998 0.2299890625 0.1966 0.1998546875 0.1572296875 0.1747765625 0.11980625 0.169915625 0.12223593749999999 0.193828125 0.16111875 0.21754687499999997 0.1934390625
0 0.253196875 0.2334296875 0.2067921875 0.253421875 0.21084687500000002 0.258490625 0.256125 0.2401875 0.253196875 0.2334296875
0 0.268425 0.219996875 0.3872296875 0.2517328125 0.3872328125 0.2462328125 0.3246515625 0.2291421875 0.269771875 0.213978125 0.268425 0.219996875