1 0.17638125 0.0833828125 0.154296875 0.072021875 0.1669921875 0.05859375 0.19481874999999998 0.05746250000000001 0.19180625 0.0366578125 0.09984375 0.0361328125 0.09953125 0.0427734375 0.1083984375 0.056153125000000005 0.12046562499999999 0.081628125 0.127390625 0.10450937499999999 0.1365796875 0.10424375 0.138125 0.1037109375 0.138671875 0.13549843749999999 0.09859375000000001 0.1353515625 0.09953125 0.1462890625 0.11828125 0.148828125 0.1371875 0.1615234375 0.13216406249999998 0.5148703125 0.13818125 0.5145703125 0.144440625 0.5148703125 0.15390625 0.16171875 0.1678125 0.15234375 0.1875 0.14526406249999999 0.1845703125 0.13671875 0.15234375 0.13549843749999999 0.15366875 0.1012875 0.18415781250000002 0.10051874999999999 0.18354375 0.0936140625 0.17638125 0.0833828125
1 0.305890625 0.31629687500000003 0.305890625 0.3049140625 0.2852375 0.307759375 0.285725 0.2990203125 0.30572656249999997 0.2980015625 0.306378125 0.2882453125 0.2854 0.2894640625 0.2844234375 0.2841796875 0.3055640625 0.2849921875 0.3049140625 0.2752359375 0.2900390625 0.27587968749999997 0.2867 0.2756421875 0.2783203125 0.27587968749999997 0.25986875 0.2758453125 0.25791718750000003 0.2837734375 0.27791875 0.28438281249999997 0.27791875 0.2912953125 0.2582421875 0.2919046875 0.2585671875 0.2986140625 0.27759375 0.2990203125 0.2790578125 0.30796250000000003 0.26003125 0.30755625000000003 0.26035624999999996 0.3165 0.2666984375 0.3165 0.27824375 0.3173140625 0.27743125 0.329103125 0.25970624999999997 0.328696875 0.25986875 0.335609375 0.27775625000000004 0.33723437500000003 0.27726875 0.35166718750000003 0.2588921875 0.3520734375 0.26171875 0.357665625 0.2763671875 0.361328125 0.28019531249999996 0.37829687500000003 0.2875140625 0.377484375 0.288978125 0.358375 0.306378125 0.356546875 0.307353125 0.34983749999999997 0.2878390625 0.34902500000000003 0.28588749999999996 0.33703125 0.3054015625 0.33601562500000004 0.30572656249999997 0.329715625 0.2871890625 0.3280875 0.2875140625 0.3169078125 0.305890625 0.31629687500000003
1 0.32969218749999996 0.339584375 0.329121875 0.380725 0.333984375 0.3796390625 0.3355890625 0.3393484375 0.32969218749999996 0.339584375
1 0.3427734375 0.361328125 0.3404375 0.3656625 0.3458625 0.373353125 0.34678437500000003 0.416425 0.3543984375 0.41840781250000003 0.35404375 0.373115625 0.3525390625 0.361328125 0.3427734375 0.361328125
0 0.15687500000000001 0 0.17395624999999998 0.032759375 0.179759375 0.03150625 0.17546875 0.0228515625 0.16390625 0 0.15687500000000001 0
0 0.24515625000000002 0.1955078125 0.2521875 0.2107421875 0.2725 0.2470703125 0.286321875 0.266934375 0.2925609375 0.2625140625 0.27703125 0.2392578125 0.25187499999999996 0.194140625 0.22321718750000002 0.1313109375 0.19295 0.056048437500000006 0.18744687499999999 0.058071874999999995 0.1910078125 0.06839062500000001 0.19343593750000002 0.0748640625 0.19479531249999998 0.07989531250000001 0.2171875 0.1349609375 0.24515625000000002 0.1955078125
0 0.25922968750000003 0.3782578125 0.2618109375 0.372234375 0.21246874999999998 0.3250453125 0.189453125 0.29663125 0.1803046875 0.282290625 0.1513671875 0.22216874999999997 0.15063125 0.240103125 0.19140625 0.3210453125 0.22325468750000002 0.3535140625 0.2530328125 0.3804109375 0.2573359375 0.3767515625 0.25338125 0.372978125 0.25922968750000003 0.3782578125
0 0.212525 0.22115468749999997 0.1828578125 0.17463125 0.16671875 0.1486328125 0.159578125 0.15030468749999998 0.20563281249999998 0.227790625 0.25390625 0.2837890625 0.2584375 0.2787109375 0.212525 0.22115468749999997
0 0.275625 0.2740234375 0.2625 0.2595703125 0.2421875 0.2359375 0.2090625 0.1857421875 0.18578125 0.146875 0.17859375 0.14921875 0.19078124999999999 0.1701171875 0.21982343750000002 0.21658750000000002 0.23515625 0.2396484375 0.26703125 0.2751953125 0.275625 0.2740234375
0 0.041534375 0.0997890625 0.0744375 0.089675 0.11716875 0.07805625000000001 0.12049687499999999 0.0768046875 0.11847343749999999 0.0735859375 0.11479375 0.06944687499999999 0.08792187500000001 0.0775390625 0.034595312499999996 0.0937640625 0.041534375 0.0997890625
0 0.131075 0.0950703125 0.1272984375 0.0876515625 0.085546875 0.0994625 0.049062499999999995 0.11066875000000001 0.0534015625 0.1173203125 0.09817187499999999 0.10383437499999999 0.131075 0.0950703125
0 0.077134375 0.12743437500000002 0.11304375 0.11254843750000001 0.1291234375 0.10450937499999999 0.125659375 0.10018125 0.0863046875 0.11529687500000001 0.069978125 0.122265625 0.072809375 0.12855468750000001 0.077134375 0.12743437500000002
0 0.1912375 0.3216703125 0.1485484375 0.321240625 0.1480328125 0.32876875 0.1985 0.329709375 0.1912375 0.3216703125
0 0.20437500000000003 0.3138671875 0.2603125 0.3162109375 0.2601484375 0.3088078125 0.200625 0.3072265625 0.20078125 0.308203125 0.20203125000000002 0.31015625 0.20437500000000003 0.3138671875
0 0.26234375 0.3224609375 0.210625 0.321484375 0.21703125 0.3294921875 0.26322812500000003 0.329709375 0.26234375 0.3224609375
0 0.136828125 0.1968671875 0.08671875 0.1681640625 0.0828125 0.173828125 0.135046875 0.204884375 0.136828125 0.1968671875
0 0.09640625 0.0390625 0.10015624999999999 0.04375 0.10500000000000001 0.037109375 0.07359375 0 0.06390625 0.0001953125 0.09640625 0.0390625
0 0.175 0.12890625 0.1603125 0.1029296875 0.15687500000000001 0.105078125 0.1703125 0.1318359375 0.175 0.12890625
0 0.41970156249999996 0.1300765625 0.379375 0.12109375 0.2730046875 0.0968125 0.24951875 0.09107499999999999 0.20435781249999999 0.0805984375 0.20634999999999998 0.08806562500000001 0.27406406250000004 0.10455937500000001 0.4181515625 0.1363625 0.41970156249999996 0.1300765625
0 0.445353125 0.33013125 0.4058078125 0.3274828125 0.3264828125 0.324834375 0.3045890625 0.32442812499999996 0.3047515625 0.329715625 0.3420171875 0.3316015625 0.44558749999999997 0.3345453125 0.445353125 0.33013125
0 0.303884375 0.31365468750000003 0.303125 0.3203625 0.323290625 0.3211765625 0.3385765625 0.32199062500000003 0.423696875 0.327778125 0.448403125 0.3291203125 0.448403125 0.3231765625 0.3423171875 0.3165 0.323940625 0.315078125 0.303884375 0.31365468750000003
0 0 0.15042968750000002 0.047140625000000005 0.1767796875 0.10734375 0.2115234375 0.12781718749999998 0.22181250000000002 0.129925 0.224446875 0.13165 0.2278 0.133565625 0.23019531249999997 0.1354828125 0.2299578125 0.1365625 0.2197265625 0.08640624999999999 0.193359375 0.03621875 0.164321875 0 0.1439453125 0 0.15042968750000002
0 0 0.140234375 0.01796875 0.151953125 0.078125 0.1876953125 0.11734375 0.208984375 0.13640625 0.2185546875 0.1378125 0.211328125 0.088453125 0.1858640625 0.0458125 0.16010312499999999 0.037410937500000005 0.15515 0 0.131640625 0 0.140234375
0 0.11484375 0.0310546875 0.09140625 0 0.08499999999999999 0.000390625 0.11156250000000001 0.0349609375 0.11484375 0.0310546875
0 0.12359374999999999 0.0322265625 0.0996875 0 0.09328125000000001 0.0001953125 0.1190625 0.034375 0.12359374999999999 0.0322265625
0 0.195 0.078515625 0.1590625 0.0666015625 0.155 0.0716796875 0.195625 0.0833984375 0.195 0.078515625
0 0.2034375 0.101171875 0.1846875 0.094921875 0.18328125 0.1017578125 0.20390625 0.1083984375 0.2034375 0.101171875
0 0.16109374999999998 0.102734375 0.18125 0.130078125 0.1853125 0.12734375 0.1640625 0.1013671875 0.16109374999999998 0.102734375
0 0.4944453125 0.1609390625 0.44973124999999997 0.1579453125 0.448734375 0.1631859375 0.4946453125 0.166678125 0.4944453125 0.1609390625
0 0.49859375000000006 0.15546875 0.44973124999999997 0.150959375 0.44953281250000005 0.156696875 0.49883749999999993 0.16143749999999998 0.49859375000000006 0.15546875
0 0.45246250000000005 0.143803125 0.5051609375 0.146796875 0.50490625 0.1422921875 0.4506671875 0.1380625 0.4502671875 0.143803125 0.45246250000000005 0.143803125
0 0.289928125 0.131765625 0.42127968750000006 0.1570609375 0.4201765625 0.151771875 0.3118203125 0.1313046875 0.4188875 0.15062031250000002 0.41921875000000003 0.1453125 0.3177078125 0.12601562500000002 0.2124796875 0.10003124999999999 0.21560625 0.11175781250000001 0.289928125 0.131765625