1 0.7375875 0 0.7393484375 0.47028749999999997 0.7354499999999999 0.5848140625 0.74609375 0.5871578125 0.7603921875 0.587040625 0.763671875 0.48461875 0.7628859375 0 0.7375875 0
0 0 0.06057343750000001 0.12257499999999999 0.06057343750000001 0.283653125 0.06146406250000001 0.28246875 0.05345 0 0.05345 0 0.06057343750000001
0 0 0.09442500000000001 0.036545312499999996 0.0957625 0.0390390625 0.088634375 0.0547171875 0.089525 0.10103906250000001 0.086853125 0.1911890625 0.0846265625 0.386884375 0.0775 0.6355796875 0.0641390625 0.7380484375 0.060129687499999994 0.7366234375 0.049884374999999995 0.6582312499999999 0.055676562500000006 0.610128125 0.0587921875 0.44265625000000003 0.06725624999999999 0.2657578125 0.074828125 0.0510609375 0.0775 0.0482109375 0.08106250000000001 0.044290625 0.0815078125 0.0393015625 0.0770546875 0 0.0779453125 0 0.09442500000000001
0 0.347878125 0.145646875 0.46761093750000005 0.1434203125 0.5146453125 0.138075 0.53670625 0.1356203125 0.584078125 0.127384375 0.6271921875 0.117140625 0.6393734375 0.1165875 0.650353125 0.11981250000000002 0.66175625 0.11981250000000002 0.6728015625 0.11758593749999999 0.681353125 0.11224218749999999 0.6902609375 0.10645156250000001 0.6916875 0.1019984375 0.738084375 0.09309062500000001 0.7390671875 0.079421875 0.7314453125 0.08158593750000001 0.713853125 0.0872984375 0.6922828125 0.0933578125 0.6846359375 0.09665312499999999 0.6753703125 0.10645156250000001 0.6698140625 0.10753281249999999 0.6603984374999999 0.11074375 0.6516234375 0.1104765625 0.6379578125 0.108678125 0.6279796875 0.10823281250000001 0.60410625 0.1131328125 0.558853125 0.1247125 0.5058906249999999 0.131075 0.48096249999999996 0.1336203125 0.464375 0.1350859375 0.4342015625 0.136959375 0.388675 0.1371828125 0.3345140625 0.1371828125 0.31136718750000003 0.1334796875 0.2938921875 0.13005781249999998 0.210790625 0.128275 0.1943109375 0.128665625 0.17943437499999998 0.129165625 0.1683875 0.13095 0.150928125 0.1331765625 0.1413078125 0.13406562500000002 0.12347656250000001 0.134015625 0.1099515625 0.1331765625 0.0771703125 0.128275 0.074578125 0.1354015625 0.10094531250000001 0.1398578125 0.12410625 0.1425296875 0.15510625 0.1407484375 0.1914515625 0.1371828125 0.209625 0.13584687499999998 0.23839375000000002 0.1380296875 0.2680609375 0.138075 0.286590625 0.13852031250000002 0.3036625 0.1417734375 0.347878125 0.145646875
0 0.835584375 0 0.8371718749999999 0.06863125 0.8408015625 0.0680625 0.840121875 0 0.835584375 0
0 0.813803125 0 0.8001906249999999 0.01503125 0.7636640625 0.058987500000000005 0.7636640625 0.09585468750000001 0.77024375 0.0924515625 0.7745546875 0.0890484375 0.7790921875000001 0.084228125 0.7824953125 0.0751515625 0.7845359375000001 0.0672125 0.7847640625000001 0.054165624999999995 0.7852171875 0.051898437500000005 0.786125 0.05586875 0.7879390625 0.057001562500000005 0.7924765625 0.056153125000000005 0.79746875 0.049062499999999995 0.7988296874999999 0.043390625 0.7999640625 0.032896875 0.7997375 0.028359375 0.8226515624999999 0 0.813803125 0
0 0.7756890624999999 0 0.7670671875 0.01503125 0.7659328125 0.0167328125 0.7625296875 0.0167328125 0.7641171875 0.036867187499999995 0.7670671875 0.0331796875 0.7682015625 0.025806249999999996 0.768428125 0.0218359375 0.7852171875 0 0.7756890624999999 0
0 0.78839375 0.02779375 0.7834015625 0.0039703125 0.7799984375 0.008790625 0.784990625 0.033465625 0.78839375 0.02779375
0 0.792803125 0.1044828125 0.778646875 0.08726874999999999 0.7745734375 0.091390625 0.7902828125 0.108603125 0.792803125 0.1044828125
0 0.811421875 0.08363437500000001 0.78233125 0.077575 0.7809734374999999 0.0821796875 0.8092874999999999 0.088725 0.811421875 0.08363437500000001
0 0.798815625 0.079028125 0.7933859375 0.055271875000000005 0.78950625 0.0581796875 0.7941609374999999 0.07999843749999999 0.798815625 0.079028125
0 0.80793125 0.089453125 0.7821374999999999 0.088725 0.7840765625 0.093815625 0.8081250000000001 0.09454375000000001 0.80793125 0.089453125