1 0 0.136328125 0.0078125 0.1401859375 0.008749999999999999 0.4376953125 0.01921875 0.437890625 0.01953125 0.1426265625 0.0224609375 0.1340828125 0.0390625 0.133984375 0.03984375 0.1259765625 0.021484375 0.1255375 0.02265625 0.0923828125 0.05859375 0.086475 0.060312500000000005 0.0775390625 0.021484375 0.07915 0.021875 0.0525390625 0.02734375 0.0498046875 0.028749999999999998 0.0626953125 0.03625 0.0619140625 0.036875000000000005 0.0505859375 0.04296875 0.0470703125 0.045 0.03515625 0 0.0369140625 0 0.0447265625 0 0.048828125 0.008906250000000001 0.051171875 0.0078125 0.0815921875 0 0.0840328125 0 0.0913578125 0.0078125 0.0937984375 0.0078125 0.127978125 0 0.1298828125 0 0.136328125
1 0.2890625 0.3601078125 0.29078125 0.465234375 0.296875 0.4650875 0.296875 0.3625484375 0.3046875 0.36015625 0.3046875 0.3527828125 0.30421875 0.3158203125 0.2841796875 0.31494218749999997 0.279296875 0.318603125 0.279296875 0.338134375 0.2790625 0.3529296875 0.2803125 0.357421875 0.2890625 0.3601078125
1 0.5624687500000001 0.5121078125 0.570359375 0.5085453125 0.5714546875 0.2090625 0.5626875 0.2101578125 0.5626875 0.215365625 0.5624687500000001 0.5121078125
1 0.5059375 0.34453125 0.506353125 0.5093671875 0.5131484375 0.507721875 0.51125 0.34453125 0.5059375 0.34453125
1 0.494140625 0.5090328125 0.4990234375 0.39794999999999997 0.494140625 0.3991703125 0.48828125 0.4968265625 0.48828125 0.5090328125 0.494140625 0.5090328125
0 0.57203125 0.2166015625 0.571875 0.2232421875 0.6001390625 0.24075000000000002 0.6010187499999999 0.2339359375 0.57203125 0.2166015625
0 0.5485156250000001 0.3086421875 0.5637890624999999 0.241453125 0.5592578125000001 0.24150468749999998 0.5466734375 0.2905484375 0.5347828125 0.3279328125 0.5234375 0.3513671875 0.527215625 0.3563078125 0.54078125 0.3314453125 0.5485156250000001 0.3086421875
0 0.10113749999999999 0.1960171875 0.1525 0.2443359375 0.1271875 0.233984375 0.09671874999999999 0.2154296875 0.0459375 0.1671875 0.0214140625 0.1404234375 0.0200953125 0.15071874999999998 0.056334375000000006 0.188603125 0.02046875 0.1583984375 0.0207546875 0.16760312500000002 0.031296875 0.175015625 0.07939531250000001 0.21125312499999999 0.133753125 0.2507875 0.17265625 0.2671875 0.2072171875 0.2853765625 0.2095234375 0.2808484375 0.18415625 0.2647875 0.1765796875 0.255728125 0.20484375 0.270703125 0.205625 0.26953125 0.20703125 0.26640625 0.20656249999999998 0.26484375 0.17855625 0.2499625 0.1591203125 0.23843125 0.12848125 0.2100171875 0.11365624999999999 0.188603125 0.0875 0.1515625 0.071478125 0.12935000000000002 0.0553453125 0.10706875 0.051875000000000004 0.1125 0.0609375 0.1251953125 0.07546875 0.14609375 0.11069218750000001 0.196840625 0.054028125 0.13630625000000002 0.035909375 0.1095390625 0.0299796875 0.11406875000000001 0.047439062500000004 0.137953125 0.10113749999999999 0.1960171875
0 0.2783859375 0.3207578125 0.269875 0.31324843750000003 0.2515984375 0.286334375 0.2395828125 0.2650546875 0.2370796875 0.2716265625 0.2533515625 0.30073125 0.2643671875 0.317940625 0.2778859375 0.32920625000000003 0.2783859375 0.3207578125
1 0.2384375 0.29296875 0.23875000000000002 0.285546875 0.2265625 0.2816515625 0.2265625 0.274328125 0.23828125 0.2718859375 0.2384375 0.2658203125 0.22671875 0.26796875 0.226875 0.2552734375 0.23828125 0.2544921875 0.2373046875 0.2462515625 0.2046875 0.24609375 0.206875 0.2564453125 0.216796875 0.2572375 0.2171875 0.2671875 0.20593750000000002 0.26640625 0.20671875 0.2732421875 0.216796875 0.27676875 0.216796875 0.28409375 0.20640624999999999 0.287890625 0.20640624999999999 0.29453125 0.216796875 0.293859375 0.21875 0.3280390625 0.2158203125 0.3341421875 0.20140625 0.33359375 0.2004265625 0.34373437500000004 0.20218750000000002 0.3552734375 0.2138671875 0.356115625 0.21875 0.3695421875 0.21800000000000003 0.4805140625 0.220703125 0.47940625 0.2265625 0.481846875 0.2265625 0.35489375 0.22937500000000002 0.354296875 0.23359375 0.35390625 0.24125000000000002 0.3537109375 0.241875 0.3447265625 0.24171874999999998 0.33359375 0.23562500000000003 0.3333984375 0.2265625 0.332921875 0.2265625 0.293859375 0.2384375 0.29296875
0 0.3619 0.38771093749999996 0.41034375 0.38003906249999997 0.46711562500000003 0.363596875 0.5043796875 0.353734375 0.5043796875 0.34743124999999997 0.4811453125 0.353734375 0.439715625 0.365515625 0.403328125 0.374284375 0.3873265625 0.376203125 0.3520359375 0.3808609375 0.32244375000000003 0.383875 0.29877031249999997 0.383875 0.2996875 0.391796875 0.31890625 0.391015625 0.3619 0.38771093749999996
0 0.571128125 0.3017796875 0.597253125 0.2697984375 0.5959375 0.263671875 0.58518125 0.27655625 0.5718484375 0.292996875 0.571128125 0.3017796875
0 0.57166875 0.29074374999999997 0.5956312500000001 0.260790625 0.5925687500000001 0.2553859375 0.5713078125 0.2855640625 0.5718484375 0.2889421875 0.57166875 0.29074374999999997
0 0.8208125000000001 0 0.801653125 0.027234374999999998 0.7355375000000001 0.127253125 0.676934375 0.2108375 0.6374906250000001 0.262490625 0.6378671875 0.269534375 0.679940625 0.21788124999999997 0.7629609375 0.0990796875 0.8283250000000001 0 0.8208125000000001 0
0 0.6220890625 0.268125 0.6682953125 0.208959375 0.78461875 0.0316765625 0.804659375 0.00046875 0.79635 0 0.7652140625 0.047896875 0.7092421875 0.1366453125 0.6705484375 0.19205468750000002 0.6356124999999999 0.24277031249999997 0.6209625 0.2634296875 0.6220890625 0.268125
0 0.740421875 0.0432015625 0.765590625 0.00046875 0.757946875 0 0.7373078125 0.0338453125 0.6867015624999999 0.1202109375 0.647634375 0.18454062499999999 0.6344859375 0.2042640625 0.6359890625 0.21177656250000002 0.6637875 0.17233281250000002 0.699475 0.11081875000000001 0.740421875 0.0432015625
0 0.7314375 0 0.703184375 0.054939062500000004 0.656603125 0.1436890625 0.62279375 0.20661093749999998 0.6272578125 0.2112078125 0.6524859375000001 0.1643359375 0.6874374999999999 0.0969234375 0.7212171875 0.0324 0.738821875 0 0.7314375 0
0 0.5328125 0.397265625 0.5275000000000001 0.401171875 0.529375 0.4064453125 0.5337500000000001 0.402734375 0.54125 0.391796875 0.555625 0.3634765625 0.5623437499999999 0.348046875 0.5615625 0.3373046875 0.5532812500000001 0.3564453125 0.54390625 0.3787109375 0.53984375 0.3859375 0.53640625 0.3923828125 0.5328125 0.397265625
0 0.52890625 0.3951171875 0.5275000000000001 0.396875 0.53015625 0.3984375 0.53296875 0.396875 0.5415625000000001 0.3818359375 0.54859375 0.365625 0.55953125 0.336328125 0.556875 0.334375 0.5503125 0.3498046875 0.54390625 0.3673828125 0.5392187500000001 0.377734375 0.53453125 0.38671875 0.5315624999999999 0.3921875 0.52890625 0.3951171875
0 0.5440625 0.3552734375 0.5378125 0.369921875 0.52640625 0.391015625 0.5275000000000001 0.396875 0.5378125 0.380859375 0.5425 0.3701171875 0.5528125 0.3439453125 0.5559375 0.33671875 0.5565625 0.3326171875 0.55390625 0.328125 0.55078125 0.337890625 0.5440625 0.3552734375
0 0.27 0.308203125 0.28078125 0.3166015625 0.28484375 0.3130859375 0.27718750000000003 0.3060546875 0.26921875 0.2974609375 0.255 0.274609375 0.24312499999999998 0.2509765625 0.23984375 0.246484375 0.2375 0.2544921875 0.2553125 0.287109375 0.27 0.308203125
0 0.2553125 0.32578125 0.22859375 0.2970703125 0.22749999999999998 0.303515625 0.2534375 0.3306640625 0.2553125 0.32578125
0 0.27859375000000003 0.34140625 0.2734375 0.337109375 0.26 0.318359375 0.23984375 0.2865234375 0.23640625 0.2939453125 0.25796874999999997 0.325390625 0.27296875 0.3431640625 0.27859375000000003 0.3462890625 0.27859375000000003 0.34140625
0 0.04375 0.07890625 0.035625000000000004 0.0666015625 0.03 0.0638671875 0.0225 0.061328125 0.021875 0.0666015625 0.028437499999999998 0.0677734375 0.03203125 0.07265625 0.03828125 0.0794921875 0.04375 0.07890625
0 0.03390625 0.3244140625 0.0290625 0.3263671875 0.045156249999999995 0.3373046875 0.07015625 0.3509765625 0.08453125 0.353125 0.08546875000000001 0.3478515625 0.07328124999999999 0.3451171875 0.06796875 0.342578125 0.06046875 0.33828125 0.03390625 0.3244140625
0 0.2034078125 0.2467734375 0.2072 0.246025 0.21297656250000002 0.24430468749999998 0.1932265625 0.2360453125 0.173465625 0.225065625 0.1531046875 0.20859687500000001 0.121365625 0.1771578125 0.090625 0.1419765625 0.0590859375 0.10130468749999999 0.0578875 0.1030515625 0.056690624999999994 0.1097890625 0.0736578125 0.1304984375 0.11797187499999999 0.18289687500000001 0.14252499999999999 0.2071 0.1674765625 0.22830937499999998 0.1788546875 0.2352953125 0.1918296875 0.24153281249999997 0.2034078125 0.2467734375
0 0.095415625 0.25653125 0.12328281249999999 0.27406406250000004 0.1515203125 0.286521875 0.1707140625 0.29275 0.1899078125 0.294134375 0.2061484375 0.2920578125 0.205225 0.2872125 0.1878765625 0.28929062499999997 0.17588125 0.286521875 0.15631875 0.28190781249999997 0.122359375 0.2652984375 0.09190781249999999 0.24453437500000003 0.07086875000000001 0.2270015625 0.06477812499999999 0.2313875 0.095415625 0.25653125
0 0.11516249999999999 0.2789078125 0.0850796875 0.2544546875 0.061271874999999996 0.23115468749999998 0.054259375 0.23369374999999998 0.077328125 0.255840625 0.111471875 0.283753125 0.11276250000000002 0.283753125 0.11516249999999999 0.2789078125
0 0.11793125 0.291134375 0.1771734375 0.3278171875 0.1808640625 0.322740625 0.121253125 0.28536875 0.11793125 0.291134375
0 0.1618546875 0.3215875 0.1170078125 0.2932109375 0.112578125 0.299903125 0.157609375 0.32643125 0.1618546875 0.3215875