1 0.131525 0 0.123903125 0.1144984375 0.118178125 0.33122656250000004 0.110409375 0.5070640625 0.1108171875 0.525465625 0.1284875 0.525315625 0.133309375 0.4533921875 0.1486296875 0.0490734375 0.1484 0 0.13574375 0 0.131525 0
0 0.436478125 0.103075 0.38168281249999997 0.0989390625 0.3815078125 0.10619375 0.44089375000000003 0.1105328125 0.716796875 0.12573281249999999 0.7168609375 0.12156249999999999 0.7169953125 0.11917031250000001 0.436478125 0.103075
0 0.3059296875 0 0.3243453125 0.06624687500000001 0.33034375 0.064696875 0.3110953125 0 0.3059296875 0
0 0.371325 0.1876390625 0.3665078125 0.19149218750000002 0.375359375 0.2147484375 0.3934046875 0.26257031249999996 0.41300156250000003 0.292771875 0.4164171875 0.290490625 0.4164171875 0.2890453125 0.40421874999999996 0.26617812500000004 0.4002296875 0.2591765625 0.39676093749999997 0.2507453125 0.3907875 0.23581249999999998 0.371325 0.1876390625
0 0.32906875 0.34609999999999996 0.282371875 0.2896546875 0.22046875 0.2064828125 0.161875 0.12206874999999999 0.1528453125 0.1257734375 0.152275 0.13406875000000001 0.17114374999999998 0.14524062499999998 0.20954375 0.20400000000000001 0.2191296875 0.2171265625 0.2416546875 0.24992968750000003 0.2670078125 0.28187656250000004 0.2866140625 0.3063734375 0.325096875 0.350371875 0.330128125 0.3473765625 0.32906875 0.34609999999999996
0 0.10546875 0.0695625 0.11142343750000001 0.073828125 0.12242968750000001 0.0881109375 0.12401875 0.0887734375 0.1261390625 0.08148593750000001 0.11606875000000001 0.0669125 0.0980484375 0.0582984375 0.0371 0.0218625 0.0021203125 0 0 0.0053015625 0.043989062499999995 0.0351109375 0.10546875 0.0695625
0 0.5831453125 0.076428125 0.36060625 0.06800468750000001 0.36083750000000003 0.07432187500000001 0.5607734375 0.08154375 0.7198734375 0.0908703125 0.7203546875 0.0839515625 0.5831453125 0.076428125
0 0.319203125 0.0719140625 0.34296875 0.0724609375 0.343275 0.0713125 0.343275 0.0667984375 0.318890625 0.0661796875 0.319203125 0.0719140625
0 0.27309218749999997 0.233778125 0.2822546875 0.25196718749999997 0.3041015625 0.2890171875 0.323734375 0.32371875 0.3290046875 0.3312046875 0.3369109375 0.3431828125 0.3424 0.33999375 0.2863703125 0.24601875 0.25530624999999996 0.18594375000000002 0.2304328125 0.13764218749999999 0.2129859375 0.09916875 0.2062375 0.1034890625 0.21726562500000002 0.1218015625 0.23849843750000002 0.16541875 0.27309218749999997 0.233778125
0 0.14890625 0.1326171875 0.1729609375 0.0780796875 0.1809984375 0.0625546875 0.1753359375 0.0623265625 0.145559375 0.1263140625 0.14890625 0.1326171875
1 0.40175050625 0.4027498859375 0.4019503828125 0.3813631671875 0.4091459140625 0.38156304375 0.4091459140625 0.3747672640625 0.400751128125 0.3745673875 0.400951003125 0.300813190625 0.410744921875 0.300813190625 0.41154442500000005 0.3090081015625 0.41734082499999997 0.3084084734375 0.41714094843750005 0.3032117015625 0.419339584375 0.3032117015625 0.419339584375 0.2906195203125 0.4121440515625 0.29021976875 0.41254380468749996 0.29421728593749996 0.40135075468750003 0.2940174109375 0.400951003125 0.2912191484375 0.3936230234375 0.29176731562499997 0.3933557203125 0.28882063750000003 0.387708821875 0.2884816484375 0.3877591953125 0.296415921875 0.3803637890625 0.2962160453125 0.3803637890625 0.2890205140625 0.3749671390625 0.2890205140625 0.3747672640625 0.30161269375 0.380763540625 0.302212321875 0.3803637890625 0.3070093421875 0.38995782968750003 0.30660959062500004 0.39035758125000003 0.3281961859375 0.39455497500000003 0.32839606093749996 0.39435509999999996 0.3743675125 0.3869596921875 0.3753668921875 0.386559940625 0.3801639125 0.39435509999999996 0.3805636640625 0.395354478125 0.40294976250000003 0.40175050625 0.4027498859375