1 0.2666953125 0.414784375 0.273246875 0.4152671875 0.2859375 0.2021484375 0.30307968750000003 0.20295468749999998 0.3086609375 0.1961890625 0.30950625 0.181390625 0.25335625 0.1807578125 0.253525 0.1925953125 0.25741562500000004 0.19788125 0.271875 0.2021484375 0.2728625 0.22160312499999998 0.2666953125 0.414784375
1 0.32265625 0.275390625 0.3171875 0.2802734375 0.3140625 0.3564453125 0.31255781250000003 0.4162296875 0.31875 0.4189453125 0.3265625 0.2958984375 0.3248125 0.27890468749999997 0.32265625 0.275390625
0 0.1250984375 0.052125 0.12428593750000001 0.046709375 0.058487500000000005 0 0.05 0.0009765625 0.124015625 0.05550937500000001 0.1250984375 0.052125
0 0.12333125 0.059693750000000004 0.018540624999999998 0.1263703125 0.0220609375 0.1317875 0.1260171875 0.06512812500000001 0.12333125 0.059693750000000004
0 0.210584375 0 0.219903125 0.0241671875 0.2621640625 0.12111406250000001 0.2725484375 0.14530156249999998 0.2811671875 0.14966718750000002 0.21780624999999998 0 0.210584375 0
0 0.180534375 0 0.240634375 0.1307421875 0.246884375 0.12647031250000002 0.1879890625 0 0.180534375 0
0 0.21725937499999998 0.1718890625 0.166578125 0.10364374999999999 0.1598703125 0.1071390625 0.214090625 0.1807375 0.24609375 0.216796875 0.270728125 0.2388609375 0.2736859375 0.232615625 0.2550828125 0.21497656250000002 0.21725937499999998 0.1718890625
0 0.043621875 0.1396546875 0.014021875 0.1251890625 0.0102375 0.1299171875 0.041840625 0.1454984375 0.043621875 0.1396546875
0 0.3018578125 0.1756625 0.3616796875 0.2060546875 0.407103125 0.227728125 0.41076562499999997 0.22284375 0.351421875 0.1935390625 0.30616875 0.170040625 0.2569125 0.1416421875 0.20465 0.1071484375 0.196103125 0.1086734375 0.21075624999999998 0.11905468749999999 0.26692499999999997 0.15538125 0.3018578125 0.1756625
1 0.12648281249999999 0 0.12497812500000001 0.0454390625 0.124459375 0.0685921875 0.116615625 0.1846859375 0.11456875 0.264834375 0.1236234375 0.263253125 0.126953125 0.20874062499999999 0.12681718749999998 0.183365625 0.131390625 0.180728125 0.1317421875 0.1712734375 0.130859375 0.12817343750000001 0.1611328125 0.10498125 0.22328125000000001 0.106478125 0.22248593749999998 0.098453125 0.2197265625 0.095215625 0.2099609375 0.0927734375 0.1689453125 0.0927734375 0.1493921875 0.10083125 0.1337890625 0.114746875 0.130859375 0.10375937500000001 0.1329359375 0.0721953125 0.1380984375 0 0.12648281249999999 0
0 0.1366984375 0.0609234375 0.133296875 0.0623421875 0.1416859375 0.077359375 0.1550609375 0.0986125 0.1605015625 0.0963453125 0.1387390625 0.059790625 0.1366984375 0.0609234375
0 0.169115625 0.0770765625 0.138284375 0.028904687499999998 0.1353375 0.034003125 0.16390156250000001 0.0776453125 0.169115625 0.0770765625
0 0.23078125 0.2685546875 0.220625 0.261328125 0.18134375 0.2229421875 0.131565625 0.1664375 0.130625 0.1767578125 0.17703125 0.230859375 0.21703125 0.2685546875 0.23890625000000001 0.2833984375 0.25265624999999997 0.2935546875 0.2601421875 0.2983546875 0.26359374999999996 0.2947265625 0.25125000000000003 0.283203125 0.23078125 0.2685546875