1 0.110625 0.3748046875 0.11296874999999999 0.4572265625 0.12171875000000001 0.4591796875 0.1221875 0.22890625 0.11328125 0.230078125 0.11203125 0.30703125 0.110625 0.3748046875
0 0.11265624999999999 0.2345703125 0.055028125000000004 0.23598124999999998 0.054203125 0.24293749999999997 0.11314687500000001 0.2411328125 0.11265624999999999 0.2345703125
0 0 0.2451171875 0.0465390625 0.24398124999999998 0.04546875 0.2365234375 0 0.23728125000000003 0 0.2451171875
0 0 0.3025078125 0.0473859375 0.30215468749999996 0.0465390625 0.2943984375 0 0.2939453125 0 0.3025078125
0 0.1 0.3017578125 0.1121875 0.3015625 0.11294062499999999 0.29343125 0.053125 0.29453125 0.053593749999999996 0.302734375 0.1 0.3017578125
0 0.12203125 0.2916015625 0.12156249999999999 0.300390625 0.1421875 0.3095703125 0.14390624999999999 0.3017578125 0.12203125 0.2916015625
0 0.4868015625 0.36041249999999997 0.4865953125 0.3565484375 0.4640625 0.3564453125 0.46413125 0.36041249999999997 0.47979374999999996 0.36041249999999997 0.4868015625 0.36041249999999997
0 0.40171875 0.375390625 0.370625 0.371875 0.3703984375 0.378915625 0.4024328125 0.3822515625 0.40171875 0.375390625
0 0.584375 0.2962890625 0.5509375000000001 0.2955078125 0.55078125 0.2998046875 0.5840625 0.3 0.584375 0.2962890625
0 0.2015625 0.27694375 0.1821890625 0.2661234375 0.181365625 0.2725625 0.197028125 0.281321875 0.2015625 0.27694375
0 0.281734375 0.3635046875 0.33655625 0.3779296875 0.341503125 0.37303593749999997 0.2833828125 0.35809375 0.282971875 0.359125 0.281734375 0.3635046875
0 0.35484375 0.3681640625 0.28997812500000003 0.351653125 0.2873 0.3568046875 0.35098281249999996 0.3722640625 0.35484375 0.3681640625
1 0.5506249999999999 0.290625 0.54796875 0.2904296875 0.5446875 0.2908203125 0.54234375 0.293359375 0.5283203125 0.29296875 0.525625 0.2927734375 0.5235937500000001 0.28828125 0.51890625 0.2884765625 0.5154687499999999 0.29375 0.51078125 0.2935546875 0.510625 0.287109375 0.5046875 0.2873046875 0.5046875 0.301953125 0.524375 0.30234375 0.5240625 0.311328125 0.5053124999999999 0.3115234375 0.50546875 0.319921875 0.5185546875 0.31982499999999997 0.5220312500000001 0.3201171875 0.5215625 0.3654296875 0.5068359375 0.35400468749999997 0.48718281250000006 0.3535859375 0.4869890625 0.3598734375 0.50671875 0.3609375 0.52125 0.375390625 0.5201171875 0.486565625 0.52345625 0.486565625 0.5272390625 0.4854546875 0.530625 0.3208984375 0.54859375 0.31953125 0.5490625 0.3126953125 0.5310937499999999 0.312890625 0.5309375000000001 0.3029296875 0.5348437500000001 0.3033203125 0.5389062499999999 0.303515625 0.55078125 0.3017578125 0.5506249999999999 0.290625
0 0.399375 0.3537109375 0.40771406250000003 0.354640625 0.40824218749999996 0.3489234375 0.3873109375 0.3458453125 0.3377109375 0.3324328125 0.2840640625 0.3119859375 0.27234375 0.3078125 0.2705203125 0.3141859375 0.332609375 0.337271875 0.372184375 0.348484375 0.399375 0.3537109375
1 0.49453125 0.40078125 0.49437499999999995 0.3900390625 0.5001562500000001 0.3890625 0.5001562500000001 0.3859375 0.48734374999999996 0.3861328125 0.4875 0.3919921875 0.49015624999999996 0.3921875 0.49015624999999996 0.401171875 0.49453125 0.40078125
0 0.9996875 0.2517578125 0.98265625 0.244140625 0.9806250000000001 0.24765625 0.99875 0.2564453125 0.9996875 0.2517578125