1 0.146484375 0.12817343750000001 0.1728515625 0.13671875 0.1796875 0.15747031250000001 0.17953125 0.236834375 0.1887828125 0.23769218749999999 0.19140625 0.16723593750000001 0.20913125 0.1650328125 0.20633125 0.1542640625 0.2054703125 0.152378125 0.20417812500000002 0.1518421875 0.193359375 0.13793906250000001 0.2197265625 0.1318359375 0.220703125 0.12329062500000001 0.1533203125 0.1171875 0.146484375 0.12817343750000001
0 0.3843921875 0.2024453125 0.38348593750000004 0.20669374999999998 0.456803125 0.2172234375 0.6049140625 0.21958125 0.6268546875000001 0.2183890625 0.6252265625 0.210890625 0.48557812499999997 0.20967031249999998 0.390284375 0.19243125 0.38846875000000003 0.1959328125 0.45664999999999994 0.20810937499999999 0.387790625 0.1962171875 0.38461875 0.2007453125 0.44849531249999997 0.2109390625 0.3843921875 0.2024453125
0 0.065690625 0 0.08292031250000001 0.0172296875 0.1227984375 0.053390625000000004 0.1808609375 0.10094218749999999 0.2061171875 0.121178125 0.21192656250000003 0.11544375 0.1581703125 0.0700765625 0.0734125 0 0.0679109375 0 0.065690625 0
0 0 0.025928125000000003 0.132809375 0.120128125 0.148159375 0.12930625 0.151496875 0.1226328125 0.130140625 0.10761562499999999 0.0467171875 0.050889062500000005 0 0.017640625 0 0.025928125000000003
0 0 0.0066734375 0.0188171875 0.020846875 0.039375 0.03670625 0.1294734375 0.1034453125 0.1552875 0.12195625000000002 0.1577984375 0.1139140625 0.14403749999999998 0.10435781250000001 0.13065 0.09461875 0 0 0 0.0066734375
0 0.029076562500000003 0 0.0754140625 0.03670625 0.1103984375 0.064603125 0.1688484375 0.1084484375 0.18285625 0.119534375 0.194209375 0.1184609375 0.1278296875 0.06880625 0.0403671875 0 0.029076562500000003 0
0 0 0.2836390625 0.1472796875 0.30624843749999997 0.1486890625 0.29955937499999996 0.056843750000000005 0.2851953125 0.049615625000000003 0.28373125 0 0.275428125 0 0.2836390625
0 0 0.2602796875 0.1720625 0.298503125 0.1735203125 0.29198124999999997 0.16284218749999999 0.28864375 0.0340359375 0.261115625 0 0.2531 0 0.2602796875
0 0.1762671875 0.169315625 0.1528875 0.24376562499999999 0.152909375 0.2452328125 0.1569125 0.246065625 0.18055000000000002 0.17652812499999998 0.1762671875 0.169315625
0 0.5629890625 0.297975 0.5319890625 0.30465624999999996 0.5316328125 0.30821875 0.535909375 0.31 0.569046875 0.302428125 0.6114499999999999 0.28639375 0.6043234375 0.28149375 0.5629890625 0.297975
0 0.6371374999999999 0.2170203125 0.6678609375 0.2154765625 0.6682984375000001 0.208965625 0.6599406250000001 0.2093609375 0.6366453125 0.20994375 0.6371374999999999 0.2170203125
0 0.6259296875 0.2378984375 0.5874937499999999 0.2629390625 0.5975125 0.267628125 0.627571875 0.24847812500000002 0.6259296875 0.2378984375
0 0.169615625 0.213690625 0.13471249999999999 0.21302812499999998 0.13485156250000002 0.2187046875 0.16999843750000002 0.21989843750000002 0.169615625 0.213690625
0 0.1325734375 0.21062187500000001 0.17320156250000002 0.2114234375 0.1710625 0.20420625 0.1308640625 0.20287187499999998 0.131290625 0.20928437500000002 0.1325734375 0.21062187500000001
0 0.22507031249999998 0.1472640625 0.20030156250000003 0.14241718750000001 0.198578125 0.14807187500000002 0.2244234375 0.15399374999999998 0.22507031249999998 0.1472640625
0 0.0006374999999999999 0.2347203125 0 0.2426890625 0.0793828125 0.26420937499999997 0.1667734375 0.28223750000000003 0.167371875 0.2769609375 0.0797015625 0.2574359375 0.0006374999999999999 0.2347203125
0 0.6189421875 0.2247953125 0.5709546875 0.2547875 0.5744484375 0.2588640625 0.6233671875 0.2288703125 0.6189421875 0.2247953125
0 0.62266875 0.22945312499999998 0.5767781249999999 0.258571875 0.5826015625000001 0.262065625 0.626628125 0.2335296875 0.62266875 0.22945312499999998
0 0.6632015625000001 0.27021875 0.64316875 0.2754609375 0.64316875 0.2804109375 0.6636671875 0.2754609375 0.6632015625000001 0.27021875
0 0.6615703125 0.2623578125 0.6417703125 0.27021875 0.6422359375 0.2748796875 0.6639 0.267015625 0.6615703125 0.2623578125
0 0.23820156250000002 0.1614453125 0.20870468749999999 0.1513890625 0.20758749999999998 0.156696875 0.23730781250000002 0.16591406250000001 0.23820156250000002 0.1614453125
0 0.23864843750000003 0.16870625 0.209375 0.1606078125 0.20647031249999998 0.16786875 0.23842500000000003 0.17652812499999998 0.23864843750000003 0.16870625