1 0.586875 0.0224609375 0.5859375 0.033203125 0.63015625 0.038671875 0.6421875 0.0498046875 0.653125 0.4716796875 0.6546875 0.5068359375 0.6609375 0.5107421875 0.665625 0.4736328125 0.6640625 0.3525390625 0.65296875 0.047265625 0.66015625 0.0390625 0.66328125 0.02734375 0.70390625 0.0234375 0.70390625 0.0037109375 0.61203125 0.0107421875 0.58671875 0.0138671875 0.586875 0.0224609375
1 0.5109375 0.3603515625 0.515625 0.3662109375 0.5203125 0.2822265625 0.535209375 0.278196875 0.5369203125 0.2674984375 0.49455 0.2645546875 0.4951921875 0.27766250000000003 0.509375 0.2841796875 0.504821875 0.28595468749999997 0.5037515625 0.290234375 0.511240625 0.2993296875 0.5109375 0.3603515625
1 0.5666390625 0.1924625 0.5664234375 0.22283750000000002 0.5431984375 0.2223015625 0.5453484375000001 0.233053125 0.5637015625 0.23587656250000003 0.565625 0.2802734375 0.53438125 0.28170625 0.5352421875 0.29138281250000003 0.5466390624999999 0.2908453125 0.565625 0.2900390625 0.56875 0.3818359375 0.5765625 0.3837890625 0.5765625 0.2900390625 0.6057765625 0.28600781249999996 0.607496875 0.27794375 0.5765625 0.2802734375 0.575240625 0.23143906250000001 0.6042703125 0.22821562499999998 0.6042703125 0.22257031249999998 0.5758859375000001 0.22283750000000002 0.5735203125 0.1956890625 0.5666390625 0.1924625
0 0.53734375 0.319921875 0.55171875 0.3193359375 0.55375 0.3138671875 0.5184375 0.3146484375 0.51875 0.320703125 0.53734375 0.319921875
0 0.58515625 0.013671875 0.553125 0.1337890625 0.5546875 0.1474609375 0.5859375 0.0498046875 0.58515625 0.013671875
0 0.61640625 0.037109375 0.565625 0.1708984375 0.5703125 0.1748046875 0.6140625 0.0615234375 0.61640625 0.037109375
0 0.34154062500000004 0.3108328125 0.342825 0.31618124999999997 0.40402812499999996 0.319125 0.45495937499999994 0.3201953125 0.45624374999999995 0.3188578125 0.45560156249999995 0.3159140625 0.34154062500000004 0.3108328125
0 0.51265625 0.315625 0.4815625 0.3154296875 0.48171875000000003 0.319140625 0.5131249999999999 0.319140625 0.51265625 0.315625
0 0.68578125 0.0251953125 0.6756249999999999 0.0484375 0.66796875 0.066015625 0.6540625 0.0884765625 0.656378125 0.0973890625 0.6786546875 0.0569921875 0.6923125 0.0267890625 0.68578125 0.0251953125
0 0.859275 0 0.762003125 0.10169999999999998 0.6588296875 0.20179375 0.658571875 0.20532187500000001 0.6588296875 0.2066046875 0.70425625 0.1722796875 0.7802265625 0.10651250000000001 0.8572218749999999 0.032721875 0.889046875 0.0009625 0.882375 0 0.781765625 0.0965671875 0.7029734375000001 0.169390625 0.7966515625 0.0753921875 0.869284375 0 0.859275 0
0 0.60890625 0.251953125 0.58890625 0.280078125 0.5940624999999999 0.280078125 0.6135937499999999 0.253125 0.60890625 0.251953125
0 0.6135937499999999 0.2572265625 0.5965625 0.2798828125 0.6021875 0.2802734375 0.6165625 0.260546875 0.6135937499999999 0.2572265625
0 0.57625 0.3107421875 0.57703125 0.309765625 0.578125 0.3095703125 0.59875 0.2876953125 0.5940624999999999 0.286328125 0.57625 0.305078125 0.57625 0.3107421875