1 0.7009640625 0 0.7039500000000001 0.006934375 0.7197359375 0.006934375 0.746875 0.4892578125 0.765625 0.4931640625 0.7704203125 0.49102499999999993 0.7625 0.2626953125 0.743840625 0.0103984375 0.74296875 0 0.7009640625 0
1 0.2530453125 0.41425625000000005 0.2328125 0.2099609375 0.2328125 0.1904296875 0.24789374999999997 0.187 0.2484375 0.1826171875 0.24656250000000002 0.1798828125 0.20432812500000003 0.17935 0.20546875 0.189453125 0.22377031249999998 0.19014999999999999 0.2448109375 0.41363281250000006 0.2530453125 0.41425625000000005
1 0.49012031250000004 0.193403125 0.5073390625 0.197146875 0.5078125 0.2294921875 0.4918671875 0.23301875 0.49062031250000004 0.24019374999999998 0.5078125 0.2412109375 0.509375 0.2548828125 0.5125 0.4208984375 0.51875 0.4228515625 0.517071875 0.2395703125 0.53304375 0.23645156250000002 0.5325453125 0.23052343749999998 0.5183625000000001 0.2295859375 0.5171875 0.2119140625 0.5198171874999999 0.195275 0.5328125 0.1904296875 0.5325453125 0.1840453125 0.4888734375 0.18622812500000002 0.49012031250000004 0.193403125
0 0.6756453125 0 0.640634375 0.07225000000000001 0.6049703125 0.1517234375 0.5755328125 0.21145156250000002 0.5518546875 0.25678125 0.5255156249999999 0.2986359375 0.517190625 0.3122203125 0.5204390625 0.31688125 0.553753125 0.26532187500000004 0.5632718750000001 0.2482703125 0.5777515625 0.218525 0.654034375 0.07972812500000001 0.667046875 0.055995312500000005 0.6940984375 0 0.6870796875 0 0.640634375 0.09134375 0.6810937499999999 0 0.6756453125 0
0 0.3450171875 0.25263125 0.3453625 0.258915625 0.45164218749999996 0.25682187500000003 0.5083375 0.25518125 0.50843125 0.25013125 0.49703125000000004 0.24958125 0.3450171875 0.25263125
1 0.0071359375 0.1146078125 0.0190296875 0.11352500000000001 0.019678124999999998 0.10785 0.01189375 0.105146875 0.00078125 0.103515625 0 0.1806640625 0.0046875 0.1826171875 0.00625 0.1357421875 0.0071359375 0.1146078125
0 0.31000937500000003 0 0.28869375 0.0451546875 0.26904218750000003 0.0848890625 0.2508375 0.11848281249999999 0.23500000000000001 0.1478515625 0.21968749999999998 0.175 0.22367187500000002 0.17917031249999998 0.2453125 0.142578125 0.2754453125 0.086203125 0.30078125 0.0345703125 0.3157625 0 0.31000937500000003 0
0 0.456903125 0 0.41409375 0.0575703125 0.357346875 0.12902031249999998 0.31369375 0.1781984375 0.2857953125 0.2056078125 0.2557765625 0.2323375 0.257190625 0.23584062499999997 0.3205140625 0.1808375 0.4086796875 0.0750953125 0.46508593749999994 0 0.456903125 0
0 0.4310171875 0 0.3489203125 0.11418906250000001 0.2986375 0.1791875 0.2547453125 0.2264140625 0.25585625 0.2302328125 0.2755796875 0.2139125 0.303915625 0.18155625 0.342253125 0.1350234375 0.376978125 0.0874515625 0.43448281250000004 0.003125 0.4358984375 0 0.43531718750000004 0 0.4310171875 0
0 0.2864328125 0.1299265625 0.25859375 0.1728515625 0.23604843749999999 0.20339843750000003 0.240590625 0.208875 0.2708328125 0.16568906249999998 0.28984375 0.134765625 0.3380203125 0.0511078125 0.3671875 0.0001953125 0.3588546875 0 0.3450515625 0.0237640625 0.2994796875 0.100259375 0.2604171875 0.15234375 0.23069531250000003 0.1750078125 0.2322921875 0.17903750000000002 0.2439984375 0.172778125 0.2605453125 0.1608125 0.2864328125 0.1299265625
0 0.7052906250000001 0.0090421875 0.7022906250000001 0.0046328125 0.691790625 0.020234375 0.650553125 0.0939421875 0.6049734375 0.17312031249999998 0.5772390625 0.22265000000000001 0.582359375 0.2247859375 0.6139390625 0.171021875 0.7052906250000001 0.0090421875
0 0.3812734375 0 0.321571875 0.09850624999999999 0.2938296875 0.1435546875 0.2688453125 0.1689046875 0.27014375 0.1719453125 0.270765625 0.173790625 0.29899375 0.1494578125 0.3178140625 0.1275546875 0.35236875 0.0801015625 0.4047828125 0 0.3983078125 0 0.362940625 0.054251562499999996 0.339740625 0.0895375 0.32627656250000003 0.106775 0.313134375 0.1225765625 0.351421875 0.06011562499999999 0.38854687499999996 0 0.3812734375 0
0 0 0.0275796875 0.0001625 0.0292015625 0.10545156250000001 0.0139921875 0.16168125 0.0049078125 0.160771875 0.00020312500000000002 0 0.022509375 0 0.0275796875
1 0.49959218749999995 0.4239703125 0.5044984375 0.42461562500000005 0.5051375 0.2759796875 0.5096171875 0.2749140625 0.5096171875 0.2709140625 0.48679218750000003 0.27011562499999997 0.486365625 0.2759796875 0.49788437500000005 0.277046875 0.4987375 0.3677078125 0.49959218749999995 0.4239703125
1 0.48679218750000003 0.3046234375 0.492765625 0.3043578125 0.48999218750000006 0.41688281250000003 0.49617812499999997 0.41661562500000004 0.4983109375 0.302490625 0.49959218749999995 0.302225 0.4989515625 0.294225 0.4884984375 0.2950234375 0.4865796875 0.294490625 0.48679218750000003 0.3046234375
0 0.338125 0.029296875 0.30140625 0.0353515625 0.30125 0.041796875 0.338125 0.0349609375 0.338125 0.029296875
0 0 0.07541718750000001 0.114196875 0.0662828125 0.2478125 0.0485390625 0.28921874999999997 0.0431640625 0.29046875 0.0373046875 0.23235 0.044390625 0.1117140625 0.059335937500000005 0.10332656250000001 0.0604515625 0 0.0699375 0 0.07541718750000001