0 0.00028125 0.20803750000000001 0 0.214725 0.0529421875 0.22774999999999998 0.1492515625 0.249221875 0.14897031249999998 0.243590625 0.015489062500000001 0.21190781250000001 0.00028125 0.20803750000000001
0 0.30125 0.2806640625 0.3290625 0.284765625 0.32875 0.2794921875 0.29625 0.2744140625 0.2684375 0.2685546875 0.1575 0.2453125 0.1565625 0.2501953125 0.19515625 0.25859375 0.30125 0.2806640625
0 0.6148156250000001 0.3290296875 0.6496015625 0.3334375 0.6503062500000001 0.3296171875 0.60448125 0.3234484375 0.538675 0.3152234375 0.4825046875 0.306409375 0.48132343750000006 0.3114046875 0.524803125 0.31816093749999996 0.6148156250000001 0.3290296875
0 0.7626375000000001 0.337565625 0.6892328125 0.33321875 0.688653125 0.337565625 0.7620578124999999 0.3421546875 0.7626375000000001 0.337565625
0 0.7213046875 0.2774546875 0.65140625 0.266796875 0.64985625 0.2716984375 0.7208281249999999 0.282415625 0.7213046875 0.2774546875
0 0.7677171875 0.21938593750000002 0.64989375 0.201615625 0.650021875 0.2081953125 0.749371875 0.22380312500000002 0.8200312500000001 0.2331 0.820478125 0.226115625 0.7677171875 0.21938593750000002
0 0.793003125 0.21076718749999998 0.652728125 0.19069375 0.650365625 0.1980734375 0.7367984375 0.21135781250000002 0.8338578125 0.22375625000000002 0.8340937500000001 0.215784375 0.793003125 0.21076718749999998
0 0.3118171875 0.2066875 0.274053125 0.20007031249999999 0.2735234375 0.2058046875 0.31146406249999997 0.2122015625 0.3118171875 0.2066875
0 0.334228125 0.2177171875 0.37357968750000003 0.22521718750000003 0.3739328125 0.21948125 0.3336984375 0.2119796875 0.33387500000000003 0.2159515625 0.334228125 0.2177171875
0 0.43534375000000003 0.23050937500000002 0.387521875 0.22256874999999998 0.38716875 0.22720156249999998 0.434990625 0.23514218750000002 0.43534375000000003 0.23050937500000002
0 0.413871875 0.15588437500000002 0.2983796875 0.1303234375 0.2983796875 0.13680468750000002 0.42539218749999996 0.164525 0.530803125 0.18612656249999998 0.5789015625 0.196928125 0.5806296875 0.1911671875 0.413871875 0.15588437500000002
0 0.6012500000000001 0.1884765625 0.602665625 0.183203125 0.42093749999999996 0.14609375 0.3128125 0.120703125 0.2978125 0.1185546875 0.2971875 0.1251953125 0.337028125 0.1330078125 0.44125 0.1568359375 0.525625 0.17421875 0.6012500000000001 0.1884765625
0 0.21311874999999997 0.1113375 0.144865625 0.0938484375 0.1446953125 0.10067187500000001 0.21226562499999999 0.11794843749999999 0.21311874999999997 0.1113375
0 0.2167015625 0.0991796875 0.143671875 0.0810515625 0.143159375 0.0876625 0.2143125 0.105790625 0.2167015625 0.0991796875
0 0.20824375 0.18693125 0.168690625 0.178578125 0.16850937500000002 0.1842234375 0.20715937499999998 0.1925765625 0.20824375 0.18693125