1 0.3472578125 0.2352203125 0.342396875 0.238115625 0.341934375 0.24477031249999998 0.3357734375 0.24536093750000001 0.3357734375 0.25756875 0.3428609375 0.26270625000000003 0.3440171875 0.33532812500000003 0.344 0.3509625 0.349340625 0.35095156250000004 0.3494453125 0.3430171875 0.3513984375 0.3405765625 0.3509609375 0.2800671875 0.3572578125 0.2746578125 0.3572578125 0.260009375 0.3533515625 0.25024375 0.35443281249999997 0.24071875 0.3532765625 0.23551093750000002 0.351371875 0.23547656250000001 0.3472578125 0.2352203125
1 0.10462031249999999 0.2404296875 0.1050828125 0.26068125000000003 0.1152671875 0.2612625 0.115234375 0.28930625 0.12052812500000001 0.4509234375 0.12109375 0.4772953125 0.12813125 0.47978750000000003 0.12785 0.43649062499999997 0.1216546875 0.2780859375 0.1217484375 0.243321875 0.12730312500000002 0.240140625 0.127996875 0.2294359375 0.1162109375 0.21484375 0.1083984375 0.21484375 0.10546875 0.22094687500000001 0.1111015625 0.23927187499999997 0.10462031249999999 0.2404296875
0 0.28292968749999997 0.32052187499999996 0.3416359375 0.302634375 0.34078125 0.2962890625 0.20078125 0.3423828125 0.202296875 0.34776875 0.28292968749999997 0.32052187499999996
0 0.1582828125 0.3497046875 0.124646875 0.3489625 0.124646875 0.3558890625 0.158084375 0.35638281250000003 0.1582828125 0.3497046875
0 0.1582828125 0.358115625 0.13335312500000002 0.358115625 0.13315468749999998 0.363803125 0.1582828125 0.36355468750000003 0.1582828125 0.358115625
0 0.31320156250000003 0.3613296875 0.16560312500000002 0.358609375 0.16540468749999998 0.3652875 0.313003125 0.36800781250000003 0.31320156250000003 0.3613296875
0 0.1648109375 0.35761875 0.3241796875 0.35976718750000003 0.32406250000000003 0.353515625 0.26437499999999997 0.35234375 0.1648109375 0.35069531249999997 0.1648109375 0.35761875
0 0.29125 0.2482421875 0.335 0.2506515625 0.335184375 0.2446734375 0.272084375 0.2405328125 0.1734796875 0.2313359375 0.128775 0.22696718749999997 0.1285921875 0.233175 0.1926109375 0.24030468749999997 0.29125 0.2482421875
0 0.2363953125 0.22788593750000002 0.1280390625 0.21776718750000001 0.1274875 0.2239765625 0.20046875000000003 0.23125 0.2925 0.2396484375 0.34180625 0.2430640625 0.3425421875 0.23685625 0.2363953125 0.22788593750000002
0 0.487890625 0.24768125 0.353365625 0.24744375000000002 0.35355781249999996 0.250796875 0.4878125 0.2513671875 0.487890625 0.24768125
0 0.48734374999999996 0.239453125 0.355 0.2373046875 0.35484375 0.2447265625 0.4875 0.246484375 0.48734374999999996 0.239453125
0 0.503125 0.28828125 0.35109375 0.2833984375 0.35078125 0.2880859375 0.50296875 0.29296875 0.503125 0.28828125
0 0.3515625 0.2927734375 0.5028125 0.2982421875 0.503125 0.296484375 0.503125 0.29375 0.35140625000000003 0.2890625 0.3515625 0.2927734375
0 0.3940625 0.2947265625 0.35125 0.2939453125 0.35109375 0.2970703125 0.39390625 0.2982421875 0.3940625 0.2947265625
0 0.43578124999999995 0.301953125 0.503125 0.303125 0.50296875 0.2986328125 0.43578124999999995 0.29765625 0.43578124999999995 0.300390625 0.43578124999999995 0.301953125