1 0.2558875 0.19090000000000001 0.257578125 0.182021875 0.27109843749999996 0.1835296875 0.2761828125 0.1837125 0.274153125 0.173353125 0.2711078125 0.1699703125 0.24668437499999998 0.16827187500000002 0.244140625 0.45288125 0.251953125 0.4650875 0.25390625 0.267334375 0.2621453125 0.26150937500000004 0.265528125 0.2452328125 0.255859375 0.23071250000000001 0.2736453125 0.22853125 0.274153125 0.2196515625 0.255859375 0.20874062499999999 0.2724609375 0.20752031249999997 0.275390625 0.19897499999999999 0.2558875 0.19090000000000001
1 0.811553125 0 0.78965625 0.0009593749999999999 0.7652421875 0.029034375 0.7779375 0.0473453125 0.748640625 0.0473453125 0.7457109375 0.036359375 0.738875 0.0351390625 0.7225734375 0.060153124999999995 0.7184375000000001 0.0625015625 0.7199421874999999 0.069315625 0.7411828125000001 0.0629703125 0.7623125 0.0644359375 0.7847734375 0.0851875 0.7887125 0.3936921875 0.7887125 0.45846875000000004 0.79371875 0.45940624999999996 0.8012296875 0.4600328125 0.80298125 0.312015625 0.79673125 0.083353125 0.8463390625 0.067490625 0.8488765624999999 0.051915625 0.8248125 0.0497875 0.7969890625 0.047668749999999996 0.7975640625 0.033056249999999995 0.8023515625 0.01926875 0.81309375 0.0034000000000000002 0.8137000000000001 0.0019515625000000002 0.8148109375000001 0.0016781250000000001 0.81979375 0 0.811553125 0
0 1 0.260009375 0.8010015625 0.2503125 0.8015874999999999 0.2566296875 0.8867312500000001 0.263490625 0.801003125 0.26468125 0.80238125 0.271028125 0.859375 0.2722171875 1 0.2681859375 1 0.260009375
0 0.643015625 0.2720796875 0.5283203125 0.28076249999999997 0.45866875 0.2830734375 0.39085000000000003 0.2832859375 0.2533921875 0.2789453125 0.2540265625 0.2854 0.31220625 0.287303125 0.2553796875 0.287303125 0.2552109375 0.2938546875 0.4591765625 0.2904734375 0.47338281249999997 0.2902625 0.7490578125 0.273984375 0.7585296875 0.2731390625 0.78859375 0.2710015625 0.7878437500000001 0.263178125 0.7009734375 0.2710015625 0.7883 0.2564984375 0.788078125 0.24954375 0.7228687500000001 0.2609484375 0.643015625 0.2720796875
0 0.0947734375 0.2666046875 0.134853125 0.291103125 0.14678750000000002 0.299190625 0.166734375 0.31369375 0.1806375 0.32165 0.1981234375 0.32886875 0.22111874999999998 0.334578125 0.232615625 0.33709218750000003 0.2375875 0.3374921875 0.2454984375 0.3375609375 0.24544843749999998 0.3306734375 0.23117187499999997 0.32907031249999996 0.210890625 0.324134375 0.1845703125 0.31494218749999997 0.1592 0.297546875 0.1438890625 0.28449843750000003 0.08887500000000001 0.2536703125 0.029357812500000004 0.217375 0.0231859375 0.22163125 0.0947734375 0.2666046875
1 0.050509375 0.3091796875 0.0439453125 0.3076171875 0.0390625 0.3112796875 0.0390625 0.3918453125 0.044921875 0.3918453125 0.046875 0.32836875 0.052734375 0.3161625 0.050509375 0.3091796875
1 0.33984375 0.3234859375 0.353653125 0.3194828125 0.353653125 0.313353125 0.3427734375 0.3125 0.31994375 0.313609375 0.3197390625 0.32050625 0.33203125 0.3234859375 0.33363906249999997 0.4654234375 0.337890625 0.4650875 0.33984375 0.3234859375
1 0.34968750000000004 0.36015625 0.36078125 0.36015625 0.36015625 0.3634765625 0.34890625000000003 0.3630859375 0.34968750000000004 0.369921875 0.35625 0.36953125 0.35859375 0.3701171875 0.359375 0.3698734375 0.36015625 0.3771484375 0.361328125 0.4675296875 0.3671875 0.4699703125 0.36703125000000003 0.36953125 0.3765625 0.36953125 0.37546875 0.3626953125 0.36625 0.36328125 0.36609375 0.3587890625 0.37546875 0.359375 0.3761265625 0.352428125 0.3642578125 0.3515625 0.35031249999999997 0.3525390625 0.34968750000000004 0.36015625
1 0.3904109375 0.403196875 0.3969671875 0.396353125 0.3955265625 0.3916890625 0.3777609375 0.391246875 0.377625 0.395525 0.384765625 0.3991703125 0.38495625 0.4878 0.3870015625 0.4888671875 0.3900703125 0.4878 0.3904109375 0.403196875
1 0.3950140625 0.41449218749999994 0.39330937499999996 0.4858828125 0.396484375 0.48461875 0.3989359375 0.413 0.3950140625 0.41449218749999994
0 0.947265625 0.030517187499999997 0.9473640624999999 0.025126562499999998 0.9342453125000001 0.023423437499999998 0.8584375 0.01171875 0.85703125 0.01796875 0.947265625 0.030517187499999997
0 0.75328125 0.019921875 0.73984375 0.031640625 0.7444328125 0.0378421875 0.7834953125 0.0012203125 0.77470625 0 0.76 0.0142578125 0.75328125 0.019921875
0 0.744140625 0.2551265625 0.775075 0.0960703125 0.7695671875000001 0.097321875 0.7377796875 0.25288125 0.73828125 0.2551265625 0.744140625 0.2551265625
0 0.7332671875 0.2763203125 0.727009375 0.307615625 0.7077328125 0.40149375000000004 0.6891703125 0.507659375 0.6946203125 0.5051046875 0.70893125 0.4241859375 0.7395953125 0.27853125 0.7332671875 0.2763203125
0 0.2767 0.1877171875 0.3703125 0.1751953125 0.424121875 0.16543125 0.49437499999999995 0.1484375 0.5903125 0.1177734375 0.6896875 0.08359375 0.725746875 0.06925 0.717853125 0.064634375 0.64796875 0.090625 0.5711390625 0.11541874999999999 0.49171875 0.1392578125 0.4184796875 0.1577390625 0.36578125 0.16796875 0.30055312500000003 0.17786249999999998 0.2762859375 0.1799375 0.2767 0.1877171875
0 0.42421875 0.179296875 0.385625 0.1865234375 0.34328125 0.1927734375 0.31875 0.1970703125 0.27953125 0.2001953125 0.2808046875 0.2069828125 0.3060421875 0.20544375 0.3740625 0.1970703125 0.4254609375 0.18774531249999998 0.6015625 0.1380859375 0.7775000000000001 0.077734375 0.7726390624999999 0.0707890625 0.752940625 0.0777140625 0.63536875 0.11772656249999999 0.495 0.1611328125 0.42421875 0.179296875
0 0.48328125 0.186328125 0.40296875 0.205859375 0.28828125 0.223046875 0.28875 0.2279296875 0.289375 0.2298828125 0.41578125000000005 0.2125 0.5791859374999999 0.1665921875 0.78421875 0.0919921875 0.7854 0.081953125 0.7650859375 0.090415625 0.62765625 0.140234375 0.5896874999999999 0.15390625 0.52171875 0.1748046875 0.48328125 0.186328125
0 0.1231125 0 0.1408390625 0.0267046875 0.144365625 0.03163125 0.198765625 0.10748437500000001 0.24143906249999997 0.1556109375 0.259084375 0.17165468749999999 0.2628453125 0.16850937500000002 0.263840625 0.166975 0.2555 0.1583109375 0.25346562499999997 0.15640156249999998 0.24753124999999998 0.1500453125 0.2094953125 0.10785937500000001 0.18651562500000002 0.078484375 0.1311140625 0 0.1231125 0
0 0.09624374999999999 0 0.13090625 0.049931249999999996 0.13379375 0.05394375 0.19269375 0.12834218749999998 0.22988749999999997 0.1704515625 0.245609375 0.1854375 0.248496875 0.1780703125 0.23514374999999998 0.1646625 0.1962203125 0.1210828125 0.16390625 0.079296875 0.14438125 0.055146875 0.11387812500000001 0.013079687500000001 0.10359375 0 0.09624374999999999 0
0 0.0684484375 0 0.07765625000000001 0.0138671875 0.11781562500000001 0.06870937499999999 0.18703125 0.15234375 0.19125 0.1572265625 0.2453125 0.2109375 0.2473734375 0.2029375 0.243146875 0.19775 0.22960468750000002 0.18389843749999998 0.1879234375 0.14182343749999998 0.116340625 0.0538609375 0.07425625 0 0.0684484375 0
0 0.255165625 0.3416640625 0.27905 0.3819203125 0.2923828125 0.40000156249999996 0.307496875 0.4173484375 0.322634375 0.4227546875 0.3321484375 0.42113281249999995 0.331715625 0.4146453125 0.318309375 0.4146453125 0.3084078125 0.4081 0.296303125 0.3944609375 0.285975 0.3791078125 0.268003125 0.35290468750000004 0.257425 0.33557187499999996 0.2552171875 0.3377734375 0.255165625 0.3416640625
0 0.24546874999999999 0.2869140625 0.14296875 0.2828125 0.148378125 0.28900000000000003 0.1828125 0.290625 0.24515625000000002 0.2919921875 0.24546874999999999 0.2869140625
0 0.09361562500000001 0.2408515625 0.0787640625 0.246778125 0.0830359375 0.2512703125 0.1024609375 0.2454984375 0.09361562500000001 0.2408515625
0 0.048090625 0.33302343749999996 0.047128125 0.3398359375 0.10796874999999999 0.3314453125 0.17014374999999998 0.32051093750000004 0.1678125 0.3150390625 0.10611875 0.3250078125 0.048090625 0.33302343749999996
0 0.9547593750000001 0.051984375000000006 0.8288249999999999 0.0399046875 0.827653125 0.04539375 0.956809375 0.058209374999999994 0.9547593750000001 0.051984375000000006
0 0.947534375 0.043015625 0.8335109375 0.030751562500000003 0.8346828125 0.0373421875 0.9480453125 0.0496171875 0.947534375 0.043015625
0 0.034225 0.18719687499999998 0.0317359375 0.19005 0.0684375 0.2169921875 0.10184375000000001 0.24035 0.05040312500000001 0.2069015625 0.04770625 0.2115703125 0.0566015625 0.2182203125 0.08890624999999999 0.23828125 0.1180234375 0.25434999999999997 0.14859375 0.2734375 0.1501734375 0.2766484375 0.15494375 0.2805375 0.1617890625 0.28105625 0.18916875 0.2784625 0.2482828125 0.28235156250000004 0.2482828125 0.2769078125 0.16946250000000002 0.2693890625 0.1634484375 0.2680921875 0.15288437500000002 0.265903125 0.1497578125 0.26109218749999996 0.0975375 0.22860312500000002 0.034225 0.18719687499999998
0 0.06953125 0.2505859375 0.04578125 0.2587890625 0.047225 0.2665953125 0.07484375 0.2556640625 0.06953125 0.2505859375
0 0 0.28321874999999996 0.032051562500000005 0.2721359375 0.0306875 0.2661703125 0 0.2763671875 0 0.28321874999999996
0 0.14328125 0.296484375 0.05234375 0.3103515625 0.0545546875 0.31859375 0.146875 0.3025390625 0.14328125 0.296484375
0 0 0.3283203125 0.039040625 0.3249890625 0.038359375 0.319446875 0 0.3220046875 0 0.3283203125
0 0 0.3196609375 0.0397234375 0.3177421875 0.0388703125 0.311775 0 0.3123046875 0 0.3196609375
0 0.1213859375 0.3458703125 0.0465625 0.35390625 0.04603125 0.36036250000000003 0.13984375 0.3515625 0.20109375 0.3453125 0.20031249999999998 0.338671875 0.1213859375 0.3458703125
0 0.19765625 0.33046875 0.15755625 0.333725 0.0815203125 0.34011718750000003 0.0465703125 0.34416875 0.046400000000000004 0.350134375 0.11885625 0.343740625 0.1990625 0.3369140625 0.19765625 0.33046875
0 0.310453125 0.2923828125 0.3041453125 0.293659375 0.31130625 0.3047421875 0.3213640625 0.3145453125 0.3237515625 0.310709375 0.3167609375 0.30303749999999996 0.310453125 0.2923828125
0 0.3633046875 0.3482171875 0.349665625 0.3226421875 0.3440390625 0.3243484375 0.35955312500000003 0.3514125 0.3633046875 0.3482171875
0 0.3590421875 0.3273328125 0.354609375 0.32029843750000003 0.35085937500000003 0.3222171875 0.36415625 0.3482171875 0.3689296875 0.3469375 0.3590421875 0.3273328125
0 0.277028125 0.199990625 0.270671875 0.207534375 0.2915234375 0.254790625 0.275625 0.227734375 0.2693078125 0.23140624999999998 0.2999015625 0.2796375 0.306528125 0.27890468749999997 0.297953125 0.2586875 0.277028125 0.199990625
0 0.23951406249999999 0.31964375 0.1865734375 0.29497968750000003 0.18192031250000001 0.29056875 0.17296875 0.2908203125 0.17890625 0.2978515625 0.185290625 0.30219843750000003 0.21015625 0.314453125 0.23640625 0.325390625 0.23951406249999999 0.31964375
0 0.14807187500000002 0.2602890625 0.17742968750000002 0.266103125 0.2372671875 0.2751265625 0.2375875 0.2699140625 0.1411734375 0.25306875 0.14807187500000002 0.2602890625
0 0.8153124999999999 0.002734375 0.835 0.01171875 0.8459375 0.0150390625 0.85546875 0.0173828125 0.8565625000000001 0.01171875 0.8204687500000001 0 0.8153124999999999 0.002734375
0 0.8331250000000001 0.0314453125 0.8012499999999999 0.0220703125 0.79875 0.0279296875 0.83265625 0.03828125 0.8331250000000001 0.0314453125
0 0.82734375 0.0392578125 0.7982812499999999 0.0322265625 0.798125 0.03828125 0.825 0.0447265625 0.82734375 0.0392578125
0 0.23781249999999998 0.3072265625 0.2028125 0.292578125 0.19609375 0.29609375 0.23609375 0.3123046875 0.23781249999999998 0.3072265625
0 0.31859375 0.2927734375 0.3121875 0.29375 0.32 0.305078125 0.32765625 0.3140625 0.33453125 0.3123046875 0.32796875000000003 0.3052734375 0.31859375 0.2927734375
1 0.4853515625 0.41015625 0.482421875 0.41381875 0.482421875 0.443115625 0.484375 0.44555625 0.484375 0.4577640625 0.4853515625 0.458984375 0.48828125 0.4577640625 0.48828125 0.4113765625 0.4853515625 0.41015625