1 0.0888734375 0 0.0888734375 0.009075 0.0984375 0.0166015625 0.0984375 0.0419921875 0.05390625 0.046875 0.05 0.0576171875 0.05859375 0.0703125 0.08515625 0.064453125 0.1 0.0732421875 0.10539375 0.21686875 0.10478593750000001 0.2300421875 0.1066484375 0.2309453125 0.119665625 0.2309453125 0.12109375 0.18359375 0.15234375 0.16015625 0.1742421875 0.1605359375 0.1815015625 0.16585468750000001 0.18828125 0.1640625 0.20077812499999997 0.1621 0.1984375 0.1513671875 0.196271875 0.14426250000000002 0.18515625 0.142578125 0.15078125 0.1484375 0.1171875 0.1728515625 0.1140625 0.0732421875 0.13359375 0.0546875 0.1499578125 0.060084375 0.1559671875 0.057267187500000004 0.1637265625 0.045375 0.15771875 0.025348437499999998 0.14921875 0.025390625 0.14296875 0.033203125 0.11484375 0.0390625 0.11215625 0 0.0888734375 0
1 0 0.20246875000000003 0.00500625 0.199340625 0.00400625 0.164290625 0.037803125 0.1621 0.0373015625 0.1514609375 0.03104375 0.138315625 0.02203125 0.13894375 0.0235328125 0.1164125 0.0046875 0.1064453125 0.00546875 0.08984375 0.0217796875 0.0954453125 0.0232828125 0.093253125 0.031543749999999995 0.0923171875 0.033296875 0.0848046875 0.034375 0.0712890625 0.03046875 0.0625 0.015625 0.0595703125 0.026537500000000002 0.037553125 0.0267875 0.0319203125 0.01015625 0.03125 0 0.0322265625 0 0.20246875000000003
0 0.2914515625 0.019128125000000003 0.161115625 0.031 0.16164375 0.0369375 0.29197812500000003 0.0244046875 0.2914515625 0.019128125000000003
0 0.15794999999999998 0.029021875000000003 0.29057187500000003 0.019128125000000003 0.2909234375 0.014070312500000001 0.15654218749999999 0.024625 0.15654218749999999 0.029021875000000003 0.15794999999999998 0.029021875000000003
0 0.11837500000000001 0 0.130334375 0.0356171875 0.13508437499999998 0.034078125 0.12312343750000002 0 0.11837500000000001 0
0 0.1892578125 0 0.1257625 0.0037390624999999998 0.126640625 0.0085734375 0.1904890625 0.0032984375 0.1892578125 0
0 0.141240625 0.073875 0.141240625 0.0784921875 0.143703125 0.0824484375 0.16410625 0.146209375 0.1686796875 0.144890625 0.147571875 0.08068906249999999 0.148628125 0.0784921875 0.1481 0.073875 0.1470453125 0.0714546875 0.145109375 0.0714546875 0.140009375 0.055625 0.1354359375 0.05628593750000001 0.141240625 0.073875
0 0.238684375 0.1064140625 0.15900468750000002 0.1136703125 0.1604125 0.12004531249999999 0.2397390625 0.1125703125 0.238684375 0.1064140625
0 0.170965625 0.2477859375 0.1324453125 0.17655156249999998 0.12822499999999998 0.1816078125 0.1676234375 0.25174375000000004 0.170965625 0.2477859375
0 0.1802875 0.23767187500000003 0.1479234375 0.1640171875 0.14212031249999998 0.168415625 0.175890625 0.24228906249999999 0.1802875 0.23767187500000003
0 0.1991078125 0.23569374999999998 0.1737796875 0.1589609375 0.16674375 0.15940000000000001 0.193128125 0.23657187500000001 0.1991078125 0.23569374999999998
0 0.24325625 0.186884375 0.1860921875 0.19457968750000001 0.18765625 0.2005859375 0.24421875 0.1916015625 0.24325625 0.186884375
0 0.1390625 0.2021484375 0.1209375 0.20234375 0.1209375 0.20859375 0.141875 0.2068359375 0.1390625 0.2021484375
0 0.17875000000000002 0.1955078125 0.16312500000000002 0.1970703125 0.16484375 0.202734375 0.18062499999999998 0.2013671875 0.17875000000000002 0.1955078125
0 0.1559375 0.198828125 0.14484375 0.1998046875 0.14703125 0.2041015625 0.1578125 0.203125 0.1559375 0.198828125
0 0.30679375000000003 0.0833140625 0.155134375 0.10254062500000001 0.156290625 0.1081234375 0.3076203125 0.088896875 0.30679375000000003 0.0833140625
0 0.3144015625 0.076078125 0.152321875 0.095096875 0.15430625 0.099853125 0.3148984375 0.081246875 0.3144015625 0.076078125
0 0.3253171875 0.0673953125 0.15000625 0.0878609375 0.151990625 0.09365 0.326309375 0.072771875 0.3253171875 0.0673953125
0 0.1395875 0.0711171875 0.1232140625 0.091584375 0.1255296875 0.095096875 0.1407453125 0.076078125 0.1395875 0.0711171875
0 0.145871875 0.08972187499999999 0.12850625 0.091584375 0.126025 0.09592500000000001 0.1466984375 0.094271875 0.145871875 0.08972187499999999
0 0.148021875 0.09633749999999999 0.1247015625 0.097371875 0.12404062499999999 0.102953125 0.1496765625 0.10171250000000001 0.148021875 0.09633749999999999
0 0.15000625 0.1033671875 0.1228828125 0.1054359375 0.12519843749999998 0.11163749999999999 0.15149531249999998 0.10915625 0.15000625 0.1033671875
0 0.1539765625 0.1149453125 0.1288375 0.11680468749999999 0.130490625 0.12238750000000001 0.155134375 0.12073281250000001 0.1539765625 0.1149453125
0 0.1423984375 0.1538109375 0.1443828125 0.15401718749999999 0.14851875 0.1490546875 0.137271875 0.1469890625 0.1270171875 0.1391328125 0.119740625 0.13003437499999998 0.11825156249999999 0.1395453125 0.1253640625 0.1461625 0.135121875 0.15215625 0.1423984375 0.1538109375
0 0.11725937500000001 0.10750156250000001 0.13280625 0.144921875 0.1382640625 0.1451265625 0.1212296875 0.1035734375 0.11725937500000001 0.10750156250000001
0 0.06453125 0.2001953125 0.09609375 0.141796875 0.099375 0.1416015625 0.09953125 0.1337890625 0.095 0.1337890625 0.09453125 0.136328125 0.07843750000000001 0.165234375 0.060781249999999995 0.196484375 0.06453125 0.2001953125
0 0.02609375 0.1109375 0.04 0.116015625 0.0646875 0.12421875 0.0765625 0.1279296875 0.10218750000000001 0.12890625 0.10187500000000001 0.1228515625 0.07859374999999999 0.1224609375 0.0046875 0.0970703125 0.00453125 0.101953125 0.02609375 0.1109375
0 0.0234375 0 0.00234375 0.0287109375 0.0059375 0.03046875 0.029218749999999998 0 0.0234375 0
0 0 0.0197265625 0.01 0.019140625 0.010781250000000001 0.0154296875 0 0.0154296875 0 0.0197265625
0 0.015312500000000001 0.01015625 0.000625 0.0001953125 0 0.0056640625 0.0128125 0.0146484375 0.015312500000000001 0.01015625
0 0.015 0.0193359375 0.0240625 0.0193359375 0.04046875 0.030859375 0.04109375 0.0294921875 0.0421875 0.026953125 0.03 0.0173828125 0.0484375 0.016796875 0.05046874999999999 0.01640625 0.05171875 0.015625 0.0521875 0.0109375 0.0203125 0.0125 0.015 0.0193359375
0 0.025625 0.0603515625 0.06593750000000001 0.000390625 0.060625 0 0.02109375 0.058984375 0.025625 0.0603515625
0 0.043125000000000004 0.109765625 0.060625 0.07734375 0.0565625 0.074609375 0.0371875 0.107421875 0.043125000000000004 0.109765625
0 0.07062500000000001 0.1017578125 0.07921875 0.0900390625 0.08953124999999999 0.0720703125 0.08515625 0.071484375 0.0678125 0.097265625 0.052500000000000005 0.1126953125 0.05828124999999999 0.11484375 0.07062500000000001 0.1017578125
0 0.08015625 0.1216796875 0.10046875 0.0974609375 0.09875 0.0923828125 0.07453125000000001 0.1203125 0.08015625 0.1216796875
0 0.0421875 0.1505859375 0.04234375 0.1564453125 0.0565625 0.1560546875 0.06015625 0.15546875 0.06828125 0.1521484375 0.08578125 0.1392578125 0.09281249999999999 0.1326171875 0.0890625 0.13046875 0.07875 0.1388671875 0.06281250000000001 0.1474609375 0.05625 0.1494140625 0.0421875 0.1505859375
0 0.0396875 0.1482421875 0.044375 0.1513671875 0.05328125 0.1455078125 0.0734375 0.128125 0.06875 0.125390625 0.056406250000000005 0.136328125 0.0396875 0.1482421875
0 0.04484375 0.1201171875 0.031718750000000004 0.1359375 0.03390625 0.1421875 0.05046874999999999 0.1212890625 0.04484375 0.1201171875
0 0.095 0.0951171875 0.0740625 0.0955078125 0.07296875 0.1013671875 0.09203125 0.1005859375 0.095 0.0951171875
0 0.0678125 0.1091796875 0.08390625 0.1087890625 0.0884375 0.1037109375 0.0690625 0.104296875 0.06593750000000001 0.1080078125 0.0678125 0.1091796875
0 0.10171875 0.108984375 0.090625 0.1095703125 0.0871875 0.114453125 0.10171875 0.1138671875 0.10171875 0.108984375
0 0.08125 0.11171875 0.061875 0.1115234375 0.062343749999999996 0.1162109375 0.07843750000000001 0.116796875 0.08125 0.11171875
0 0.07265625 0.0408203125 0.095625 0.016796875 0.09203125 0.013671875 0.06734375000000001 0.0388671875 0.07265625 0.0408203125
0 0.0696875 0.0314453125 0.04546875 0.031640625 0.04234375 0.037109375 0.06937499999999999 0.03671875 0.0696875 0.0314453125
0 0.060625 0.0083984375 0.08078125 0.024609375 0.08484375 0.0208984375 0.064375 0.0052734375 0.060625 0.0083984375
0 0.065625 0.0984375 0.049062499999999995 0.098828125 0.046875 0.1041015625 0.06203125 0.1033203125 0.065625 0.0984375
0 0.26682656250000003 0.26468125 0.36635 0.248165625 0.364290625 0.242803125 0.26596875 0.2595328125 0.26625 0.2625 0.26682656250000003 0.26468125
0 0.22548125 0.31441718750000003 0.23700937500000002 0.3121109375 0.3036390625 0.30404375 0.348828125 0.297125 0.41545781249999997 0.28819062500000003 0.4401265625 0.2844453125 0.43989687499999997 0.279546875 0.286521875 0.3001171875 0.4392046875 0.2789703125 0.43868906250000006 0.2740625 0.40485156250000004 0.2783921875 0.3087109375 0.2922265625 0.232859375 0.29971875 0.23078437499999999 0.3037546875 0.22040937500000002 0.3037546875 0.20588437499999998 0.30865468749999997 0.1890546875 0.308940625 0.18836250000000002 0.316721875 0.1941265625 0.316721875 0.197815625 0.31960625 0.2024265625 0.3210453125 0.21049531250000003 0.3210453125 0.21349218749999999 0.3207578125 0.21487656249999998 0.317875 0.216259375 0.3175875 0.22548125 0.31441718750000003
0 0.2691265625 0.3230453125 0.3235109375 0.3166546875 0.383471875 0.3091015625 0.42181875 0.303 0.4473828125 0.29922499999999996 0.446453125 0.29515625 0.39253593750000004 0.3018375 0.318165625 0.31229687500000003 0.26959218749999997 0.3160734375 0.2614578125 0.32159375 0.2049828125 0.3247890625 0.1980109375 0.32711250000000003 0.19034062499999999 0.32769375 0.19544999999999998 0.3454140625 0.2551796875 0.3413484375 0.300028125 0.3337953125 0.4336578125 0.3140390625 0.520965625 0.30110156250000003 0.5195484375 0.2954921875 0.35116718750000003 0.318396875 0.268196875 0.3259515625 0.2691265625 0.3230453125