1 0.7126515625 0 0.7175984375 0.09393281249999999 0.707134375 0.09417031249999999 0.7031390625 0.08751250000000001 0.6972546875 0.0880796875 0.6991453125 0.1476765625 0.71953125 0.150390625 0.7206421875 0.163371875 0.6959109375 0.1631328125 0.6976234375 0.1709796875 0.7234375 0.1728515625 0.7310953125 0.4143 0.7412484375 0.41169687499999996 0.7409875 0.3440015625 0.734375 0.1728515625 0.7585 0.17050625 0.7587359375 0.1629359375 0.7337687500000001 0.1605171875 0.7324375 0.1469625 0.738715625 0.1469625 0.7524124999999999 0.1450609375 0.752546875 0.1387328125 0.7493531250000001 0.08633437499999999 0.741759375 0.0860859375 0.7411890624999999 0.0934578125 0.7299640625 0.0929828125 0.727490625 0.0920296875 0.7225453125 0 0.7126515625 0
1 0.60625 0.1962890625 0.6011578125 0.1967125 0.602259375 0.2022234375 0.60886875 0.20556718749999997 0.60886875 0.21874687499999998 0.6021015625 0.220515625 0.602415625 0.22484375 0.609340625 0.22858125 0.6109375 0.2841796875 0.6016296875 0.28405468749999996 0.6021015625 0.31651093750000003 0.6125 0.3173828125 0.6144140625000001 0.42864375 0.6199671875 0.427209375 0.6201984375 0.31808593749999997 0.62916875 0.31651093750000003 0.628225 0.282678125 0.6194124999999999 0.2830703125 0.6172093750000001 0.2177625 0.6220875 0.21205625 0.6222453125 0.20713906249999997 0.61689375 0.20654843750000002 0.616421875 0.19553281250000001 0.60625 0.1962890625
1 0.576921875 0.3294953125 0.5772375000000001 0.335790625 0.5806984374999999 0.4457546875 0.5852625 0.4457546875 0.5832171875000001 0.3210375 0.5814859375 0.30648125 0.57734375 0.306640625 0.5709421875 0.30825 0.5706265625 0.31277499999999997 0.5762921875 0.3145453125 0.575978125 0.3214296875 0.57125625 0.32202031249999996 0.57204375 0.3291015625 0.576921875 0.3294953125
1 0.5541031249999999 0.350740625 0.55725 0.42470468749999996 0.5619156249999999 0.425678125 0.5602406249999999 0.351725 0.5541031249999999 0.350740625
1 0.497921875 0.357034375 0.51640625 0.357421875 0.540625 0.3701171875 0.5405562500000001 0.42193593749999997 0.5456046875 0.4237203125 0.5495390625 0.42293593749999997 0.5468640625 0.3456265625 0.5411984375000001 0.3456265625 0.54140625 0.36328125 0.5169640625 0.351134375 0.49765625 0.349609375 0.49335781250000005 0.349953125 0.492571875 0.3532984375 0.493515625 0.35605312499999997 0.497921875 0.357034375
0 0.7435937499999999 0.1814453125 0.7428125 0.182421875 0.73515625 0.183203125 0.73515625 0.190234375 0.7503124999999999 0.189453125 0.7546875 0.185546875 0.75625 0.1822265625 0.7571875 0.1712890625 0.75296875 0.17109375 0.7514062499999999 0.1810546875 0.74828125 0.183203125 0.748125 0.1716796875 0.74453125 0.1720703125 0.7435937499999999 0.1814453125
0 0.81323125 0.1547015625 0.756540625 0.21284062499999998 0.7419687500000001 0.22731093750000003 0.746359375 0.23030468750000002 0.80305 0.1746625 0.8461671875000001 0.127253125 0.8427734375 0.1227640625 0.81323125 0.1547015625
0 0.8385812500000001 0.037928125 0.8329921875 0.0366796875 0.8014531249999999 0.072359375 0.75115 0.12425937499999999 0.752546875 0.13224375 0.7924703125 0.09132343750000001 0.8280015625000001 0.0514 0.8385812500000001 0.037928125
0 0.7926703125000001 0.0553921875 0.749553125 0.1037984375 0.7519484375000001 0.11003750000000001 0.797859375 0.060134375 0.7926703125000001 0.0553921875
0 0.9532984375 0 0.937859375 0.0153046875 0.9399890624999999 0.0208515625 0.9572015625000001 0.00310625 0.9532984375 0
0 1 0.04059375 0.9971296875 0.034826562500000005 0.9582671875000001 0.0705390625 0.941053125 0.0867328125 0.9420296875 0.094921875 0.966215625 0.0729359375 0.9928703125 0.047248437500000004 1 0.04059375
0 0.8154140625 0 0.74709375 0.0847359375 0.7504640625000001 0.089171875 0.7849999999999999 0.046875 0.822334375 0 0.8154140625 0
0 0.799146875 0 0.7399953125 0.08163125 0.7465609375 0.0851796875 0.8076062500000001 0 0.799146875 0
0 0.7777937500000001 0 0.7265078125 0.075196875 0.7298796875 0.0829609375 0.784890625 0 0.7777937500000001 0
0 0.7577406250000001 0 0.72455625 0.051240625 0.7266859375 0.06055625 0.765371875 0 0.7577406250000001 0
0 0.718125 0.1849609375 0.69421875 0.2294921875 0.7 0.230078125 0.7221875 0.190625 0.718125 0.1849609375
0 0.701875 0.2080078125 0.719375 0.175390625 0.71328125 0.1732421875 0.69921875 0.2001953125 0.689375 0.21953125 0.6760937499999999 0.241796875 0.6799999999999999 0.244140625 0.6900000000000001 0.229296875 0.701875 0.2080078125
0 0.71 0.17421875 0.705 0.171875 0.6828125 0.2154296875 0.6725 0.233203125 0.65921875 0.251171875 0.66296875 0.253515625 0.6703125 0.2447265625 0.6778125 0.2345703125 0.69078125 0.211328125 0.71 0.17421875
0 0.641875 0.296484375 0.6285937500000001 0.3056640625 0.63 0.3109375 0.64390625 0.3005859375 0.641875 0.296484375
0 0.6496875 0.2759765625 0.6284375 0.292578125 0.6290625000000001 0.2986328125 0.651875 0.2818359375 0.6496875 0.2759765625
0 0.6678124999999999 0.223903125 0.6799999999999999 0.200465625 0.69015625 0.1758546875 0.70109375 0.1463625 0.6967187499999999 0.1439453125 0.6903125 0.1598390625 0.67765625 0.1919921875 0.6640625 0.2205078125 0.65 0.248828125 0.6375 0.2703125 0.62796875 0.2834734375 0.6303124999999999 0.2885515625 0.640625 0.2760515625 0.65625 0.253590625 0.67 0.232496875 0.68359375 0.20866875000000001 0.7009375 0.1734375 0.6959375 0.1707765625 0.6825 0.19714375 0.6678124999999999 0.223903125
0 0.64328125 0.245384375 0.63765625 0.25515 0.634375 0.26061875 0.6285937500000001 0.26823593749999997 0.62 0.28015 0.624375 0.282421875 0.6334375 0.271484375 0.6425 0.2576171875 0.65328125 0.236328125 0.66515625 0.2103515625 0.6795312499999999 0.176171875 0.6996875 0.1267640625 0.69453125 0.12363906250000001 0.6765625 0.169928125 0.659375 0.21055312499999998 0.64328125 0.245384375
0 0.66515625 0.17734531250000002 0.650625 0.2111515625 0.63984375 0.2345140625 0.6278125 0.2563890625 0.6185937499999999 0.27025625 0.6196875000000001 0.274553125 0.6209374999999999 0.2747484375 0.6292187499999999 0.264134375 0.64140625 0.24401718749999998 0.65671875 0.21139999999999998 0.67796875 0.16081406250000002 0.6978125000000001 0.108009375 0.693125 0.10527500000000001 0.69234375 0.10527500000000001 0.6875 0.11894687500000001 0.67703125 0.1488296875 0.66515625 0.17734531250000002
0 0.7140625 0.0685546875 0.7003125 0.0853515625 0.704375 0.0892578125 0.716875 0.073828125 0.7140625 0.0685546875
0 0.70640625 0.014453125 0.70203125 0.0275390625 0.6953125 0.0492234375 0.6859375 0.0767609375 0.66484375 0.13285156250000002 0.6546875 0.156140625 0.63875 0.18538125 0.6331249999999999 0.19534218750000001 0.6287499999999999 0.20061562500000002 0.621875 0.2058890625 0.62328125 0.2107421875 0.63125 0.205078125 0.63671875 0.1990234375 0.6425 0.1921875 0.65578125 0.16796875 0.66640625 0.144921875 0.67875 0.112890625 0.6939062500000001 0.07216875 0.713125 0.0130859375 0.7084374999999999 0.0087890625 0.70640625 0.014453125
0 0.6884375 0 0.6790625 0.036946875000000004 0.67078125 0.0633140625 0.65078125 0.125784375 0.6371875 0.163375 0.62578125 0.19012500000000002 0.624375 0.19442187500000002 0.6174999999999999 0.20340625 0.62015625 0.20703125 0.62953125 0.196875 0.6420312499999999 0.1681640625 0.65109375 0.1455078125 0.6637500000000001 0.10703125 0.68484375 0.038209375000000004 0.69484375 0 0.6884375 0
0 0.67640625 0 0.67453125 0.0076171875 0.6671875 0.033868749999999996 0.6584375 0.0659 0.64265625 0.11845468750000002 0.631875 0.1495015625 0.62390625 0.1678609375 0.61953125 0.17645468749999998 0.6118750000000001 0.18836875 0.6071875 0.19461875 0.6115625 0.1958984375 0.61796875 0.187890625 0.6278125 0.171875 0.63390625 0.1603515625 0.64109375 0.1421875 0.6509375000000001 0.112890625 0.6625 0.073046875 0.67359375 0.034845312499999996 0.68015625 0.0087890625 0.6825 0 0.67640625 0
0 0.5938078124999999 0.2502046875 0.589234375 0.27109218749999997 0.5832531249999999 0.2928578125 0.5781531249999999 0.305609375 0.58255 0.30736875 0.586946875 0.297475 0.59116875 0.2803265625 0.5959171875 0.26075781249999996 0.6004906250000001 0.23195468749999998 0.6043609375 0.20249375 0.6006671875 0.2020546875 0.5976765625 0.2268984375 0.5938078124999999 0.2502046875
0 0.58255 0.30956875 0.5846609375 0.313525 0.58870625 0.305609375 0.5939828125 0.2875828125 0.6011953125 0.25811875 0.605415625 0.22733750000000003 0.6018984374999999 0.22624062500000003 0.59855625 0.244709375 0.5950390624999999 0.265375 0.590640625 0.2836234375 0.5876515625 0.2932984375 0.58255 0.30956875