1 0.66015625 0.037109375 0.63515625 0.041015625 0.6202203125 0.0374640625 0.61484375 0.037109375 0.61015625 0.04296875 0.603809375 0.0339765625 0.5918687499999999 0.0339765625 0.5912390624999999 0.044975 0.57421875 0.044921875 0.5694 0.03711875 0.5606015625 0.038296875 0.5609375 0.0517578125 0.5646859375 0.056367187500000006 0.61171875 0.0546875 0.61265625 0.0669921875 0.6178125 0.2216796875 0.59703125 0.2212890625 0.59671875 0.2318359375 0.60828125 0.23203125 0.6135937499999999 0.232421875 0.619375 0.2341796875 0.6242765625 0.5199234374999999 0.6352921874999999 0.5180875 0.6352921874999999 0.40761562500000004 0.6278125 0.231640625 0.650625 0.2306640625 0.65 0.2234375 0.6287499999999999 0.22265625 0.6234375 0.0556640625 0.6740421875 0.050475000000000006 0.673884375 0.029656250000000002 0.6624140625 0.029853125 0.66015625 0.037109375
1 0.4957 0.357671875 0.5003875 0.361578125 0.5034671875 0.2805125 0.5212953125 0.2785734375 0.5216828125 0.266703125 0.47982500000000006 0.266703125 0.48040625 0.2793 0.4972625 0.279546875 0.48951406249999996 0.2860828125 0.4900953125 0.292865625 0.4972625 0.29321875 0.4957 0.357671875
1 0.553659375 0.20905 0.578409375 0.208640625 0.578409375 0.19721875 0.5342796875 0.19524375 0.5350546875 0.211715625 0.5457124999999999 0.212928125 0.54455 0.22625 0.5319546875000001 0.2281875 0.5328140625 0.2353515625 0.5453140624999999 0.2373046875 0.546590625 0.2805515625 0.5159859375 0.28225 0.5162125 0.2927359375 0.5457421874999999 0.2947328125 0.5498109375 0.4029234375 0.5562515625 0.4072265625 0.557453125 0.2927796875 0.5853578125000001 0.28933593750000003 0.5860375 0.280834375 0.5574734375 0.2796984375 0.5578140625 0.2509765625 0.556565625 0.23593906250000002 0.5788515624999999 0.2335171875 0.5786578125 0.22625 0.557534375 0.2279453125 0.553659375 0.20905
0 0.3288625 0.31103281250000003 0.32789375 0.317575 0.44222968749999997 0.32241718750000004 0.43970937499999996 0.31684687500000003 0.3288625 0.31103281250000003
0 0.83913125 0 0.702490625 0.1431296875 0.6683484375 0.177078125 0.6276140625 0.2164375 0.6298390625 0.2206109375 0.69556875 0.171428125 0.80234375 0.0703125 0.83828125 0.052734375 0.8421875 0.0439453125 0.829134375 0.0419703125 0.8671875 0.0009765625 0.8584406250000001 0 0.7839937499999999 0.0760328125 0.678671875 0.17706093750000002 0.8499296875000001 0 0.83913125 0
0 0.6556859375 0.050946875 0.6386703125000001 0.0850765625 0.62501875 0.11153906250000001 0.6256125 0.1201953125 0.6262046875 0.12192812500000001 0.6448031249999999 0.08408750000000001 0.6612250000000001 0.051440625 0.6556859375 0.050946875
0 0.682553125 0 0.666921875 0.025968750000000002 0.6720671874999999 0.029678125 0.689478125 0.00049375 0.682553125 0
0 0.6140218749999999 0 0.5964171875 0.0322578125 0.6012765625000001 0.0348703125 0.6199921875000001 0.0023578124999999997 0.6140218749999999 0
0 0.5807125 0 0.5650000000000001 0.0353515625 0.5697140625 0.0369234375 0.58636875 0 0.5807125 0
0 0.5596875 0.146484375 0.5646875 0.1478515625 0.585 0.0884765625 0.59421875 0.057421875 0.58984375 0.0560546875 0.57421875 0.1015625 0.5596875 0.146484375
0 0.54578125 0.107421875 0.525071875 0.17356875 0.52953125 0.1744140625 0.54171875 0.1365234375 0.56359375 0.058984375 0.55921875 0.0580078125 0.54578125 0.107421875
0 0.6129687500000001 0.0625 0.60640625 0.053125 0.6017187500000001 0.055078125 0.61203125 0.06875 0.6129687500000001 0.0625
0 0.62828125 0.05234375 0.623125 0.060546875 0.62453125 0.0677734375 0.63203125 0.0529296875 0.62828125 0.05234375
0 0.5335046875 0.31515 0.5021109375 0.3149078125 0.5026921875 0.3204796875 0.5335046875 0.320721875 0.5335046875 0.31515
0 0.5736734375 0.2875875 0.5568359375 0.3050921875 0.55766875 0.31134375 0.5776749999999999 0.2890453125 0.5736734375 0.2875875
0 0.584009375 0.2602875 0.568171875 0.2811265625 0.572840625 0.28216874999999997 0.5876781249999999 0.2629953125 0.584009375 0.2602875
0 0.58703125 0.2658203125 0.57609375 0.281640625 0.58109375 0.28203125 0.59109375 0.2681640625 0.58703125 0.2658203125