1 0.6146874999999999 0.1939453125 0.6146609375 0.197665625 0.626953125 0.5090328125 0.62890625 0.5285640625 0.638671875 0.5285640625 0.64305 0.5270578125000001 0.642578125 0.494384375 0.623046875 0.10131874999999999 0.6208015625 0.0691171875 0.6080265625 0.06761875 0.611953125 0.1834515625 0.595978125 0.20037500000000003 0.6005812500000001 0.2064671875 0.6081624999999999 0.195975 0.6146874999999999 0.1939453125
0 0 0.1105375 0.0173671875 0.10754375000000001 0.144121875 0.09107499999999999 0.6015625 0.0012203125 0.5201953125000001 0 0.1298828125 0.0805671875 0 0.0988765625 0 0.1105375
0 0.29093749999999996 0 0.108125 0.060546875 0.11499999999999999 0.065625 0.3046875 0.0012203125 0.29093749999999996 0
0 0.1453296875 0 0.06203125 0.0341796875 0.04625 0.0396484375 0.048828125 0.045165625 0.16001875000000002 0 0.1453296875 0
0 0.0694375 0 0.011256249999999999 0.030560937500000003 0.015625 0.0354 0.091796875 0.0012203125 0.0839 0 0.0626171875 0.010334375 0.07563281250000001 0 0.0694375 0
0 0.6728125 0 0.6667125 0.008732812500000001 0.62890625 0.065625 0.6209374999999999 0.0775390625 0.62390625 0.0826171875 0.66125 0.031640625 0.6784375 0.0005859375 0.6767578125 0 0.6728125 0
0 0.70359375 0 0.6939062500000001 0.02578125 0.66859375 0.0966796875 0.63046875 0.1880859375 0.626953125 0.19653281250000001 0.6292187499999999 0.201171875 0.6321875 0.1978515625 0.67109375 0.106640625 0.7096875 0 0.70359375 0
0 0.9093140625 0 0.8746828125 0.38403437500000004 0.8623156249999999 0.5250328125 0.868746875 0.52750625 0.8736937499999999 0.5033875 0.9093140625 0.312915625 0.9142625000000001 0.28199375 0.909809375 0.277046875 0.8868484375 0.4060953125 0.8741890625 0.471228125 0.904084375 0.29711875 0.9068890625 0.27983437499999997 0.909084375 0.270303125 0.9028828125 0.267771875 0.8814359375 0.409603125 0.8722093750000001 0.47432187499999995 0.9025234375 0.1608671875 0.9152828124999999 0 0.9093140625 0
0 0.9405015625 0 0.9194453125000001 0.1495640625 0.9137640625 0.2063828125 0.9197796874999999 0.1984453125 0.9261296874999999 0.1516546875 0.9418374999999999 0.0426140625 0.9478546874999999 0 0.9405015625 0
0 0.957546875 0 0.936490625 0.12115625000000001 0.926353125 0.180828125 0.9254140625 0.18991249999999998 0.9328140625 0.1846578125 0.9401671875 0.1336890625 0.9589421874999999 0.02403125 0.9631624999999999 0 0.957546875 0
1 0.28889375 0.32270937499999997 0.293328125 0.32468906249999996 0.29301093749999996 0.31756093750000003 0.29142812500000004 0.311621875 0.29301093749999996 0.2340140625 0.2857265625 0.2340140625 0.281925 0.3908140625 0.2816078125 0.3939828125 0.28762656249999996 0.39358593750000004 0.28889375 0.32270937499999997
0 0.7180375 0 0.704375 0.0369140625 0.67703125 0.109765625 0.6509375000000001 0.1689234375 0.635625 0.2012 0.6389671875 0.205103125 0.65796875 0.16953125 0.6838796874999999 0.10754375000000001 0.7114265625 0.0336796875 0.724375 0 0.7180375 0
0 0.60421875 0.1908203125 0.61015625 0.1251953125 0.6057812499999999 0.123046875 0.59953125 0.1896484375 0.60421875 0.1908203125