1 0.81328125 0 0.8151265625 0.24719375000000002 0.8133546875000001 0.5985203125 0.8377234375 0.595778125 0.8375 0.5849609375 0.83619375 0.1954046875 0.8311531249999999 0 0.81328125 0
1 0.670625 0.1203125 0.664296875 0.1204625 0.662090625 0.1257515625 0.641875 0.12734375 0.63984375 0.1173828125 0.63734375 0.11640625 0.63234375 0.11640625 0.6321875 0.126171875 0.623125 0.12734375 0.62046875 0.122265625 0.61625 0.1224609375 0.61265625 0.126953125 0.60390625 0.127734375 0.60234375 0.1234375 0.600625 0.123046875 0.59703125 0.123046875 0.5953125 0.130078125 0.59453125 0.1478515625 0.601461328125 0.1480692515625 0.6021875 0.1359375 0.6129687500000001 0.1357421875 0.6134375000000001 0.148046875 0.6224999999999999 0.1478515625 0.6234375 0.137109375 0.6328390625 0.13725 0.6328125 0.14375 0.6309375 0.1892578125 0.6018749999999999 0.1896484375 0.6021875 0.1990234375 0.629696703125 0.201403296875 0.62934375 0.21175625 0.6275046875 0.29706875 0.6243765625 0.466778125 0.6330234375 0.46608593750000005 0.6385421874999999 0.21313437500000001 0.6389109375 0.2032453125 0.66796875 0.2021484375 0.667609375 0.19013906249999998 0.6413015625 0.19013906249999998 0.64015625 0.1361328125 0.6634375 0.135546875 0.66328125 0.1484375 0.6723921875000001 0.1471375 0.670625 0.1203125
1 0.5532812500000001 0.21875 0.55390625 0.23359375 0.57203125 0.2345703125 0.5717187499999999 0.252734375 0.56015625 0.25187499999999996 0.55296875 0.25234375 0.553125 0.25875 0.553125 0.2640625 0.57375 0.2634375 0.5743750000000001 0.2958984375 0.5660937500000001 0.2859375 0.53609375 0.28515625 0.5371875 0.2912109375 0.55859375 0.29171874999999997 0.56375 0.294375 0.5678124999999999 0.2982421875 0.57140625 0.3033203125 0.57203125 0.4361328125 0.5782812500000001 0.4365234375 0.58140625 0.2685546875 0.58140625 0.263671875 0.6034375 0.2623046875 0.603125 0.25390625 0.584375 0.254296875 0.5845312500000001 0.2353515625 0.6029687499999999 0.234375 0.60328125 0.2255859375 0.60375 0.2197265625 0.5532812500000001 0.21875
0 0.696690625 0.18648437499999998 0.6365624999999999 0.26890625 0.63890625 0.27484375 0.690962646875 0.20839204687500001 0.7275334078125 0.156906953125 0.6952530718750001 0.20961788124999997 0.702812390625 0.21186524687500002 0.7322324453125 0.160788765625 0.751028590625 0.1242180046875 0.7870703125 0.069490625 0.7963359375 0.069490625 0.8125 0.0419921875 0.8123437499999999 0.0130859375 0.8099999999999999 0.0142578125 0.78828125 0.0515625 0.7240624999999999 0.1482421875 0.696690625 0.18648437499999998
0 0.1796640625 0.242296875 0.07828125 0.23125 0.07781249999999999 0.2380859375 0.178125 0.2486328125 0.2234375 0.257421875 0.364369825 0.282762853125 0.36988094375 0.2774637 0.1796640625 0.242296875
0 0.1975234375 0.01946875 0.2572578125 0.006184375000000001 0.2532 0 0.1785078125 0.016275 0.037346875 0.0458265625 0 0.0548203125 0.0006859375 0.059959375 0.1507546875 0.0291234375 0.1975234375 0.01946875
0 0.70875 0.213671875 0.7128125 0.2162109375 0.7299609375 0.19003125 0.7601328125 0.1427 0.76765625 0.1326171875 0.7857234375 0.10771250000000002 0.8113625000000001 0.0733828125 0.8078765625000001 0.06985625 0.7990625 0.0811078125 0.771684375 0.11955156250000001 0.778434375 0.1068921875 0.7969999999999999 0.07009062499999999 0.7915625000000001 0.06915312500000001 0.76828125 0.114453125 0.7434338796875 0.1583586828125 0.70875 0.213671875
0 0.724375 0.220703125 0.68953125 0.2091796875 0.68625 0.2126953125 0.723278125 0.2272265625 0.724375 0.220703125
0 0.6841347140625 0.2393183921875 0.636923409375 0.28464124375 0.6398419265624999 0.287903115625 0.685164778125 0.2496190390625 0.70015625 0.24828125 0.7032406250000001 0.24946875 0.7258421875 0.2723109375 0.726003125 0.2657 0.7124614953124999 0.2504774265625 0.72705408125 0.25099245937500003 0.7265390484375 0.2467005234375 0.7049076875 0.242236909375 0.6832763265625 0.21906045000000002 0.6793277437499999 0.2216356125 0.6896283921874999 0.2355414875 0.6841347140625 0.2393183921875
0 0.67640625 0.21286093749999999 0.67296875 0.20836875 0.6799999999999999 0.20954062499999998 0.68015625 0.20680625 0.6798437500000001 0.2048828125 0.66796875 0.2009765625 0.66359375 0.2038765625 0.6743750000000001 0.2152046875 0.67640625 0.21286093749999999
0 0.60734375 0.2705078125 0.62234375 0.278125 0.62390625 0.2791015625 0.62609375 0.2748046875 0.60625 0.26328125 0.59546875 0.26328125 0.59328125 0.26640625 0.59375 0.26875 0.59703125 0.26875 0.6018749999999999 0.26875 0.60734375 0.2705078125
0 0.6135937499999999 0.231640625 0.6159375 0.2341796875 0.6235937500000001 0.240234375 0.6284375 0.2484375 0.62890625 0.2396484375 0.6235937500000001 0.23359375 0.61890625 0.2294921875 0.61546875 0.2275390625 0.6118750000000001 0.2263671875 0.60328125 0.226171875 0.6029687499999999 0.2294921875 0.61125 0.23046875 0.6135937499999999 0.231640625
0 0.62328125 0.2810546875 0.5900000000000001 0.31171875 0.5921875 0.3162109375 0.62671875 0.283203125 0.62328125 0.2810546875
0 0.61515625 0.2748046875 0.58109375 0.28125 0.58140625 0.286328125 0.6184375 0.2791015625 0.61515625 0.2748046875
0 0.590220890625 0.222290984375 0.5953949046875 0.2232491359375 0.599035878125 0.21635045000000003 0.6040182625 0.206960571875 0.605742934375 0.2002535171875 0.6003772890625 0.19757069375 0.5632010390625 0.2171169703125 0.571303125 0.21897656250000003 0.5955865359375 0.2084936140625 0.590220890625 0.222290984375
0 0.47330937500000003 0.26008749999999997 0.5534375 0.2279296875 0.5537453125 0.2202015625 0.4746390625 0.250115625 0.3878875 0.2775375 0.3074515625 0.293740625 0.2529421875 0.3024671875 0.18546875000000002 0.30495937500000003 0.184803125 0.31077499999999997 0.2346609375 0.3091140625 0.2625796875 0.30703749999999996 0.3067875 0.2987265625 0.39918906249999997 0.2808609375 0.30671875000000004 0.3033203125 0.3078125 0.308984375 0.3912109375 0.28875625 0.47330937500000003 0.26008749999999997
0 0.2441875 0.31610312500000004 0.275915625 0.314046875 0.274975 0.30905312500000004 0.2418375 0.3122859375 0.2425421875 0.3158109375 0.2441875 0.31610312500000004
0 0.45630468750000003 0.2951828125 0.41916875 0.3070859375 0.3860796875 0.31244375 0.31989999999999996 0.32166875 0.3229953125 0.32642812499999996 0.396178125 0.3183046875 0.4215484375 0.3133359375 0.504628125 0.3014328125 0.52796875 0.29859375 0.52796875 0.29296875 0.4767765625 0.300540625 0.4472578125 0.30470625 0.5560484375 0.2660234375 0.5520015625 0.2597734375 0.45630468750000003 0.2951828125
0 0.853125 0.000390625 0.8457812499999999 0 0.84078125 0.00546875 0.83125 0.008203125 0.8315625000000001 0.0166015625 0.8384375000000001 0.013671875 0.84453125 0.0091796875 0.853125 0.000390625
0 0.72390625 0.2826171875 0.72390625 0.2771484375 0.67109375 0.274609375 0.65734375 0.27265625 0.6534375 0.2763671875 0.6678124999999999 0.2791015625 0.69015625 0.280859375 0.72390625 0.2826171875
0 0.63875 0.2900390625 0.68625 0.3119140625 0.6878124999999999 0.305859375 0.6420312499999999 0.2853515625 0.63984375 0.2875 0.63875 0.2900390625
1 0.53078125 0.3341796875 0.53125 0.4298828125 0.5353125000000001 0.429296875 0.5376562500000001 0.3330078125 0.541875 0.332421875 0.54171875 0.3259765625 0.52625 0.3265625 0.52640625 0.3234375 0.52171875 0.3236328125 0.52171875 0.33359375 0.53078125 0.3341796875
1 0.5493750000000001 0.30234375 0.5628828125 0.3015515625 0.5633546875000001 0.2960296875 0.534328125 0.29740781250000003 0.5340125 0.2910984375 0.528175 0.2910984375 0.5286484375 0.30253593749999996 0.5431625 0.302140625 0.542215625 0.32560781250000004 0.5396921875 0.3262 0.539534375 0.3315234375 0.5430046875000001 0.3324796875 0.5431625 0.43267812499999997 0.548053125 0.43169218750000005 0.5485265625 0.3315234375 0.5628124999999999 0.3306640625 0.563125 0.3234375 0.54984375 0.323828125 0.55140625 0.3201171875 0.5513656250000001 0.309240625 0.548684375 0.30805625000000003 0.5493750000000001 0.30234375
0 0 0.0318359375 0.0976625 0.021071875 0.16326875000000002 0.013970312500000002 0.2231765625 0.0057265625 0.2217109375 0 0.1449359375 0.0091625 0 0.026568750000000002 0 0.0318359375
0 0.3828875 0.3316375 0.332315625 0.33223437499999997 0.33247499999999997 0.33742031250000004 0.3828875 0.33702187499999997 0.3828875 0.3316375
0 0.4856296875 0.323859375 0.5363625 0.31608125 0.5354687499999999 0.311328125 0.48499218749999995 0.317478125 0.39118437500000003 0.32924375 0.391025 0.33323281250000003 0.390865625 0.334828125 0.43377968750000007 0.330640625 0.4856296875 0.323859375
0 0.3940625 0.3390625 0.39453125 0.3443359375 0.43921875000000005 0.3412109375 0.46687500000000004 0.337109375 0.46640625 0.331640625 0.43984375 0.3361328125 0.3940625 0.3390625
0 0.5215625 0.3224609375 0.47781250000000003 0.3294921875 0.47843749999999996 0.3337890625 0.5215625 0.3265625 0.5215625 0.3224609375