1 0.2605734375 0.1701546875 0.282534375 0.1676796875 0.28233593749999997 0.159765625 0.2724609375 0.1586921875 0.2626953125 0.13671875 0.2353515625 0.134278125 0.2255671875 0.1355234375 0.2265625 0.14770468750000001 0.25 0.16967812499999999 0.248046875 0.25756875 0.2411828125 0.26265 0.240234375 0.2941890625 0.23828125 0.435790625 0.240234375 0.455321875 0.24609375 0.4577640625 0.251953125 0.4113765625 0.2526890625 0.3597296875 0.255859375 0.3039546875 0.2578125 0.2648921875 0.2626953125 0.2587890625 0.2978515625 0.26123124999999997 0.302734375 0.2526859375 0.2939453125 0.24658281249999997 0.2578125 0.2551265625 0.2605734375 0.1701546875
0 0 0.269796875 0.0531765625 0.2688125 0.05385625000000001 0.2627796875 0 0.2627796875 0 0.269796875
0 0.24867499999999998 0.2482859375 0.1820109375 0.25167812500000003 0.1836609375 0.2599296875 0.2180828125 0.25727656250000003 0.24867499999999998 0.2551265625 0.24867499999999998 0.2482859375
0 0 0.1699890625 0.029712499999999996 0.17010625 0.1136546875 0.16919843750000002 0.2412671875 0.16861874999999998 0.240715625 0.16091093750000002 0.19966875 0.16045 0.0814125 0.16045 0 0.160890625 0 0.16556875 0 0.1699890625
0 0 0.1485625 0.09508124999999999 0.1478203125 0.1978859375 0.147078125 0.2228453125 0.1463359375 0.2198734375 0.1381640625 0.0356546875 0.1403921875 0 0.141 0 0.1485625
0 0.2601765625 0.260671875 0.257803125 0.2671015625 0.280896875 0.26663749999999997 0.2839125 0.273703125 0.3020015625 0.2746453125 0.3038859375 0.2699328125 0.34345781249999996 0.271346875 0.6530234375 0.2870546875 0.6606515625 0.282034375 0.31293125 0.262396875 0.2937109375 0.262396875 0.2601765625 0.260671875
0 1 0.284171875 0.9197796874999999 0.2824328125 0.6899421875 0.277103125 0.5175734375000001 0.268296875 0.3440828125 0.2543890625 0.30338125 0.252503125 0.2973515625 0.261925 0.351996875 0.2633375 0.3817703125 0.2647515625 0.5302578125 0.276059375 0.800128125 0.2882234375 1 0.29235937500000003 1 0.284171875
0 0.1937984375 0.26670937499999997 0.1886109375 0.2743703125 0.19073281250000002 0.278496875 0.19251093749999998 0.2765 0.1942703125 0.274665625 0.218553125 0.274665625 0.2308140625 0.27230937499999996 0.23765 0.27024375 0.24118750000000003 0.26818125 0.241659375 0.2628765625 0.23717968749999999 0.2625828125 0.222796875 0.2634671875 0.21360312499999998 0.26582343750000004 0.1937984375 0.26670937499999997
0 0.22030781250000003 0.14431875 0.2239515625 0.134171875 0.233559375 0.1356203125 0.23670624999999998 0.13541406250000002 0.23769999999999997 0.1329296875 0.23256562500000003 0.128996875 0.22610625 0.12671875 0.2232890625 0.12671875 0.2199765625 0.132721875 0.21600156250000002 0.1426625 0.22030781250000003 0.14431875
0 0.399575 0.16559531249999998 0.28678593750000003 0.16142343750000002 0.286978125 0.1664296875 0.40710781249999994 0.1726875 0.5757656250000001 0.1801953125 0.5747640625 0.1739375 0.399575 0.16559531249999998
0 0.28640625000000003 0.16328125 0.286875 0.1625 0.286875 0.1603515625 0.28578125 0.155859375 0.28265625 0.1498046875 0.2678125 0.149609375 0.2684375 0.1548828125 0.27453125 0.1548828125 0.27984375 0.155859375 0.28171875 0.156640625 0.28265625 0.158984375 0.28265625 0.1611328125 0.28359375 0.1666015625 0.2859375 0.1666015625 0.28640625000000003 0.16328125
0 0.5380046875 0.151609375 0.38415468750000004 0.14511875000000002 0.38391875 0.1510203125 0.538240625 0.1575078125 0.5380046875 0.151609375