1 0.9165625000000001 0.0689453125 0.91671875 0.062109375 0.90625 0.06225625 0.90234375 0.0402828125 0.8955078125 0.0390625 0.8815625 0.039453125 0.88125 0.04765625 0.8847578125 0.0489625 0.89453125 0.052490625 0.89578125 0.08125 0.8829687500000001 0.081640625 0.8826562499999999 0.087890625 0.89578125 0.0890625 0.8984375 0.19653281250000001 0.8804718749999999 0.1905765625 0.880859375 0.21850624999999999 0.8812234374999999 0.2240609375 0.90234375 0.23803749999999999 0.90234375 0.4187015625 0.912109375 0.4211421875 0.912109375 0.2551265625 0.9122656250000001 0.2456546875 0.91426875 0.244715625 0.9189453125 0.244140625 0.9287890624999999 0.24502656250000002 0.927734375 0.19653281250000001 0.9257843749999999 0.18869843749999998 0.908203125 0.18920937499999999 0.9042187500000001 0.0705078125 0.9165625000000001 0.0689453125
1 0.771484375 0.2354 0.7666015625 0.23173906249999998 0.75875 0.2345703125 0.75671875 0.2404296875 0.76171875 0.2402828125 0.7665203125 0.2498375 0.75828125 0.2546296875 0.7580890625000001 0.2630109375 0.7657546875000001 0.265646875 0.7657546875000001 0.27235312500000003 0.7657546875000001 0.273790625 0.7659453125 0.2821765625 0.767578125 0.31596718749999997 0.7586328124999999 0.3187859375 0.7586328124999999 0.34628125 0.767578125 0.35014687499999997 0.770375 0.43104062499999996 0.7710703125 0.456884375 0.77734375 0.4551265625 0.781084375 0.45469375 0.77734375 0.342821875 0.784434375 0.33842343750000003 0.784103125 0.3160984375 0.77571875 0.31379531250000003 0.7741859375 0.2553484375 0.77859375 0.250796875 0.7784015625 0.24624375 0.771503125 0.24169374999999998 0.771484375 0.2354
1 0.7212500000000001 0.3732421875 0.725 0.4591796875 0.7262500000000001 0.4810546875 0.7330171875 0.480040625 0.73390625 0.348046875 0.7262500000000001 0.346875 0.7250593750000001 0.29108125 0.7129890624999999 0.2907171875 0.7125 0.3138671875 0.719375 0.3162109375 0.720625 0.3482421875 0.7134375000000001 0.349609375 0.71375 0.3716796875 0.7212500000000001 0.3732421875
0 0.9785937499999999 0 0.97 0.008203125 0.9715890625 0.013970312500000002 0.9823437500000001 0.00234375 0.9785937499999999 0
0 0.8003125000000001 0.20390625 0.79453125 0.2119140625 0.7849999999999999 0.221484375 0.7703125 0.23203125 0.7738796875 0.238465625 0.78043125 0.2336484375 0.797003125 0.22015781250000002 0.8057812500000001 0.2072265625 0.8003125000000001 0.20390625
0 0.9857812499999999 0.1986328125 0.9778015625 0.20374374999999997 0.978125 0.2119140625 0.9972796875000001 0.1990453125 1 0.19682187499999998 0.9998421875 0.1890078125 0.9857812499999999 0.1986328125
0 0.9561734375000001 0.279896875 0.9121874999999999 0.2953125 0.9134375 0.3021484375 0.94109375 0.2927734375 0.9604125 0.2856765625 0.9561734375000001 0.279896875
0 0.794690625 0.2432828125 0.8101078125000001 0.2346109375 0.814346875 0.23123906249999998 0.8131906250000001 0.2167875 0.799315625 0.232203125 0.7862125 0.2442453125 0.7796609375 0.2495453125 0.7761921875 0.25291874999999997 0.7769625 0.2586984375 0.794690625 0.2432828125
0 0.8552234375 0.242765625 0.8628375 0.23288125 0.859375 0.2298828125 0.8479015625 0.242765625 0.8552234375 0.242765625
0 0.8291187499999999 0.269978125 0.8036375 0.2959703125 0.7825515625 0.3139078125 0.7854796875 0.3186671875 0.7878234375 0.318303125 0.7925 0.3138671875 0.79625 0.3107421875 0.80046875 0.3076171875 0.8150000000000001 0.2939453125 0.8305765624999999 0.27764375 0.8345312500000001 0.270703125 0.8291187499999999 0.269978125
0 0.9990625 0.166796875 0.9767765624999999 0.1811046875 0.9778015625 0.1879390625 1 0.1736328125 0.9990625 0.166796875
0 1 0.1499265625 0.97578125 0.1712890625 0.97711875 0.17704843750000002 1 0.16015625 1 0.1499265625
0 0.975921875 0.1494984375 1 0.1302765625 0.9998421875 0.123015625 0.9752390625 0.1433046875 0.975921875 0.1494984375
0 0.9998421875 0.1394609375 0.9767765624999999 0.1576140625 0.978125 0.16484375 1 0.1473609375 0.9998421875 0.1394609375
0 1 0.1302765625 0.97558125 0.1499265625 0.9760937500000001 0.1576140625 1 0.1388203125 1 0.1302765625
0 0.8793749999999999 0.1982421875 0.86640625 0.21640625 0.86984375 0.2201171875 0.8809374999999999 0.20390625 0.8793749999999999 0.1982421875
0 0.89671875 0.1806640625 0.8859375 0.18984375 0.8881249999999999 0.19453125 0.8975 0.187890625 0.89671875 0.1806640625
0 0.76109375 0.266796875 0.7575000000000001 0.2609375 0.7490625 0.2783203125 0.73875 0.2984375 0.7345312500000001 0.3029296875 0.7265625 0.3083984375 0.7240624999999999 0.309375 0.72484375 0.3154296875 0.73359375 0.31171875 0.746875 0.3015625 0.7521875 0.2978515625 0.7609375 0.2861328125 0.766875 0.27109375 0.765 0.2685546875 0.7631249999999999 0.26796875 0.7546875 0.2853515625 0.7501562500000001 0.290234375 0.76109375 0.266796875
0 0.7268749999999999 0.29921875 0.7385937499999999 0.290234375 0.74890625 0.273046875 0.75859375 0.2517578125 0.76109375 0.24296875 0.7578125 0.2412109375 0.7564062500000001 0.2408203125 0.7464062499999999 0.26328125 0.73359375 0.2859375 0.7240624999999999 0.2951171875 0.7268749999999999 0.29921875
1 0.69921875 0.3503421875 0.69921875 0.36743125 0.6990937500000001 0.369228125 0.69921875 0.3723140625 0.69921875 0.3894046875 0.697265625 0.3918453125 0.697265625 0.4187015625 0.6984328125 0.425459375 0.7001953125 0.4296875 0.7041015625 0.43212968749999997 0.705078125 0.4309078125 0.708984375 0.4284671875 0.708984375 0.4089359375 0.7109375 0.40649375 0.7109375 0.3991703125 0.70703125 0.3894046875 0.70703125 0.357665625 0.705078125 0.355225 0.705078125 0.3479 0.7021484375 0.3466796875 0.69921875 0.3503421875
0 0.91875 0.064453125 0.9614062499999999 0.0263671875 0.9590624999999999 0.0201171875 0.9446875 0.0330078125 0.9140625 0.06171875 0.91875 0.064453125
0 0.9550000000000001 0.0087890625 0.9084375 0.060546875 0.91328125 0.062890625 0.960625 0.0125 0.9550000000000001 0.0087890625
0 0.9228125 0 0.9099999999999999 0.0150390625 0.8871874999999999 0.0384765625 0.8946875000000001 0.0404296875 0.90296875 0.0314453125 0.91484375 0.0181640625 0.9303125 0 0.9234375 0 0.9228125 0
0 0.9996875 0.0921875 0.9746874999999999 0.115234375 0.97578125 0.1232421875 1 0.09921875 0.9996875 0.0921875
0 0.90984375 0.171875 0.9103125000000001 0.1791015625 0.9371875 0.159375 0.9637499999999999 0.1361328125 0.96171875 0.128125 0.93265625 0.1548828125 0.90984375 0.171875
0 0.9265625 0.1921875 0.9640625 0.1626953125 0.96359375 0.155078125 0.92265625 0.18671875 0.9265625 0.1921875
0 0.9479421875 0.1917640625 0.9270046875 0.2081703125 0.9280984374999999 0.21383437500000002 0.9523171874999999 0.20016250000000002 0.9648171874999999 0.195084375 0.96421875 0.180859375 0.9479421875 0.1917640625
0 0.96515625 0.2103515625 0.9292187500000001 0.2287109375 0.93 0.2341796875 0.96578125 0.2177734375 0.96515625 0.2103515625
0 0.86 0.10820937500000001 0.88671875 0.0484375 0.8809374999999999 0.0476640625 0.8729687500000001 0.06446093750000001 0.83859375 0.1398515625 0.8262499999999999 0.1630953125 0.8074999999999999 0.191025 0.8134375 0.1951265625 0.83109375 0.1677828125 0.840625 0.149228125 0.86 0.10820937500000001
0 0.8384375000000001 0.205078125 0.84609375 0.19375 0.8621874999999999 0.16875 0.8787499999999999 0.1427734375 0.8959374999999999 0.1072265625 0.8943749999999999 0.09921875 0.89140625 0.1046875 0.881875 0.122265625 0.8582812499999999 0.164453125 0.834375 0.2001953125 0.8384375000000001 0.205078125
0 0.8646874999999999 0.1337890625 0.8865624999999999 0.0904296875 0.88109375 0.0865234375 0.858125 0.1326171875 0.8457812499999999 0.159765625 0.82421875 0.1974609375 0.8295312499999999 0.2 0.84796875 0.1693359375 0.8646874999999999 0.1337890625
0 0.8162499999999999 0.311328125 0.819375 0.3076171875 0.82578125 0.3001953125 0.83109375 0.293359375 0.8418749999999999 0.2796875 0.8478125000000001 0.271484375 0.8418749999999999 0.2705078125 0.83625 0.278125 0.8065625000000001 0.311328125 0.796875 0.31640625 0.784896875 0.3200453125 0.7859375 0.3265625 0.7993750000000001 0.321875 0.81078125 0.3158203125 0.8162499999999999 0.311328125
0 0.8684375 0.27890625 0.84734375 0.299609375 0.83171875 0.3125 0.8270312499999999 0.3146484375 0.82875 0.3109375 0.8434375 0.294921875 0.8653124999999999 0.2708984375 0.85671875 0.2708984375 0.84140625 0.2875 0.8184374999999999 0.3146484375 0.7954687500000001 0.331640625 0.7982812499999999 0.333984375 0.818125 0.3279296875 0.83984375 0.3146484375 0.87578125 0.2796875 0.8828125 0.271875 0.87671875 0.2708984375 0.8684375 0.27890625
0 0.83953125 0.325390625 0.8515625 0.316796875 0.86203125 0.3078125 0.8775000000000001 0.2927734375 0.90078125 0.2681640625 0.8996875 0.2603515625 0.89484375 0.2658203125 0.8690625000000001 0.291796875 0.8417187500000001 0.31640625 0.82296875 0.32734375 0.8246874999999999 0.331640625 0.8260937500000001 0.331640625 0.8303125 0.330859375 0.83953125 0.325390625