1 0.515625 0.3112796875 0.5174531250000001 0.4467796875 0.521484375 0.44555625 0.5234375 0.443115625 0.5234375 0.3088375 0.5383015624999999 0.3076703125 0.537490625 0.3012375 0.5185546875 0.30029374999999997 0.513296875 0.30125625 0.502471875 0.30125625 0.502471875 0.30801875 0.5126953125 0.3076171875 0.515625 0.3112796875
1 0.545675 0.26377968749999997 0.5430625 0.26256875 0.5351140625 0.2619328125 0.5308859375 0.2621453125 0.5309015625 0.280625 0.537590625 0.2802171875 0.5464015625 0.282459375 0.55078125 0.286865625 0.5537171875 0.3828578125 0.554225 0.44015000000000004 0.561159375 0.43972656250000003 0.5596375 0.3750375 0.5546875 0.23071250000000001 0.5517578125 0.22216874999999997 0.538834375 0.22240000000000001 0.52344375 0.22155468749999999 0.5225984375 0.2338171875 0.548828125 0.23559531250000001 0.548828125 0.2526859375 0.544921875 0.25756875 0.545675 0.26377968749999997
1 0.595703125 0.15991249999999999 0.595321875 0.1549609375 0.5831453125 0.1572875 0.5258125 0.15961406250000001 0.52344375 0.17800312499999998 0.5439453125 0.17578125 0.546875 0.17944374999999999 0.5439453125 0.185546875 0.5302734375 0.185546875 0.5300687500000001 0.20833437500000002 0.5488125 0.205275 0.55078125 0.23071250000000001 0.5615234375 0.2294921875 0.564453125 0.23559531250000001 0.57421875 0.377196875 0.57421875 0.443115625 0.5771484375 0.44921875 0.58203125 0.4479984375 0.580284375 0.378959375 0.572265625 0.23071250000000001 0.5819609375 0.2281078125 0.581115625 0.1925921875 0.597690625 0.191325 0.597690625 0.1792734375 0.5693359375 0.1806640625 0.5682625 0.1716625 0.59616875 0.1714515625 0.595703125 0.15991249999999999
0 0.46777499999999994 0.3575921875 0.5159421875 0.35514375 0.515159375 0.349515625 0.47390625000000003 0.35234375 0.339375 0.3591796875 0.22828125 0.361328125 0.22791875 0.366403125 0.3346328125 0.3646890625 0.46777499999999994 0.3575921875
1 0.1318359375 0.3564453125 0.134765625 0.355225 0.1357609375 0.344084375 0.1360484375 0.33399531250000003 0.1360484375 0.32535 0.13671875 0.267334375 0.140625 0.2624515625 0.140625 0.260009375 0.1337890625 0.25146562499999997 0.1279296875 0.25146562499999997 0.12890625 0.3527828125 0.1318359375 0.3564453125
0 0 0.19212968749999998 0.01365625 0.197215625 0.0813546875 0.21682656250000001 0.143825 0.23062812500000002 0.195246875 0.24225 0.26730468749999997 0.2549625 0.3716125 0.26876406249999996 0.5171812499999999 0.2753 0.518053125 0.2702171875 0.47563125 0.269490625 0.374228125 0.262953125 0.2667234375 0.24769999999999998 0.20483437499999999 0.2364390625 0.1197015625 0.21682656250000001 0.07379375 0.20738281249999999 0 0.183775 0 0.19212968749999998
0 0 0.168415625 0.049571875 0.183078125 0.1517203125 0.2071765625 0.2831515625 0.230021875 0.28390312500000003 0.2243890625 0.2140515625 0.21249687499999997 0.13391875 0.19653437499999998 0.0573078125 0.1774453125 0 0.160546875 0 0.1617984375 0 0.168415625
0 0.470184375 0.2453578125 0.34825625 0.2340890625 0.3492578125 0.2400375 0.457665625 0.250678125 0.5255140625 0.25380625 0.5255140625 0.24911406249999998 0.470184375 0.2453578125
0 0.5238375 0.25571875 0.49671875 0.26875 0.5039609375 0.2704515625 0.529290625 0.258796875 0.5238375 0.25571875
0 0.5174171875 0.2713046875 0.5102125 0.2759875 0.48109999999999997 0.2857171875 0.3779578125 0.3187015625 0.3769328125 0.3161390625 0.44535 0.29596093749999997 0.4914734375 0.2761015625 0.48301718749999994 0.2745 0.45201250000000004 0.2837890625 0.41409375 0.289875 0.3672 0.29724218750000003 0.3149265625 0.3004453125 0.23036718750000001 0.3055703125 0.13658281249999998 0.305890625 0.13658281249999998 0.3116546875 0.1511875 0.313896875 0.1996171875 0.3142171875 0.261115625 0.312615625 0.35336406249999996 0.30460937499999996 0.41716875 0.295640625 0.44253593750000003 0.2895546875 0.41101875000000004 0.2998046875 0.3528515625 0.317740625 0.3095453125 0.3283109375 0.2293421875 0.340803125 0.1368390625 0.344646875 0.1363265625 0.3513734375 0.1847609375 0.3487671875 0.22482656250000002 0.3473265625 0.2922734375 0.3383203125 0.3790640625 0.3242671875 0.44478125 0.30481250000000004 0.4917640625 0.2896796875 0.5174171875 0.27815 0.531253125 0.2731046875 0.5295234375 0.268421875 0.5174171875 0.2713046875
0 0.5914125 0 0.5856421875 0.015735937499999998 0.5706921875 0.06294374999999999 0.5491875 0.1245765625 0.538171875 0.14949062500000002 0.5348499999999999 0.1575265625 0.539975 0.15923281250000001 0.551809375 0.135065625 0.5649234375 0.09900624999999999 0.5864281250000001 0.035734375 0.59718125 0 0.5914125 0
0 0.5565625 0.1552734375 0.5594109375 0.1576875 0.563125 0.15546875 0.5830140625 0.1206421875 0.6160593750000001 0.045240625 0.6354671875 0.000984375 0.6289109374999999 0 0.6042578125 0.057696875 0.5777687499999999 0.11638124999999999 0.5565625 0.1552734375
0 0.8500609375 0.0164203125 0.7775000000000001 0.10868437500000001 0.7155750000000001 0.1860921875 0.6455093749999999 0.263484375 0.6051624999999999 0.3037515625 0.588275 0.31469843750000004 0.577015625 0.31587031250000003 0.5767265625 0.321359375 0.5898625 0.3201859375 0.6061265625 0.310021875 0.6521015625000001 0.26428124999999997 0.6816296875 0.2337953125 0.7299781249999999 0.1802265625 0.7997062500000001 0.094609375 0.8428671874999999 0.0394859375 0.8730328125 0 0.86153125 0.0005328125000000001 0.8500609375 0.0164203125
0 0.8375421875000001 0 0.8111015625 0.0381109375 0.7449656250000001 0.13017812499999998 0.68710625 0.20289375 0.638940625 0.25802187499999996 0.61110625 0.2857796875 0.59609375 0.2986796875 0.5852468749999999 0.3041296875 0.5767375 0.306734375 0.577640625 0.3111796875 0.5898375 0.3072703125 0.5973437500000001 0.30336093750000004 0.6067265625 0.29710625 0.64206875 0.2623109375 0.6814765625 0.218525 0.7271390625 0.164184375 0.7843734375 0.0895125 0.849428125 0 0.8375421875000001 0
0 0.780809375 0 0.7673921874999999 0.0194296875 0.742471875 0.05590468750000001 0.7060515625 0.11101562499999999 0.6830484375 0.13635 0.650675 0.1781484375 0.6180875 0.2170203125 0.6242640625 0.21888281250000002 0.64811875 0.188265625 0.6679265625 0.1621734375 0.6540828125 0.182940625 0.6315062499999999 0.21355624999999998 0.63704375 0.21484999999999999 0.6662234375 0.1767796875 0.690078125 0.143234375 0.7446015625 0.06495625000000001 0.7710125 0.0255546875 0.7878390625 0 0.780809375 0
0 0.6244375 0.1170703125 0.5987046874999999 0.15274062500000002 0.6023796875 0.156896875 0.6289890625 0.11925937499999999 0.6244375 0.1170703125