1 0.105434375 0.465490625 0.107421875 0.4650875 0.111328125 0.4650875 0.1171875 0.29663125 0.119140625 0.2722171875 0.12806562500000002 0.2677328125 0.1285109375 0.2618765625 0.1220703125 0.26123124999999997 0.0966796875 0.26123124999999997 0.0986328125 0.2685546875 0.111328125 0.2746578125 0.10546875 0.4309078125 0.105434375 0.465490625
1 0.177734375 0.325928125 0.1796875 0.3308109375 0.1796875 0.3820796875 0.177734375 0.384521875 0.177734375 0.4504390625 0.17578125 0.4577640625 0.1787109375 0.46142656249999997 0.181640625 0.4602046875 0.18359375 0.4577640625 0.1845265625 0.4262140625 0.185546875 0.4211421875 0.185546875 0.357665625 0.1875 0.355225 0.1875 0.3332515625 0.189453125 0.3308109375 0.189453125 0.325928125 0.1865234375 0.322265625 0.177734375 0.325928125
1 0.8590937500000001 0.28930625 0.8594484375 0.3218453125 0.8676890625 0.3228140625 0.874565625 0.3224546875 0.8727656250000001 0.2917484375 0.8761374999999999 0.10490625 0.8764203125 0.0975140625 0.8792359375000001 0.0337953125 0.8805781250000001 0.0183109375 0.8717890625000001 0.007325 0.8649531250000001 0.0109859375 0.8623375 0.054564062499999996 0.8590937500000001 0.28930625
0 0.9991375 0.0540453125 1 0.046534375 0.9218500000000001 0.026592187499999996 0.880959375 0.014740624999999999 0.8804359375 0.0245671875 0.9401796875 0.039632812499999996 0.9991375 0.0540453125
0 0.31291718749999997 0.1232421875 0.41596093749999996 0.1054375 0.45092968750000006 0.0974765625 0.4482515625 0.091453125 0.41743125000000003 0.0970234375 0.2633921875 0.12304531249999999 0.2652890625 0.1307515625 0.31291718749999997 0.1232421875
0 0.17772656250000002 0.1356453125 0.051725 0.141853125 0.0517984375 0.1483640625 0.121075 0.14419375 0.1768453125 0.1422078125 0.17772656250000002 0.1356453125
0 0.15798125000000002 0.14995468750000002 0.0535046875 0.1513640625 0.056321875 0.1576984375 0.11376875 0.15664375 0.1593890625 0.1559390625 0.15798125000000002 0.14995468750000002
0 0.5565390625 0.1109 0.621253125 0.103071875 0.6179125 0.098115625 0.5536156250000001 0.10542031249999999 0.553825 0.1109 0.5565390625 0.1109
0 0.558 0.104115625 0.617078125 0.097853125 0.613528125 0.0923734375 0.5559125 0.09759218750000001 0.55625 0.104296875 0.558 0.104115625
0 0.9557781249999999 0.1341578125 0.874171875 0.1786140625 0.8754421875 0.1853609375 0.9325984375 0.15559218749999998 0.9999156250000001 0.1174875 0.9986453125000001 0.109153125 0.9557781249999999 0.1341578125
0 0.5119046875000001 0.11445000000000001 0.43532656249999996 0.126415625 0.4363671875 0.1318765625 0.5137765625 0.120171875 0.5119046875000001 0.11445000000000001
0 0.4342859375 0.12563437500000002 0.5119046875000001 0.11418906250000001 0.5116968749999999 0.107946875 0.4330375 0.11887343749999998 0.4342859375 0.12563437500000002
0 0.050587499999999994 0.1957109375 0.0241390625 0.1692828125 0.0178546875 0.17282031250000002 0.048526562499999995 0.2040078125 0.050587499999999994 0.1957109375
0 0.051875000000000004 0.1845703125 0.038125 0.168359375 0.03328125 0.171875 0.0499 0.191990625 0.051875000000000004 0.1845703125
0 0.034290625000000005 0.19342187500000002 0.0024734375 0.16538124999999998 0.000184375 0.17253281250000002 0.044996875 0.2136890625 0.0477953125 0.2157375 0.0484828125 0.20686875 0.034290625000000005 0.19342187500000002
0 0.5931171875000001 0.36082187499999996 0.5862171875 0.3627703125 0.5552828125 0.3633265625 0.5552828125 0.3674984375 0.5859953124999999 0.36805468750000003 0.609140625 0.35748437499999997 0.6004609375000001 0.3627703125 0.586440625 0.368890625 0.5570625 0.371115625 0.556840625 0.375009375 0.5862171875 0.373896875 0.6011296875000001 0.36916875 0.618265625 0.358040625 0.6440828125 0.33912343749999996 0.6603296875 0.32465625 0.6565453125 0.32243125 0.6429703124999999 0.332725 0.6249421875000001 0.3435734375 0.5995703125 0.3572046875 0.5931171875000001 0.36082187499999996