1 0.7847171875 0 0.78515625 0.0234375 0.752478125 0.0197453125 0.7515109375 0.032642187499999996 0.77734375 0.0390625 0.7673328125000001 0.049375 0.7715921875 0.058329687500000005 0.783209375 0.061717187500000006 0.790625 0.5439453125 0.79453125 0.5546875 0.8078125 0.5556640625 0.8046875 0.0634765625 0.81640625 0.041015625 0.8290984375000001 0.040178124999999995 0.8328125 0.0341796875 0.8302609375 0.025896875000000003 0.80703125 0.025390625 0.8021265625 0 0.7847171875 0
1 0.5649484375 0.42612656250000003 0.5703125 0.4287109375 0.575 0.4248046875 0.57490625 0.3807328125 0.578125 0.1279296875 0.5995078125 0.1244703125 0.6021421874999999 0.11605000000000001 0.57578125 0.109375 0.540640625 0.11275625 0.5429828125 0.12264062499999999 0.56875 0.1259765625 0.5649484375 0.42612656250000003
0 0.745 0 0.7069468750000001 0.058609375 0.715328125 0.060592187500000005 0.75234375 0 0.745 0
0 0.76953125 0.07421875 0.735190625 0.1115765625 0.7390625 0.1181640625 0.773721875 0.0820484375 0.76953125 0.07421875
0 0.73125 0.0791015625 0.765625 0.0400390625 0.7580390625 0.038240625 0.7431296875 0.056634375 0.728125 0.0732421875 0.73125 0.0791015625
0 0.831034375 0 0.812253125 0.0234765625 0.8201921875 0.024203125 0.8395546875000001 0 0.831034375 0
0 0.49405 0.145234375 0.43544687499999996 0.159884375 0.436465625 0.1659359375 0.5022031250000001 0.14905625 0.5638640625 0.13313124999999998 0.5597875 0.1293078125 0.49405 0.145234375
0 0.43544687499999996 0.1576546875 0.5167265624999999 0.1388640625 0.5633546875000001 0.128353125 0.5600421875 0.1235765625 0.43391718749999997 0.152240625 0.43544687499999996 0.1576546875
0 0.49761718750000006 0.2143484375 0.423215625 0.24396718750000002 0.424425 0.2519625 0.5019484375000001 0.21944375 0.49761718750000006 0.2143484375
0 0.532778125 0.206703125 0.5653921875 0.189821875 0.5615703125 0.18568437499999998 0.5292109375 0.20160781249999998 0.5315046875 0.2057484375 0.532778125 0.206703125
0 0.8043140624999999 0.061959375000000004 0.8050890624999999 0.07309375 0.8081875000000001 0.09051875000000001 0.8147703125 0.1321484375 0.8184484375000001 0.131421875 0.81631875 0.114721875 0.8128343750000001 0.0907609375 0.80799375 0.0600234375 0.8043140624999999 0.061959375000000004
0 0.7804984375 0.066075 0.725703125 0.0801109375 0.726284375 0.0868890625 0.7818546875 0.071640625 0.7804984375 0.066075
0 0.4503234375 0.3504125 0.40199843749999997 0.3498765625 0.402640625 0.3557578125 0.4511796875 0.35629374999999996 0.4503234375 0.3504125