1 0.059748437499999994 0.222875 0.0609375 0.36953125 0.06218749999999999 0.4091796875 0.06203125 0.4154296875 0.06375 0.4158203125 0.068359375 0.41645468750000003 0.06796875 0.2333984375 0.07781249999999999 0.2330078125 0.09519375 0.231915625 0.10218750000000001 0.2310546875 0.10500000000000001 0.2296875 0.10546875 0.223584375 0.1046875 0.217578125 0.08625000000000001 0.217578125 0.0696875 0.21796875 0.059748437499999994 0.222875
1 0.5560937499999999 0.293359375 0.541015625 0.2941890625 0.5185546875 0.29296875 0.5175 0.2998046875 0.53515625 0.3015140625 0.5360765625 0.34133749999999996 0.5401015625000001 0.343015625 0.540940625 0.30143749999999997 0.5565265625 0.297859375 0.5560937499999999 0.293359375
1 0.5576171875 0.2587890625 0.5478515625 0.2587890625 0.5439453125 0.25634843749999997 0.54296875 0.2624515625 0.5458984375 0.26611406249999997 0.55859375 0.267334375 0.55859375 0.299071875 0.560546875 0.3015140625 0.560546875 0.36743125 0.56640625 0.36743125 0.56640625 0.267334375 0.5732421875 0.263671875 0.5810546875 0.263671875 0.58203125 0.260009375 0.5771484375 0.25634843749999997 0.5712890625 0.25634843749999997 0.5693359375 0.2587890625 0.5673828125 0.25634843749999997 0.5595703125 0.25634843749999997 0.5576171875 0.2587890625
0 0 0.254021875 0.05979375 0.25094531249999996 0.05979375 0.24508437500000002 0 0.2472265625 0 0.254021875
0 0.05921875 0.2275390625 0.038125 0.23046875 0.03765625 0.2353515625 0.059375 0.233203125 0.05921875 0.2275390625
0 0.08687500000000001 0.2306640625 0.06765625 0.2498046875 0.06921875 0.255078125 0.09296875 0.2330078125 0.08687500000000001 0.2306640625
0 0 0.046875 0.10063906250000001 0.0389859375 0.2840421875 0.021571874999999997 0.3790671875 0.01068125 0.44913749999999997 0.0032046875 0.44161875000000006 0 0.31155937499999997 0.0132453125 0.12471406249999999 0.0303921875 0 0.041015625 0 0.046875
0 0.3796875 0.005859375 0.36578125 0 0.3571875 0.000390625 0.37093750000000003 0.00703125 0.3796875 0.005859375
0 0.6520312500000001 0.115234375 0.48375 0.0451171875 0.3915625 0.00859375 0.380928125 0.010624999999999999 0.41360156249999996 0.0239078125 0.5174671875 0.06541406250000001 0.5708609375 0.0869984375 0.648428125 0.12119843749999999 0.6520312500000001 0.115234375
0 0.99861875 0.19070937500000001 0.9798656250000001 0.23050937500000002 0.9804515625000001 0.24003281250000003 1 0.2002328125 0.99861875 0.19070937500000001
0 0.9992046875 0.20682499999999998 0.9808421875000001 0.2424765625 0.9831859375 0.2502890625 1 0.215615625 0.9992046875 0.20682499999999998
0 0.9620890624999999 0.1504171875 0.9107125 0.159453125 0.9107125 0.1662890625 0.9630656249999999 0.15676718750000002 0.9620890624999999 0.1504171875
0 1 0.1460234375 0.9755671875 0.149196875 0.9765453125000001 0.1543234375 1 0.1521265625 1 0.1460234375
0 0.911884375 0.14089374999999998 0.9999859375 0.13356874999999999 0.9999859375 0.12819687500000002 0.9097359375 0.1352796875 0.9101265625 0.1413828125 0.911884375 0.14089374999999998
0 0.87734375 0.13984375 0.8478265625000001 0.14066875 0.8481734375000001 0.14565937499999998 0.877696875 0.14479375 0.87734375 0.13984375
0 0.10705625 0.22770312499999998 0.2358109375 0.2107140625 0.4463421875 0.1865734375 0.6459390625 0.16541250000000002 0.8066484375 0.15199218750000001 0.8066484375 0.1457328125 0.58180625 0.1657015625 0.39939843750000004 0.18596875 0.21604843749999997 0.2071296875 0.1051796875 0.22232968749999998 0.10705625 0.22770312499999998
0 0.3299921875 0.228265625 0.1659546875 0.240896875 0.0808734375 0.24500937500000003 0.07638125 0.2505921875 0.1814359375 0.24706718749999998 0.221390625 0.2441296875 0.332790625 0.23560937499999998 0.4644328125 0.22209531249999998 0.615775 0.20476250000000001 0.8136625000000001 0.18067187499999998 0.8110765625 0.173915625 0.6348109375 0.19565625 0.4725671875 0.215209375 0.3299921875 0.228265625
0 0.08576249999999999 0.30857968750000003 0.085328125 0.31346562499999997 0.128534375 0.32079375 0.1878078125 0.32649218750000003 0.1869390625 0.3213359375 0.12267187500000001 0.3145515625 0.08576249999999999 0.30857968750000003
0 0.14015468749999999 0.2806078125 0.19360468749999998 0.3189984375 0.197846875 0.315603125 0.14490625 0.2776390625 0.14015468749999999 0.2806078125
0 0.09226562499999999 0.265603125 0.2257078125 0.25764062499999996 0.455875 0.238903125 0.455875 0.23094687500000002 0.092059375 0.2579328125 0.09226562499999999 0.265603125