1 0.228515625 0.0327625 0.2314453125 0.029099999999999997 0.26765625000000004 0.028904687499999998 0.26765625000000004 0.025389062499999997 0.2678125 0.0140609375 0.26156250000000003 0.0140609375 0.26156250000000003 0.018553125 0.24234375 0.0191390625 0.24093749999999997 0.014646875 0.234375 0.014842187500000001 0.23328125000000002 0.019725 0.22999999999999998 0.0195296875 0.22796875 0.0150375 0.22265625 0.014646875 0.22109375 0.014646875 0.21921875000000002 0.019334375 0.213125 0.019334375 0.2128125 0.0144515625 0.20578124999999997 0.014842187500000001 0.20437500000000003 0.0191390625 0.18734375 0.018943750000000002 0.1875 0.014842187500000001 0.18 0.014256250000000002 0.1796875 0.0229953125 0.1809375 0.028318749999999997 0.2015625 0.028904687499999998 0.20140625 0.0390609375 0.2028125 0.0460921875 0.20921875 0.046678125 0.2140625 0.038474999999999995 0.21359374999999997 0.0574203125 0.216796875 0.0596171875 0.216875 0.0675765625 0.1821875 0.066209375 0.181640625 0.0693828125 0.18156250000000002 0.0757796875 0.21421874999999999 0.07656093750000001 0.216796875 0.0791484375 0.21690468749999997 0.0950140625 0.216728125 0.11163281249999998 0.22469531250000002 0.11015937499999999 0.224609375 0.1035625 0.22453125 0.082615625 0.2265625 0.07753750000000001 0.23796875 0.0777328125 0.23828125 0.074265625 0.23796875 0.06972500000000001 0.2265625 0.0695296875 0.2265625 0.0669421875 0.228515625 0.0327625
1 0.259765625 0.3698734375 0.26171875 0.36743125 0.26171875 0.2941890625 0.263671875 0.2917484375 0.263671875 0.2819828125 0.2607421875 0.2783203125 0.2568359375 0.2783203125 0.255859375 0.279540625 0.255859375 0.3698734375 0.2568359375 0.37109375 0.259765625 0.3698734375
1 0.32640625 0.2669921875 0.34421875 0.26640625 0.34375 0.2578125 0.3056640625 0.2587890625 0.30265624999999996 0.2595703125 0.30359375 0.2673828125 0.31921875 0.2677734375 0.31921875 0.277734375 0.30515625 0.277734375 0.30515625 0.2833984375 0.318359375 0.2844234375 0.31640625 0.44555625 0.3203125 0.44555625 0.325221875 0.4456640625 0.326171875 0.2844234375 0.3446875 0.283203125 0.3446875 0.2791015625 0.34140625 0.2791015625 0.339375 0.2740234375 0.33421875 0.2744140625 0.33234375 0.276953125 0.3265625 0.2771484375 0.32640625 0.2669921875
1 0.291275 0.457534375 0.291275 0.4058671875 0.286878125 0.4056484375 0.286878125 0.4573171875 0.291275 0.457534375
0 0.29375 0.28515625 0.29874999999999996 0.29765625 0.305 0.29609375 0.29296875 0.265625 0.285625 0.241015625 0.27921874999999996 0.2177734375 0.2740625 0.220703125 0.28203125 0.2513671875 0.29375 0.28515625
0 0.344928125 0.3005609375 0.32648125 0.3005609375 0.326321875 0.3055296875 0.3732359375 0.3053296875 0.37339375 0.3005609375 0.3546296875 0.3005609375 0.344928125 0.3005609375
0 0.31678125 0.298771875 0.2643015625 0.29539218749999996 0.263665625 0.300759375 0.316621875 0.30453593749999996 0.31678125 0.298771875
0 0.26295156249999996 0.15211875 0.25239218750000003 0.109490625 0.24737187500000002 0.1140359375 0.2562 0.152553125 0.26295156249999996 0.15211875
0 0.2053125 0.0603515625 0.19296875 0.0296875 0.18734375 0.0306640625 0.199375 0.0623046875 0.2053125 0.0603515625
0 0.20921875 0.0107421875 0.1990625 0 0.1940625 0.0013671875 0.20453125 0.0140625 0.20921875 0.0107421875
0 0.22609374999999998 0 0.23484375000000002 0.0150390625 0.23984375 0.012890625 0.23140624999999998 0 0.22609374999999998 0
0 0.25265624999999997 0 0.26078125 0.0154296875 0.26546875000000003 0.012109375 0.25875 0 0.25671875 0 0.25265624999999997 0
0 0.25828125 0.02890625 0.24953124999999998 0.03515625 0.23875000000000002 0.0349609375 0.23640625 0.0318359375 0.2340625 0.034765625 0.23718750000000002 0.0388671875 0.2525 0.038671875 0.26109375 0.03125 0.25828125 0.02890625