1 0.9415515624999999 0.033704687500000004 0.95118125 0.22974843749999999 0.9640625 0.2353515625 0.9693406250000001 0.23318750000000002 0.9693406250000001 0.2287140625 0.9632875000000001 0.12175156250000001 0.9624625 0.0921734375 0.9616374999999999 0.0856390625 0.9591609375000001 0.0244203125 0.9591921875 0.019784375 0.9412765625 0.02029375 0.9410015625 0.0268265625 0.9415515624999999 0.033704687500000004
1 0.58060625 0.06736875 0.5801062499999999 0.0274515625 0.6000890625 0.0264625 0.6006828125 0.020775 0.594925 0.015296874999999998 0.5928421875 0.00488125 0.587375 0.0055328124999999995 0.5790437500000001 0.0117171875 0.551184375 0.015296874999999998 0.55170625 0.024084374999999998 0.56484375 0.0234375 0.5671875 0.0302734375 0.5488421875 0.0325453125 0.5496234375 0.06281250000000001 0.5241078124999999 0.062162499999999996 0.5235296875000001 0.06964843750000001 0.56640625 0.076171875 0.5703125 0.0908203125 0.56583125 0.1185453125 0.5501375000000001 0.12081875 0.5496234375 0.1288796875 0.5690140625 0.130484375 0.5703125 0.4599609375 0.5734375 0.4755859375 0.57345625 0.525396875 0.584453125 0.5264140625 0.5836375 0.46685 0.5836375 0.1562953125 0.5950421875 0.137459375 0.594228125 0.125240625 0.582415625 0.11302187500000001 0.58125 0.0927734375 0.5821671875 0.07778281249999999 0.619659375 0.0823390625 0.6186640625 0.07025624999999999 0.58060625 0.06736875
0 0.7606140625 0 0.7368703125 0.02069375 0.7274515625 0.029321874999999997 0.7226109375 0.029089062500000002 0.706084375 0.03125 0.6285796875 0.0264625 0.60879375 0.0264625 0.5971203125 0.026710937499999997 0.5892062499999999 0.026710937499999997 0.5822812500000001 0.0274515625 0.582084375 0.033634375 0.599834375 0.03515625 0.706084375 0.044921875 0.7326515625 0.048396875 0.743584375 0.05078125 0.927734375 0.076915625 0.9439578125000001 0.0783984375 0.9441546875 0.07271093749999999 0.86343125 0.062325 0.9433640625 0.069990625 0.9443984375 0.05915 0.7389390625 0.03673125 0.7388656250000001 0.034953125 0.76875 0.002734375 0.7713687499999999 0 0.7606140625 0
0 0.10642812500000001 0 0.107078125 0.0051484375 0.25078125 0.010415625000000001 0.5613390625 0.0305921875 0.5694109375 0.030918750000000002 0.5704515625 0.026360937499999997 0.5670671875 0.0250609375 0.5488421875 0.0237578125 0.5418125 0.019853125 0.4416875 0.012042187499999999 0.5855046875000001 0.00955 0.5855046875000001 0.005634375 0.37734375 0.0045562499999999995 0.17145468749999998 0 0.10642812500000001 0
0 0 0.051523437500000005 0.2199515625 0.0676078125 0.269909375 0.07022500000000001 0.5691312500000001 0.0874 0.5691312500000001 0.0809125 0.4008953125 0.0675546875 0 0.041184375 0 0.051523437500000005
0 0.58015625 0.0884765625 0.58015625 0.0908203125 0.58496875 0.0907609375 0.9470765625 0.1168375 0.9469609374999999 0.108384375 0.58015625 0.08125 0.58015625 0.0884765625
0 0.5803078125 0.0607421875 0.5812453125 0.0607421875 0.5826515624999999 0.060546875 0.9445062500000001 0.0953578125 0.943653125 0.0855703125 0.6213953125 0.047009375 0.5821109375 0.0407265625 0.5798765625 0.0456125 0.6578859375 0.058878125 0.5796828125 0.051953125 0.5793703125 0.0578125 0.5795265625 0.0603515625 0.5803078125 0.0607421875
0 0.17807656249999998 0.0219296875 0.544171875 0.05519062500000001 0.548559375 0.05592343749999999 0.5514828125 0.054826562499999995 0.551775 0.0478828125 0.54768125 0.046784375 0.540078125 0.0464203125 0.0924015625 0.0047515625 0 0 0.0002921875 0.012428125 0.17807656249999998 0.0219296875
0 0.1877109375 0.09049531250000001 0.40944531250000005 0.106865625 0.5124390625 0.1125296875 0.5134296875000001 0.1068390625 0.5055156249999999 0.1061 0.1903125 0.0850765625 0.1890125 0.0853484375 0.1877109375 0.09049531250000001
0 0.6574546875 0.0244140625 0.7086578125 0.032001562500000004 0.7160484375 0.0273828125 0.68068125 0.022103125 0.593846875 0.006928125 0.5930546875 0.011546875 0.6574546875 0.0244140625
0 0.0002046875 0.027734375 0 0.0334625 0.0829671875 0.0359546875 0.2354921875 0.0398703125 0.3248984375 0.04165 0.3590734375 0.0402265625 0.37103437499999997 0.0391578125 0.3357 0.0359546875 0.0974046875 0.0297890625 0.0002046875 0.027734375
0 0.5920421874999999 0.114965625 0.5928046874999999 0.12024375000000001 0.6581375 0.12625625000000001 0.8517296875 0.14830000000000002 0.9467234375 0.158321875 0.9467234375 0.149303125 0.898225 0.1447953125 0.6950125 0.12325 0.5927875 0.1119390625 0.5920421874999999 0.114965625
0 0.8295125000000001 0.162259375 0.6397140625 0.14423125 0.5952140625 0.139834375 0.595209375 0.1447953125 0.873775 0.17185 0.9467234375 0.1763578125 0.9448890625 0.17149375 0.8295125000000001 0.162259375
0 0.6824390625000001 0.1427171875 0.5990656249999999 0.135021875 0.5969515624999999 0.14073906249999998 0.6922843750000001 0.1499734375 0.8915265625 0.1657015625 0.946925 0.16990624999999998 0.9455718750000001 0.1614046875 0.870290625 0.1556890625 0.703021875 0.139859375 0.6001218749999999 0.1268859375 0.5997703125 0.132603125 0.688925 0.1424546875 0.6824390625000001 0.1427171875
0 0 0.10277812500000001 0.0774921875 0.10618749999999999 0.1175109375 0.10800625 0.11748281249999999 0.101334375 0 0.0952734375 0 0.10277812500000001
0 0 0.12142187499999998 0.1007765625 0.12460625 0.1007765625 0.1182375 0.07803750000000001 0.11687499999999999 0 0.1143734375 0 0.12142187499999998
0 0 0.11323593750000001 0.110234375 0.11869375 0.1109625 0.1109625 0 0.10596093749999999 0 0.11323593750000001
0 0.6639062499999999 0 0.6521874999999999 0.016796875 0.65828125 0.018359375 0.67 0 0.6639062499999999 0
0 0.5377 0.2690171875 0.41475625000000005 0.2756578125 0.41319375 0.28118906250000003 0.537921875 0.275415625 0.5377 0.2690171875
0 1 0.08359375 0.9619624999999999 0.06628125 0.9609734375000001 0.0717234375 0.9987625 0.08928125 1 0.08359375
0 0.9997515625 0.0640546875 0.9613687499999999 0.061087499999999996 0.9609734375000001 0.06628125 1 0.06850625 0.9997515625 0.0640546875
0 0.567640625 0.11079687499999999 0.52470625 0.10906562500000001 0.5253 0.11302343749999999 0.5674421875 0.11475312499999998 0.567640625 0.11079687499999999
0 0.32428124999999997 0.1197015625 0.3569265625 0.11994843749999999 0.3559375 0.12390625 0.2633421875 0.1216796875 0.2639359375 0.127615625 0.45842656249999997 0.1357765625 0.4580296875 0.1303359375 0.40836875 0.1291 0.4596125 0.127615625 0.45901875 0.1216796875 0.3650390625 0.1162375 0.2672296875 0.11121406250000002 0.209725 0.10857187500000001 0.208734375 0.11351718749999999 0.32428124999999997 0.1197015625
0 0.2492484375 0.12020781250000001 0.2117203125 0.11922812499999999 0.2114078125 0.12509375 0.2490921875 0.12587500000000001 0.2492484375 0.12020781250000001
0 0 0.078303125 0.136990625 0.08643125 0.138290625 0.0812828125 0 0.0726125 0 0.078303125
0 0.177740625 0.0837234375 0.1489125 0.0829109375 0.1486953125 0.08724375 0.1775234375 0.08805625 0.177740625 0.0837234375