0 0.3990375 0.388853125 0.326821875 0.39145625 0.24557968749999998 0.393771875 0.161328125 0.3960859375 0.161328125 0.40216250000000003 0.30070625 0.398715625 0.39973125 0.39464062499999997 0.3990375 0.388853125
0 0.63194375 0.36800781250000003 0.561903125 0.3754265625 0.5622984375 0.3808671875 0.6325359374999999 0.3736953125 0.63194375 0.36800781250000003
0 0.3094421875 0.2807046875 0.1944890625 0.277984375 0.19409375 0.2834234375 0.3094421875 0.2868859375 0.3094421875 0.2807046875
0 0.3169609375 0.272790625 0.19765468749999998 0.2705640625 0.197259375 0.27575781250000003 0.3169609375 0.2782296875 0.3169609375 0.272790625
0 0.37493125 0.2683375 0.1970625 0.2636390625 0.1968640625 0.268834375 0.3751296875 0.2740265625 0.37493125 0.2683375
0 0.41418906250000004 0.268909375 0.386959375 0.269121875 0.386959375 0.27335 0.41418906250000004 0.27335 0.41418906250000004 0.268909375
0 0.30670000000000003 0.2410625 0.1924921875 0.238828125 0.1923140625 0.2441890625 0.3735453125 0.2479890625 0.41679843749999995 0.2479890625 0.41661875000000004 0.2424015625 0.30670000000000003 0.2410625
0 0.192134375 0.25982812499999997 0.29365312499999996 0.2613921875 0.406253125 0.2627328125 0.40607499999999996 0.2569234375 0.1923140625 0.25401875 0.192134375 0.25982812499999997
0 0.407325 0.249775 0.1914203125 0.24664687500000002 0.191240625 0.2524546875 0.407325 0.25558437500000003 0.407325 0.249775
0 0.2757796875 0.20464687499999998 0.17890937499999998 0.1995078125 0.178371875 0.20576406249999998 0.27292031250000004 0.21045468750000002 0.4025 0.21425156250000002 0.402321875 0.2077734375 0.2757796875 0.20464687499999998
0 0.2690984375 0.19201875 0.363534375 0.1978671875 0.40058906250000004 0.198990625 0.40058906250000004 0.1926953125 0.364434375 0.19224375 0.28330781250000003 0.1866234375 0.238159375 0.18325156250000002 0.16332968750000001 0.1771796875 0.16315 0.1828015625 0.2690984375 0.19201875
0 0.388575 0.18025156250000002 0.4043671875 0.180328125 0.40418750000000003 0.17515624999999999 0.35319218750000003 0.1739625 0.278271875 0.1715578125 0.1629703125 0.1652640625 0.1629703125 0.170659375 0.2899640625 0.1774046875 0.388575 0.18025156250000002
0 0.2448140625 0.1546953125 0.3095703125 0.15919375 0.40634531249999994 0.1643625 0.40580625000000003 0.15829375 0.35109375 0.155078125 0.29109375000000004 0.1513671875 0.2435546875 0.147725 0.147859375 0.1389578125 0.147859375 0.144803125 0.2448140625 0.1546953125
0 0.21449375 0.14133281250000002 0.3075890625 0.1470328125 0.40458125 0.15037499999999998 0.4047390625 0.14428125 0.32972812500000004 0.141725 0.27765625 0.1392578125 0.22216718750000003 0.13582812500000002 0.1473140625 0.13012656250000001 0.14734687500000002 0.136025 0.21449375 0.14133281250000002
0 0.3434421875 0.12895 0.41607656249999997 0.1328796875 0.41576250000000003 0.127375 0.3490859375 0.12364062499999999 0.24058125000000002 0.11420468749999999 0.16294999999999998 0.10634375 0.162478125 0.11165 0.23619531249999998 0.11990624999999999 0.3434421875 0.12895
0 0.6599781250000001 0.1370890625 0.6599781250000001 0.137753125 0.6527375 0.1386375 0.6006375 0.14040312500000002 0.5299953125 0.14349218749999998 0.5291125 0.1492328125 0.581740625 0.1472453125 0.65079375 0.1441546875 0.6961828125 0.139078125 0.7205546875 0.13797500000000001 0.7202 0.13024843749999998 0.6760484375 0.13024843749999998 0.53123125 0.1306890625 0.530525 0.13642812499999998 0.6416109375 0.1373109375 0.6599781250000001 0.1370890625
0 0.525403125 0.1633609375 0.511628125 0.16314062499999998 0.511275 0.16623125 0.525403125 0.16645156249999998 0.525403125 0.1633609375
0 0.537059375 0.16733437499999998 0.6308374999999999 0.16733437499999998 0.5427109375 0.1719703125 0.5428875 0.17793125 0.5870390624999999 0.17638437499999998 0.717375 0.166671875 0.717375 0.16027031249999998 0.537059375 0.1626984375 0.537059375 0.16733437499999998
0 0.5495984375 0.20331875 0.5971062500000001 0.203096875 0.5495984375 0.205525 0.54906875 0.21170781249999998 0.63013125 0.2066296875 0.705365625 0.200890625 0.7057187500000001 0.1953703125 0.549775 0.19779843749999998 0.5495984375 0.20331875
0 0.6822296875 0.2373140625 0.55525 0.2419515625 0.55525 0.2472484375 0.6822296875 0.242834375 0.6822296875 0.2373140625
0 0.646909375 0.2768296875 0.5790921875 0.27948125 0.5789156249999999 0.28433593749999997 0.6470859375 0.2816875 0.646909375 0.2768296875
0 0.6578593749999999 0.2688828125 0.5700859375 0.27086875 0.5702625 0.275946875 0.6575046875 0.27374062499999996 0.6578593749999999 0.2688828125
0 0.664746875 0.2631421875 0.53935625 0.266896875 0.5391796875 0.2715328125 0.664746875 0.2682203125 0.664746875 0.2631421875
0 0.67551875 0.252546875 0.5495984375 0.2574046875 0.549421875 0.262259375 0.6756953125 0.257625 0.67551875 0.252546875
0 0.6797578125 0.24614375000000002 0.55525 0.24989843750000001 0.5547203125 0.2567421875 0.6794046875 0.251884375 0.6797578125 0.24614375000000002