1 0.269215625 0.23767187500000003 0.2808890625 0.23767187500000003 0.28207499999999996 0.25325156249999997 0.2648625 0.2542421875 0.2648625 0.262896875 0.28640625000000003 0.2619140625 0.28625 0.3896484375 0.29859375 0.3896484375 0.2940625 0.259765625 0.3139296875 0.2574578125 0.31437499999999996 0.2509765625 0.29295781249999997 0.2507796875 0.29281250000000003 0.23692968749999999 0.31046874999999996 0.234375 0.31046874999999996 0.228515625 0.2848453125 0.2287671875 0.269215625 0.230003125 0.269215625 0.23767187500000003
1 0.35109375 0.3134765625 0.36375 0.3125 0.36359375 0.30625 0.3315625 0.3068359375 0.33140625 0.3134765625 0.34625 0.3138671875 0.34671875 0.389453125 0.347790625 0.43507656250000004 0.35453125 0.434375 0.35109375 0.3134765625
1 0.39296875 0.329740625 0.39296875 0.32388125 0.36101875 0.32300625 0.36140625000000004 0.3294921875 0.37370312499999997 0.3305265625 0.37448281250000004 0.3594546875 0.3796875 0.3600140625 0.38125 0.3307171875 0.39296875 0.329740625
0 0.1623796875 0.0035609375 0.159846875 0.009890625 0.193240625 0.0684484375 0.1957734375 0.06073437499999999 0.1623796875 0.0035609375
0 0.25701874999999996 0.3281703125 0.24788749999999998 0.32698125 0.23476093750000002 0.322225 0.2244875 0.3177078125 0.2237265625 0.325790625 0.24617499999999998 0.33363906249999997 0.2516921875 0.334828125 0.275853125 0.3345890625 0.2813703125 0.334115625 0.2865625 0.333203125 0.28650625 0.3267421875 0.2787875 0.3280375 0.25701874999999996 0.3281703125
0 0 0.13671093750000002 0.030379687500000002 0.1716484375 0.09891875 0.23818125 0.140478125 0.275853125 0.1823984375 0.3051703125 0.20473750000000002 0.3170421875 0.21290468749999997 0.320209375 0.21203124999999998 0.31171875 0.1810671875 0.2931703125 0.1415328125 0.2653734375 0.10207812499999999 0.22846093750000002 0.0563171875 0.18779375 0.042214062499999996 0.1732515625 0.0250328125 0.15524374999999999 0.015 0.1431640625 0 0.1259765625 0 0.13671093750000002
0 0.166415625 0.068028125 0.190640625 0.1055671875 0.19113750000000002 0.09996406249999999 0.191303125 0.0962328125 0.17205781250000002 0.064915625 0.166415625 0.068028125
0 0.16234375 0.098828125 0.159375 0.105859375 0.177825 0.13037812499999998 0.18933125 0.143003125 0.19078124999999999 0.13515625 0.18078125 0.1236328125 0.16234375 0.098828125
0 0.09765625 0.019921875 0.14328125 0.084765625 0.1446875 0.0767578125 0.11828125 0.0400390625 0.10078125 0.014453125 0.09765625 0.019921875
0 0.05109375000000001 0 0.08328125 0.0423828125 0.11515625 0.082421875 0.15078125 0.1259765625 0.18515625 0.164453125 0.18875 0.158665625 0.14781249999999999 0.11175625 0.08687500000000001 0.0365609375 0.058750000000000004 0 0.05109375000000001 0
0 0.24953124999999998 0.2080078125 0.2636953125 0.22031562500000001 0.26935312499999997 0.218815625 0.249978125 0.201671875 0.24953124999999998 0.2080078125
0 0.290625 0.2185546875 0.2815625 0.209375 0.25296875 0.1787109375 0.24312499999999998 0.164453125 0.24140625 0.17265625 0.2503125 0.1849609375 0.27078125000000003 0.2076171875 0.288125 0.2236328125 0.290625 0.2185546875
0 0.25328125 0.153125 0.2421875 0.13671875 0.2403125 0.1453125 0.2578125 0.17109375 0.27921874999999996 0.198046875 0.30359375 0.2228515625 0.30921875 0.219921875 0.30265624999999996 0.21328125 0.2971875 0.2078125 0.28125 0.189453125 0.25328125 0.153125