1 0.2769625 0.1823609375 0.2617359375 0.1831328125 0.25906093750000003 0.182875 0.25782656249999997 0.1743890625 0.2502125 0.1751609375 0.25 0.15502968749999999 0.27405 0.14904375 0.27425781250000003 0.135515625 0.26780781249999996 0.13525625 0.2663515625 0.1412375 0.2596921875 0.14201875 0.251784375 0.1422796875 0.24803906250000002 0.13941874999999998 0.24075625 0.13941874999999998 0.2395078125 0.14306093749999998 0.22785468749999999 0.144621875 0.2232765625 0.144621875 0.22140468750000003 0.13967812500000001 0.2154390625 0.1404359375 0.2154390625 0.1530390625 0.238690625 0.1530390625 0.23827812499999998 0.18364687500000001 0.22613906250000002 0.184934375 0.2228453125 0.178246875 0.21667343749999998 0.1777328125 0.216796875 0.18188437500000001 0.21667343749999998 0.19290625 0.2391015625 0.19419375 0.23828125 0.21850624999999999 0.232928125 0.2183703125 0.230253125 0.22634375 0.21564375 0.22634375 0.21523281249999998 0.23534531250000001 0.2373046875 0.234375 0.240234375 0.24292031249999999 0.241325 0.3961078125 0.24161875 0.4224671875 0.2501125 0.4228328125 0.2498015625 0.2340609375 0.27449375 0.23148906249999998 0.27490468749999997 0.21734218749999998 0.26873281250000003 0.217084375 0.2658515625 0.223771875 0.254121875 0.22351562500000002 0.25 0.22094687500000001 0.2500078125 0.19265000000000002 0.27613906250000003 0.1905921875 0.2769625 0.1823609375
1 0.25895625 0.2593515625 0.25906250000000003 0.2677734375 0.25953125 0.3025390625 0.279296875 0.3039546875 0.28125 0.4479984375 0.287109375 0.4675296875 0.2843984375 0.3034796875 0.28538437499999997 0.3012625 0.288934375 0.30076718750000003 0.2918921875 0.30027499999999996 0.293865625 0.30495937500000003 0.2984015625 0.3047125 0.30281250000000004 0.2982421875 0.30265624999999996 0.2775390625 0.3025 0.259765625 0.25895625 0.2593515625
1 0.604425 0.1281640625 0.5989375 0.47066406250000004 0.6114515625 0.4731328125 0.6127687500000001 0.1278890625 0.604425 0.1281640625
1 0.5068359375 0.3564453125 0.5051875 0.469290625 0.511115625 0.46819375 0.5115546875 0.35786875 0.5068359375 0.3564453125
1 0.504309375 0.40150625 0.502553125 0.3449703125 0.49706406249999996 0.3449703125 0.49947968749999994 0.4020546875 0.504309375 0.40150625
0 0.7192515625 0.22449218750000002 0.75855 0.232725 0.7587703125 0.2272359375 0.7161765625000001 0.21763125 0.661728125 0.1992421875 0.632528125 0.1907359375 0.6314296875000001 0.1964984375 0.67270625 0.209396875 0.7192515625 0.22449218750000002
0 0.7502078125 0.2387625 0.6950999999999999 0.2351953125 0.69488125 0.2412328125 0.7502078125 0.246171875 0.7502078125 0.2387625
0 0.9463140624999999 0.25561875 0.9462109375000001 0.24969999999999998 0.8843156249999999 0.2478265625 0.8106406249999999 0.2379203125 0.8104250000000001 0.2438109375 0.8344546875000001 0.24738125000000002 0.8862421875000001 0.2531796875 0.9463140624999999 0.25561875
0 0.5573578125 0.3123546875 0.56721875 0.296084375 0.5948296875 0.25096875 0.58851875 0.2492421875 0.553609375 0.3079171875 0.5573578125 0.3123546875
0 0.4903015625 0.3414453125 0.489709375 0.33676249999999996 0.4394171875 0.3419375 0.351059375 0.34637656250000004 0.35086249999999997 0.35081406249999997 0.43310624999999997 0.34785468750000004 0.4699859375 0.343909375 0.4903015625 0.3414453125
0 0.32404062499999997 0.3461296875 0.2863703125 0.3458828125 0.2863703125 0.350075 0.32404062499999997 0.3505671875 0.32404062499999997 0.3461296875
0 0.42944375 0.28811875 0.49253749999999996 0.2719359375 0.49144375 0.265553125 0.422878125 0.2826484375 0.3537671875 0.296325 0.2866609375 0.3095453125 0.2872078125 0.31615625 0.332978125 0.30795 0.42944375 0.28811875
0 0.3738171875 0.25456093750000003 0.46156874999999997 0.22949531250000002 0.5552718750000001 0.201903125 0.6027359375 0.18879531249999998 0.6007109374999999 0.1830453125 0.506521875 0.210640625 0.39104843749999996 0.24329375 0.3028 0.2656 0.30299062499999996 0.271578125 0.3738171875 0.25456093750000003
0 0.40209062500000003 0.3379609375 0.3272453125 0.3089046875 0.32411249999999997 0.31385 0.3992875 0.3431140625 0.40209062500000003 0.3379609375
0 0.299878125 0.259240625 0.274490625 0.148990625 0.2705328125 0.149609375 0.276303125 0.1817578125 0.293778125 0.2600640625 0.299878125 0.259240625
0 0.2893265625 0.2571796875 0.277128125 0.229978125 0.27218125 0.23286250000000003 0.283228125 0.25903437500000004 0.2893265625 0.2571796875
0 0.27185156250000003 0.21678906250000002 0.2624546875 0.19309218749999998 0.257675 0.1935046875 0.26426875 0.21081249999999999 0.252728125 0.19721249999999999 0.25025624999999996 0.20153906250000003 0.2594875 0.21328437500000003 0.2672359375 0.22029375 0.27185156250000003 0.21678906250000002
0 0.238715625 0.265009375 0.21975625000000001 0.2617125 0.218603125 0.2666578125 0.23822031250000003 0.26975 0.238715625 0.265009375
0 0.2611359375 0.2573859375 0.2537171875 0.2437859375 0.25025624999999996 0.2477015625 0.25750937500000004 0.26068437499999997 0.2611359375 0.2573859375
0 0.2355828125 0.21720156249999997 0.226515625 0.19370937500000002 0.2219 0.19577031250000002 0.2311328125 0.2215296875 0.2355828125 0.21720156249999997
0 0.071878125 0.21081249999999999 0.117709375 0.24069375 0.12100625000000001 0.23471718749999998 0.0004953125 0.15579062500000002 0 0.1632109375 0.071878125 0.21081249999999999
0 0.11309374999999999 0.20813437499999998 0.1459 0.22977187500000001 0.149196875 0.22400156249999997 0.1078171875 0.1945328125 0.048303125 0.1477546875 0.0004953125 0.1067453125 0 0.11437187499999998 0.038906249999999996 0.148784375 0.11309374999999999 0.20813437499999998
0 0.199990625 0.20898124999999998 0.2197734375 0.219490625 0.23115000000000002 0.2236109375 0.23115000000000002 0.21804843749999997 0.21546875000000001 0.211328125 0.19405624999999999 0.19744062499999998 0.1508625 0.161584375 0.14906250000000001 0.15703125 0.16668906249999998 0.1690015625 0.18482343750000002 0.17683437500000002 0.197353125 0.18033593750000002 0.21046874999999998 0.1830078125 0.2146875 0.18359375 0.21614687500000002 0.18383906249999998 0.21625 0.177734375 0.1996609375 0.17477343750000002 0.17905312499999998 0.1669421875 0.14707187500000002 0.14921875 0.13109375 0.1376953125 0.10486718749999999 0.1115078125 0.05715625 0.053212499999999996 0.0159375 0 0.01 0.0009765625 0.0381984375 0.0387890625 0.0695203125 0.07835625 0.0924359375 0.10596874999999999 0.0771046875 0.094428125 0.044687500000000005 0.0634765625 0.0003125 0.018359375 0 0.026171875 0.019618749999999997 0.046984375 0.04375 0.07109375 0.06429531250000001 0.090259375 0.0931453125 0.11601874999999999 0.10485 0.126734375 0.1185328125 0.13724375 0.12991250000000001 0.1480265625 0.15265625 0.1716796875 0.1830109375 0.19744062499999998 0.199990625 0.20898124999999998
0 0.23765624999999999 0.179296875 0.22296875 0.15234375 0.21734375 0.15390625 0.23265625 0.1826171875 0.23765624999999999 0.179296875
0 0.08484375 0 0.09578125 0.015926562499999998 0.13765624999999998 0.06875 0.17296875 0.1068359375 0.195625 0.1265625 0.2134375 0.151334375 0.21578124999999998 0.1402015625 0.20390625 0.1265296875 0.20140625 0.1226234375 0.18875 0.10401093749999998 0.15921875000000002 0.059090624999999994 0.12203125 0 0.11484375 0 0.1365625 0.035065625 0.15421875000000002 0.0640625 0.16890624999999998 0.0884765625 0.18062499999999998 0.10546875 0.17421875 0.0987390625 0.14546874999999998 0.066903125 0.11890624999999999 0.0340890625 0.093125 0 0.08484375 0
0 0.14656249999999998 0 0.18015625 0.0634765625 0.21000000000000002 0.118359375 0.226875 0.144140625 0.23234375 0.142628125 0.216875 0.11645625 0.195 0.07734375 0.176875 0.0428234375 0.17828125 0.041846875 0.18937500000000002 0.059815625 0.2284375 0.105909375 0.24640625 0.12270624999999999 0.2503125 0.11782343749999999 0.22796875 0.0951671875 0.20921875 0.07355 0.18328125 0.04054375 0.15484375 0 0.14656249999999998 0
0 0 0.300940625 0.040503125 0.3185515625 0.07635625 0.3322890625 0.1194953125 0.3465375 0.14750000000000002 0.353515625 0.176875 0.35703125 0.194778125 0.3574765625 0.194071875 0.3506265625 0.1584890625 0.34842343750000004 0.11043906249999999 0.3361609375 0.07859374999999999 0.325390625 0.03899375 0.31006093749999997 0 0.29307812499999997 0 0.300940625