1 0.54984375 0.06953125 0.59453125 0.06640625 0.603125 0.0810546875 0.612584375 0.5094953125 0.6257921875 0.5108171875 0.6234375 0.3662109375 0.6125 0.0791015625 0.61796875 0.064453125 0.66171875 0.060546875 0.66140625 0.040234375 0.65859375 0.041015625 0.65171875 0.040625 0.64609375 0.05078125 0.5504687500000001 0.0474609375 0.54984375 0.06953125
1 0.5501734375 0.24050937499999997 0.5593359375 0.2396921875 0.570025 0.2396921875 0.5706796875 0.2331484375 0.5458109375 0.23096718749999998 0.5466828125000001 0.2167875 0.572425 0.21487656249999998 0.571553125 0.198515625 0.54296875 0.19921875 0.5061078125 0.198515625 0.5076343750000001 0.21815 0.537646875 0.216640625 0.5390984375000001 0.2318828125 0.507853125 0.23123906249999998 0.510253125 0.248690625 0.513525 0.2500546875 0.5161421875000001 0.249509375 0.5187609375 0.2476 0.5194140625 0.2792328125 0.5390484375 0.2792328125 0.5390484375 0.28359531250000003 0.535121875 0.284140625 0.525740625 0.284959375 0.5080703125 0.284140625 0.5082890625 0.2994109375 0.5244328125 0.2991390625 0.5390625 0.2978515625 0.540625 0.4033203125 0.5515625 0.4189453125 0.55 0.3095703125 0.5578125 0.2958984375 0.576134375 0.292865625 0.575915625 0.286321875 0.553125 0.2802734375 0.566971875 0.278959375 0.56784375 0.2647796875 0.553125 0.2666015625 0.550828125 0.24787343750000002 0.5501734375 0.24050937499999997
1 0.4984375 0.2861328125 0.5142078125 0.2827578125 0.5145328124999999 0.2701546875 0.47404062500000005 0.2705609375 0.47517812499999995 0.280115625 0.48515625 0.283203125 0.490625 0.2978515625 0.4894890625 0.3652875 0.4953125 0.3662109375 0.4984375 0.2861328125
0 0.8335593749999999 0 0.6956734375 0.148090625 0.6172703125 0.22200000000000003 0.6203015625 0.22714531249999997 0.6815953125 0.178953125 0.77734375 0.08984375 0.80390625 0.08203125 0.8125 0.0712890625 0.8102484375 0.0666 0.800284375 0.0641640625 0.8613625 0 0.851615625 0 0.7864234375 0.0674125 0.7407234375 0.11587343750000001 0.6627531249999999 0.18897031250000002 0.8435625 0 0.8335593749999999 0
0 0.57578125 0 0.57359375 0.005078125 0.5728125000000001 0.0072265625 0.5548437500000001 0.046875 0.5599999999999999 0.0484375 0.58203125 0 0.57578125 0
0 0.5265625 0.3193359375 0.4971328125 0.3187359375 0.4971328125 0.32381875 0.5273796875000001 0.324021875 0.5265625 0.3193359375
0 0.383946875 0.3195546875 0.3259328125 0.3156421875 0.32545156249999996 0.3210578125 0.37913125000000003 0.3246703125 0.44821875 0.3261734375 0.44725468749999997 0.3207578125 0.383946875 0.3195546875
0 0.6775359375 0 0.654571875 0.0391640625 0.6595046875 0.0419625 0.684121875 0.0013359374999999999 0.6775359375 0
0 0.611490625 0 0.586034375 0.0449484375 0.591553125 0.04761875 0.6173656249999999 0.0006671875 0.611490625 0
0 0.64921875 0.0626953125 0.64234375 0.06171875 0.61390625 0.1208984375 0.615625 0.127734375 0.6178125 0.1263671875 0.6246875000000001 0.113671875 0.6365624999999999 0.0892578125 0.64921875 0.0626953125
0 0.5756125 0.0970703125 0.58420625 0.0689453125 0.5785296875 0.068821875 0.56795625 0.102734375 0.5573312500000001 0.1345703125 0.54764375 0.1572265625 0.5531125 0.1583984375 0.55858125 0.1462890625 0.5756125 0.0970703125
0 0.53359375 0.1435546875 0.54734375 0.097265625 0.555625 0.070703125 0.54984375 0.069921875 0.5404687499999999 0.101171875 0.52046875 0.171484375 0.51375 0.1990234375 0.51765625 0.2005859375 0.5246875 0.17421875 0.53359375 0.1435546875
0 0.5828125 0.2650390625 0.569375 0.283984375 0.57421875 0.286328125 0.58703125 0.2662109375 0.5828125 0.2650390625
0 0.57625 0.2619140625 0.56078125 0.2859375 0.56484375 0.2873046875 0.5821875000000001 0.262890625 0.57625 0.2619140625