1 0.3166953125 0 0.3164609375 0.012582812500000002 0.303415625 0.3777671875 0.302734375 0.4309078125 0.3018125 0.44239843749999996 0.3125 0.443115625 0.32421875 0.14526406249999999 0.3662109375 0.1220703125 0.4013671875 0.1220703125 0.40625 0.11596718749999999 0.40570781250000004 0.1104125 0.3994140625 0.107421875 0.3681640625 0.1098640625 0.32421875 0.13305625000000001 0.328125 0.01586875 0.3286328125 0 0.3166953125 0
1 0.4803671875 0.21414687500000001 0.4254296875 0.2121953125 0.427253125 0.22618906249999998 0.447821875 0.2284671875 0.44921875 0.23559531250000001 0.44592656249999996 0.2573015625 0.4259515625 0.2577578125 0.42621093749999994 0.2658953125 0.4459984375 0.2665453125 0.44140625 0.423584375 0.44140625 0.4699703125 0.447265625 0.4724125 0.453125 0.4284671875 0.455078125 0.267334375 0.47594062499999995 0.2652421875 0.4764609375 0.259384375 0.4670875 0.258734375 0.4580078125 0.2587890625 0.455078125 0.24292031249999999 0.4580078125 0.2294921875 0.4790640625 0.2278171875 0.4803671875 0.21414687500000001
1 0.4990234375 0.3076171875 0.4853515625 0.3076171875 0.484375 0.3112796875 0.4892578125 0.3173828125 0.4951171875 0.3173828125 0.49609375 0.318603125 0.49609375 0.325928125 0.494140625 0.32836875 0.494140625 0.3430171875 0.4970703125 0.3466796875 0.501953125 0.345459375 0.50390625 0.3430171875 0.50390625 0.325928125 0.505859375 0.3234859375 0.505859375 0.3210453125 0.5087890625 0.31982499999999997 0.51171875 0.3161625 0.51171875 0.3088375 0.5068359375 0.30517656249999997 0.5009765625 0.30517656249999997 0.4990234375 0.3076171875
0 0.3166953125 0.0090703125 0.3047578125 0 0.297034375 0.0008765625000000001 0.31622812499999997 0.0169703125 0.3166953125 0.0090703125
0 0.3384640625 0 0.32699531249999997 0.0093625 0.3274625 0.014921875000000001 0.3457203125 0.00029375 0.3384640625 0
0 0.279946875 0 0.3127171875 0.0591015625 0.3150578125 0.050910937499999996 0.287671875 0 0.279946875 0
0 0.24553906250000002 0.027503125 0.21159843750000001 0 0.2017671875 0.00029375 0.2139390625 0.010826562500000001 0.2925859375 0.07285312499999999 0.3127171875 0.087775 0.3138875 0.0804609375 0.24553906250000002 0.027503125
0 0.11211875 0.0438890625 0.08566875 0.0184328125 0.08145625 0.023115625 0.107671875 0.0476921875 0.11211875 0.0438890625
0 0.17508437500000001 0.1205453125 0.1514421875 0.09772499999999999 0.14676093750000002 0.10240625 0.17016875 0.1246421875 0.17508437500000001 0.1205453125
0 0.15823125 0.0883609375 0.1542515625 0.0921640625 0.1926390625 0.12815156249999998 0.231728125 0.1647265625 0.236878125 0.1618 0.209959375 0.136053125 0.15823125 0.0883609375
0 0.27269062499999996 0.198665625 0.3078015625 0.2247078125 0.3094390625 0.220025 0.287671875 0.20305468750000003 0.27503125 0.1936921875 0.27269062499999996 0.198665625
0 0.3616375 0.2770796875 0.33120781250000003 0.2504546875 0.32699531249999997 0.25396406250000003 0.35812656249999997 0.28146875 0.3616375 0.2770796875
0 0.37451093750000003 0.2770796875 0.3351875 0.24196875 0.3316765625 0.24635781250000002 0.37053125 0.2817609375 0.37451093750000003 0.2770796875
0 0.587396875 0.2761265625 0.587396875 0.27164375 0.5576328125 0.268059375 0.5893703125 0.2689546875 0.589190625 0.26335156249999997 0.47640937499999997 0.2573015625 0.47768437500000005 0.263028125 0.533965625 0.2689546875 0.587396875 0.2761265625
0 0.60963125 0.278815625 0.6279203125 0.27836875 0.6279203125 0.2734375 0.610528125 0.2734375 0.609271875 0.27366250000000003 0.60963125 0.278815625
0 0.6074796874999999 0.2709734375 0.63204375 0.27164375 0.6315062499999999 0.266490625 0.605328125 0.2658171875 0.6052015625 0.2708125 0.6074796874999999 0.2709734375
0 0.481878125 0.148775 0.40370937500000004 0.1194609375 0.39891875 0.12387343749999999 0.4717921875 0.15255625 0.533571875 0.173990625 0.574421875 0.187859375 0.620315625 0.20298750000000002 0.6573828125000001 0.2146515625 0.6604078125 0.20771718749999998 0.568875 0.17935 0.481878125 0.148775
0 0.9790609375000001 0.26125 0.8931281249999999 0.252621875 0.8343328124999999 0.24369375 0.83361875 0.2466703125 0.832840625 0.249509375 0.8872562500000001 0.257746875 0.9783468750000001 0.2674984375 0.9790609375000001 0.26125
0 0.37467656250000003 0 0.3887203125 0.0392765625 0.41014375000000003 0.0958109375 0.42275937499999994 0.1273515625 0.4301390625 0.12854062500000002 0.40966718750000003 0.07528125 0.38038906250000004 0 0.37467656250000003 0
0 0.396575 0.105928125 0.350871875 0 0.3434921875 0.0017859375 0.356584375 0.0312421875 0.389196875 0.1065234375 0.396575 0.105928125
0 0.368725 0.11128281250000001 0.375628125 0.10830781249999999 0.34158750000000004 0.0931328125 0.32730625 0.0883734375 0.324925 0.094025 0.36562968749999997 0.11187968749999999 0.368725 0.11128281250000001
0 0.3538265625 0.1282625 0.3918625 0.18299375 0.41043906249999995 0.20234375 0.42459218749999994 0.21478281250000003 0.427025 0.209809375 0.404246875 0.18741875 0.38080625 0.15618125 0.3595765625 0.12605 0.3538265625 0.1282625
0 0.42793593750000003 0.18029062499999998 0.4436109375 0.202621875 0.45276875 0.21111875000000002 0.45578124999999997 0.2134765625 0.459375 0.211328125 0.454225 0.205109375 0.45004687499999996 0.20048906249999998 0.4347390625 0.1781640625 0.41795781249999997 0.149825 0.40667968749999994 0.12632812499999999 0.4004875 0.12605 0.40977499999999994 0.1476109375 0.42793593750000003 0.18029062499999998
0 0.42845468750000004 0.1363625 0.43875624999999996 0.1641890625 0.45292187500000003 0.18879531249999998 0.46616718749999997 0.2115609375 0.4700296875 0.208340625 0.45512968750000005 0.1807453125 0.4437234375 0.160509375 0.4346875 0.1380859375 0.42845468750000004 0.1363625
0 0.44539375000000003 0.2870125 0.4386453125 0.2664375 0.4342015625 0.2674671875 0.4419375 0.2896875 0.44539375000000003 0.2870125
0 0.42485156249999995 0.25196718749999997 0.34746875 0.24418125000000002 0.346903125 0.2503140625 0.42498125 0.25701406250000003 0.42485156249999995 0.25196718749999997