1 0.17814375 0.01594375 0.177515625 0.0031359375000000003 0.1689234375 0.002765625 0.1669921875 0.017090625 0.1187625 0.0182953125 0.11918124999999999 0.0339765625 0.1681078125 0.035282812499999996 0.169921875 0.4113765625 0.17141875 0.46721874999999996 0.18359375 0.4602046875 0.1796875 0.0378421875 0.1904296875 0.029296875 0.22644375 0.026396874999999997 0.22560625 0.0125453125 0.20532499999999998 0.013589062499999999 0.2023984375 0.007318750000000001 0.19591562499999998 0.00705625 0.194453125 0.013851562500000001 0.17814375 0.01594375
1 0.27604843749999997 0.5089625 0.28347968749999997 0.5073046875 0.2864328125 0.21755 0.30665624999999996 0.21467968750000002 0.3067515625 0.206384375 0.2802734375 0.20263749999999997 0.258834375 0.20642187500000003 0.2579453125 0.2167140625 0.2763671875 0.21728593749999997 0.27797499999999997 0.23201718750000003 0.27734375 0.45288125 0.27604843749999997 0.5089625
0 0 0.034046875 0.121665625 0.035095312499999996 0.12095625000000002 0.0285546875 0 0.025634374999999997 0 0.034046875
0 1 0.05308125 0.7933874999999999 0.0450296875 0.7102125 0.0402703125 0.5259968749999999 0.0344125 0.492315625 0.033314062500000005 0.1922671875 0.028528124999999998 0.19193906249999998 0.0353015625 0.242496875 0.0373421875 0.30253593749999996 0.038071875 0.5248453125 0.0442125 0.738328125 0.050887499999999995 1 0.059671875 1 0.05308125
0 1 0.0054203125 0.9715203125 0.0043359374999999995 0.723684375 0 0.72265625 0.0012203125 0.7544359375 0.0043921875 0.7720078125 0.006221875 0.7895796875000001 0.007321875 0.8856421875 0.0120796875 1 0.0183109375 1 0.0054203125
1 0.32015625000000003 0.2880859375 0.3189890625 0.3545375 0.32421875 0.355225 0.3259375 0.2869140625 0.32015625000000003 0.2880859375
0 0.45296875 0.340625 0.457034375 0.33637656250000003 0.44015624999999997 0.323046875 0.393153125 0.287134375 0.34609375 0.2474609375 0.33601562500000004 0.2372671875 0.3309375 0.232421875 0.323125 0.2306640625 0.34336406249999996 0.2549328125 0.40105 0.302159375 0.43765625 0.329296875 0.45296875 0.340625
0 0.22134843750000002 0.0370828125 0.225340625 0.052770312500000006 0.253865625 0.1504640625 0.269575 0.2059390625 0.27383281249999997 0.204659375 0.275471875 0.202846875 0.2441671875 0.0912765625 0.22765624999999998 0.0357421875 0.22134843750000002 0.0370828125
0 0.30979999999999996 0.3778265625 0.31451093750000003 0.373115625 0.305821875 0.3597296875 0.2861875 0.331734375 0.2841765625 0.340690625 0.306784375 0.37403437500000003 0.30979999999999996 0.3778265625
0 0 0.07310625 0.0331671875 0.109803125 0.0672015625 0.1455078125 0.14199375 0.22002031249999998 0.1689859375 0.24356874999999997 0.1687046875 0.2351328125 0.1434 0.211584375 0.0421765625 0.11141562499999999 0 0.06526562500000001 0 0.07310625
0 0 0.0497203125 0.044003125 0.10138906249999999 0.06579531250000001 0.125475 0.091553125 0.15499687499999998 0.14199375 0.207015625 0.1689859375 0.23232031250000001 0.1706734375 0.22599375 0.15464687500000002 0.2105296875 0.09866406250000001 0.151384375 0.0385203125 0.082946875 0 0.038609375 0 0.0497203125
0 0 0.0841546875 0.067975 0.16079062500000002 0.12082656249999998 0.2118140625 0.1332765625 0.2224796875 0.167825 0.252265625 0.1689859375 0.2498953125 0.1698296875 0.2474328125 0.1428375 0.2228328125 0.09363125 0.1774921875 0.061109375 0.143884375 0.0348875 0.11527499999999999 0 0.07485312499999999 0 0.07846562500000001 0 0.0841546875
0 0.16321875 0.014320312499999998 0.148275 0 0.1401390625 0.00020781250000000002 0.158403125 0.016396874999999998 0.16321875 0.014320312499999998
0 0.181709375 0.2353046875 0.1819234375 0.2508 0.19035156250000002 0.2555609375 0.2167125 0.28526875 0.252578125 0.3198390625 0.2674875 0.3301015625 0.27764687499999996 0.3300234375 0.276990625 0.3246875 0.26878281249999997 0.32497031249999997 0.23167343749999997 0.29185 0.2019546875 0.26106250000000003 0.181709375 0.2353046875
0 0.26436875 0.20553125 0.21525 0.1339390625 0.184528125 0.08463125 0.1816828125 0.093875 0.198125 0.1201171875 0.21156250000000001 0.1400390625 0.2361125 0.17708437500000002 0.25886875 0.207428125 0.26436875 0.20553125
0 0.4812265625 0.307884375 0.536584375 0.3312015625 0.53796875 0.325390625 0.4908984375 0.30598281250000003 0.42796874999999995 0.27734375 0.3720296875 0.249884375 0.312140625 0.21612031250000002 0.309734375 0.22163593750000002 0.35281250000000003 0.2470703125 0.4278734375 0.2843171875 0.4812265625 0.307884375