1 0.093903125 0 0.09375 0.0109859375 0.095703125 0.0354 0.10234375 0.055859375 0.1125 0.0560546875 0.11484375 0.0390625 0.130859375 0.0402828125 0.13046875 0.07293125 0.13999999999999999 0.0739078125 0.140625 0.0988765625 0.099415625 0.1030984375 0.099609375 0.11352500000000001 0.10328124999999999 0.12564999999999998 0.10765625000000001 0.1263671875 0.118125 0.119921875 0.1298828125 0.1196296875 0.140625 0.12573281249999999 0.146484375 0.2551265625 0.1596875 0.2591796875 0.1584375 0.2240234375 0.16953125 0.210546875 0.1865234375 0.1977546875 0.21224531249999998 0.2015484375 0.2206828125 0.20037500000000003 0.22328125000000001 0.1974609375 0.22359374999999998 0.1923828125 0.22265625 0.187890625 0.2158203125 0.185546875 0.1923828125 0.1879890625 0.178521875 0.19258906250000002 0.158203125 0.21118125000000001 0.154296875 0.12573281249999999 0.1708984375 0.1098640625 0.185759375 0.112071875 0.194228125 0.1067796875 0.193359375 0.0988765625 0.189440625 0.086296875 0.1817078125 0.08606875 0.1767578125 0.095215625 0.15234375 0.09399375 0.150390625 0.042725 0.1533203125 0.0341796875 0.17734375 0.0317203125 0.17854375 0.0436140625 0.18780468749999998 0.0430734375 0.1890828125 0 0.093903125 0
1 0.05828124999999999 0.171875 0.06703125 0.1541015625 0.0653125 0.1484375 0.044921875 0.1425921875 0.044921875 0.12794375 0.07279687500000001 0.12549375000000002 0.072265625 0.1084125 0.07279687500000001 0.10287968750000001 0.0579359375 0.10234218749999999 0.063534375 0.076765625 0.05815 0.073265625 0.03984375 0.07353593750000001 0.03546875 0.073046875 0.03203125 0.061328125 0.025312499999999998 0.0611328125 0.025198437499999997 0.066265625 0.02515625 0.0728515625 0.029296875 0.1010875 0.0012921875 0.0980328125 0.001953125 0.110853125 0.0014734375 0.1155234375 0.0103375 0.1263 0.0195984375 0.1284546875 0.025468750000000002 0.1166015625 0.031875 0.11875 0.03234375 0.138671875 0.02578125 0.1408203125 0.02703125 0.1572265625 0.0340625 0.1583984375 0.0328125 0.180859375 0.005384375 0.1841828125 0.005815625 0.1933359375 0.03328125 0.1947265625 0.03390625 0.230078125 0.045156249999999995 0.2302734375 0.046718749999999996 0.191796875 0.07468749999999999 0.1892578125 0.075 0.181640625 0.07140625 0.1791015625 0.0690625 0.1712890625 0.065 0.1716796875 0.0615625 0.1787109375 0.045659375 0.1787984375 0.04625 0.17265625 0.05828124999999999 0.171875
0 0.173828125 0.0793453125 0.2736296875 0.070096875 0.2728125 0.0615234375 0.151875 0.0705875 0.1525 0.0809390625 0.173828125 0.0793453125
0 0.27749999999999997 0.0400515625 0.1510234375 0.052698437499999994 0.152146875 0.0587890625 0.2789984375 0.0445015625 0.27749999999999997 0.0400515625
0 0.1416015625 0.173340625 0.1015625 0.23071250000000001 0.107421875 0.23315468749999999 0.142578125 0.18188437500000001 0.1416015625 0.173340625
0 0.19155 0.20022500000000001 0.2094875 0.251996875 0.21453125 0.24921875 0.19828125000000002 0.19921875 0.19155 0.20022500000000001
0 0.17450625 0.2084890625 0.19265625 0.25078125 0.198125 0.24765625 0.18039375 0.2049578125 0.17450625 0.2084890625
0 0.24624843749999997 0.1445765625 0.245946875 0.142046875 0.24587656249999998 0.1407171875 0.1846875 0.1478515625 0.18484375 0.1541015625 0.198125 0.15234375 0.20921875 0.1513671875 0.245496875 0.1473921875 0.24624843749999997 0.1445765625
0 0.4238015625 0.3069203125 0.4190890625 0.307921875 0.3586625 0.317125 0.287984375 0.325696875 0.21801875 0.33316406249999997 0.2185890625 0.3388703125 0.24750624999999998 0.3379203125 0.2185890625 0.3393484375 0.2191609375 0.3462421875 0.24808124999999998 0.34909218750000004 0.26733281249999996 0.3466546875 0.30729843749999997 0.3408671875 0.42828437499999994 0.3224 0.4261609375 0.3168421875 0.3232234375 0.3291203125 0.2830828125 0.3324515625 0.31808749999999997 0.32698125 0.4249890625 0.3121125 0.4238015625 0.3069203125
0 0.06609374999999999 0.0037109375 0.0921875 0.013154687500000001 0.09293749999999999 0.00749375 0.07265625 0.0009765625 0.0684375 0 0.06609374999999999 0.0037109375
0 0.060334374999999996 0.0751828125 0.095934375 0.0391125 0.0938734375 0.034195312500000005 0.059584375 0.06792187499999999 0.055462500000000005 0.0728421875 0.060334374999999996 0.0751828125
0 0.138109375 0.17697968749999998 0.13865624999999998 0.171446875 0.10193125 0.16816718749999998 0.0758859375 0.1595015625 0.06687499999999999 0.156640625 0.06281250000000001 0.16171875 0.07288750000000001 0.1655921875 0.10080625000000001 0.1742578125 0.12029375 0.17683437500000002 0.138109375 0.17697968749999998
0 0.0809453125 0.1824546875 0.07468749999999999 0.1828125 0.0742 0.1883109375 0.10492968750000001 0.1866703125 0.11234375 0.1818359375 0.11468750000000001 0.177734375 0.10968750000000001 0.1763671875 0.10268124999999999 0.1810484375 0.095934375 0.1817515625 0.10342968749999999 0.174959375 0.0940609375 0.1733203125 0.087315625 0.17941093749999998 0.0809453125 0.1824546875
0 0.13846875 0.1573953125 0.1234796875 0.1693375 0.13097343749999998 0.17074375 0.14240312500000002 0.161375 0.13846875 0.1573953125
0 0.0224609375 0.087678125 0.007656250000000001 0.09609375 0.0104921875 0.100009375 0.026718750000000003 0.09140625 0.0224609375 0.087678125
0 0 0.0723734375 0.004309375 0.0758875 0.00075 0.0784625 0 0.083615625 0.0110546875 0.077525 0.026606249999999998 0.0859578125 0.0290421875 0.084084375 0.0161140625 0.07541718750000001 0.0260453125 0.07120156250000001 0.0252953125 0.06417500000000001 0.009743749999999999 0.07213906249999999 0.007120312500000001 0.0705 0 0.06788593750000001 0 0.0723734375
0 0 0.13010468749999998 0.027168750000000002 0.14380781250000002 0.030167187499999998 0.139828125 0.0247328125 0.1360796875 0 0.12270624999999999 0 0.13010468749999998
0 0 0.2697546875 0.041567187500000005 0.2751390625 0.1087640625 0.279715625 0.1249890625 0.2792 0.124525 0.2737015625 0.1085546875 0.27399062500000004 0.107621875 0.272840625 0.12290468750000001 0.271965625 0.1234625 0.2658515625 0.0895109375 0.26763906249999997 0.0494109375 0.264953125 0 0.2506328125 0 0.25689843749999997 0.024346875 0.2627171875 0.023690625 0.26625624999999997 0 0.2627171875 0 0.2697546875
0 0.245090625 0.1292421875 0.18 0.1369140625 0.18078125 0.1421875 0.24584062499999998 0.1355 0.245090625 0.1292421875
0 0.2583578125 0.1223578125 0.17859375 0.132421875 0.17875000000000002 0.13671875 0.2583578125 0.1273640625 0.2583578125 0.1223578125
0 0.259359375 0.11609687500000002 0.17765625000000002 0.1265625 0.17781249999999998 0.13203125 0.259359375 0.1223578125 0.259359375 0.11609687500000002
0 0.21883593750000002 0.3290578125 0.226725 0.33051875000000003 0.2334453125 0.3290578125 0.24075000000000002 0.32613593750000003 0.2907109375 0.316640625 0.3844984375 0.304225 0.45375781249999997 0.29486875 0.4525734375 0.29107656249999997 0.4449859375 0.29151875 0.2796078125 0.314084375 0.2369515625 0.32211875 0.23490625 0.3235796875 0.2314 0.325771875 0.228478125 0.32613593750000003 0.2211734375 0.32613593750000003 0.21883593750000002 0.3290578125
0 0.4405953125 0.2885203125 0.44001093750000003 0.287059375 0.331321875 0.3016671875 0.22321875000000002 0.31700625 0.22321875000000002 0.3213890625 0.23636718750000002 0.32065781250000003 0.33804218750000004 0.3045875 0.44205625 0.2907109375 0.4405953125 0.2885203125
0 0.25453125 0.2134765625 0.20640624999999999 0.219140625 0.2071875 0.2248046875 0.2553125 0.21875 0.25453125 0.2134765625
0 0.18156250000000002 0.2421875 0.1690625 0.21640625 0.16484375 0.2208984375 0.1771875 0.24609375 0.18156250000000002 0.2421875
0 0.17859375 0.1900390625 0.15796875 0.1755859375 0.15671875 0.1833984375 0.174375 0.1953125 0.17859375 0.1900390625
0 0.19515625 0.1861328125 0.17359375 0.1126953125 0.1684375 0.1162109375 0.18953124999999998 0.188671875 0.19515625 0.1861328125
0 0.17796875 0.1490234375 0.15609375 0.1490234375 0.1559375 0.1548828125 0.17875000000000002 0.1546875 0.17796875 0.1490234375
0 0.16999999999999998 0.12421875 0.155 0.1404296875 0.15703125 0.1478515625 0.17250000000000001 0.130859375 0.16999999999999998 0.12421875
0 0.164375 0.031329687499999995 0.15046874999999998 0.045196875 0.15265625 0.0524234375 0.1678125 0.0364078125 0.164375 0.031329687499999995
0 0.07781249999999999 0.0484375 0.022343750000000002 0 0.017499999999999998 0.0015625 0.07359375 0.05390625 0.07781249999999999 0.0484375
0 0.0791546875 0.048378125 0.083125 0.0443359375 0.03421875 0 0.029218749999999998 0.0025390625 0.0791546875 0.048378125
0 0.03078125 0.0568359375 0.00234375 0.036328125 0 0.0416015625 0.026718750000000003 0.06171875 0.03078125 0.0568359375
0 0.061250000000000006 0.06015625 0.034375 0.0599609375 0.03484375 0.0669921875 0.0615625 0.066015625 0.061250000000000006 0.06015625
0 0.079375 0.0634765625 0.1303125 0.060546875 0.13046875 0.054296875 0.07734375 0.0587890625 0.07578125 0.0638671875 0.079375 0.0634765625
0 0.12562500000000001 0.037890625 0.11125 0.0435546875 0.11187499999999999 0.049609375 0.12828124999999999 0.04296875 0.12562500000000001 0.037890625
0 0.07062500000000001 0.1015625 0.0990625 0.070703125 0.10359375 0.0646484375 0.0975 0.0623046875 0.06453125 0.0982421875 0.07062500000000001 0.1015625
0 0.084375 0.10703125 0.10546875 0.0931640625 0.1296875 0.0724609375 0.12578125 0.069140625 0.1034375 0.086328125 0.0884375 0.097265625 0.08484375 0.1001953125 0.07375000000000001 0.1021484375 0.0740625 0.1083984375 0.084375 0.10703125
0 0.13874999999999998 0.0908203125 0.12171875000000001 0.0791015625 0.11796875 0.083984375 0.13703125 0.096875 0.13874999999999998 0.0908203125
0 0.1025 0.1255859375 0.07859374999999999 0.1572265625 0.08375 0.1609375 0.10687500000000001 0.128515625 0.1025 0.1255859375
0 0.11265624999999999 0.1486328125 0.12062500000000001 0.1408203125 0.13234375 0.12421875 0.13296875 0.123046875 0.12703124999999998 0.12265625 0.11546875000000001 0.137109375 0.10109375000000001 0.151171875 0.0884375 0.1607421875 0.08890624999999999 0.161328125 0.09265625 0.1642578125 0.10140625 0.15859375 0.11265624999999999 0.1486328125
0 0.14156249999999998 0.1392578125 0.13984375 0.1375 0.1384375 0.1357421875 0.1265625 0.1490234375 0.11968749999999999 0.1552734375 0.1075 0.165625 0.11328125 0.1677734375 0.11953125 0.1640625 0.12984374999999998 0.155078125 0.14156249999999998 0.1392578125
0 0.025 0.152734375 0.0043749999999999995 0.162109375 0.0059375 0.1671875 0.026718750000000003 0.15859375 0.025 0.152734375
0 0.0246875 0.144140625 0.0059375 0.1517578125 0.006562500000000001 0.158203125 0.0265625 0.1498046875 0.0246875 0.144140625
0 0.01953125 0.16328125 0.005625 0.1740234375 0.0084375 0.178125 0.02375 0.166796875 0.01953125 0.16328125
0 0.07265625 0.1744140625 0.0740625 0.1787109375 0.0803125 0.1763671875 0.08390625 0.16953125 0.08015625 0.16796875 0.07843750000000001 0.1716796875 0.07265625 0.1744140625
0 0.18390625 0.108984375 0.17484375000000002 0.1177734375 0.1771875 0.1232421875 0.18656250000000002 0.1125 0.18390625 0.108984375