1 0.1241875 0 0.1219625 0.004451562500000001 0.07344375 0.0061203125 0.07455625 0.017526562500000002 0.1201171875 0.017090625 0.123046875 0.030517187499999997 0.12109375 0.15258750000000001 0.1185765625 0.2620625 0.1167734375 0.4255 0.1171875 0.501709375 0.126953125 0.501709375 0.1328125 0.49194375 0.13671875 0.0207515625 0.1396484375 0.0146484375 0.1931796875 0.0141875 0.1953125 0.0085453125 0.1923234375 0 0.1391953125 0 0.134646875 0 0.1241875 0
1 0.1931203125 0 0.1957765625 0.014609374999999999 0.195621875 0.021703125 0.215 0.0240234375 0.20921875 0.05703125 0.19796875 0.06015625 0.19484375 0.0501953125 0.18265625000000002 0.051953125 0.1826171875 0.061035937500000005 0.1884765625 0.0732421875 0.2138671875 0.08545 0.220703125 0.10620156249999999 0.21875 0.12573281249999999 0.22718750000000001 0.15625 0.236328125 0.15747031250000001 0.23828125 0.13549843749999999 0.2451171875 0.126953125 0.27484375 0.1259765625 0.272546875 0.11455625 0.2431640625 0.114746875 0.236875 0.113671875 0.23796875 0.0955078125 0.23828125 0.0793453125 0.2451171875 0.0732421875 0.275 0.0685546875 0.27453125 0.0490234375 0.26984375 0.0431640625 0.263125 0.041796875 0.2571875 0.051171875 0.2490234375 0.051270312500000005 0.236328125 0.0378421875 0.23854531250000002 0.021584375 0.25953125 0.019259375000000002 0.27015625 0 0.1931203125 0
1 0.625 0.4602046875 0.632759375 0.1383140625 0.6236734375 0.1403421875 0.6171875 0.299071875 0.615234375 0.4577640625 0.625 0.4602046875
1 0.505859375 0.377196875 0.505859375 0.15258750000000001 0.5046328124999999 0.151415625 0.4996078125 0.15231406249999999 0.5 0.377196875 0.505859375 0.377196875
1 0.482421875 0.3991703125 0.48828125 0.3991703125 0.494140625 0.37475625 0.4921875 0.3430171875 0.5 0.325928125 0.5 0.23559531250000001 0.498046875 0.20874062499999999 0.4794921875 0.205078125 0.470703125 0.21118125000000001 0.46484375 0.306396875 0.482421875 0.355225 0.482421875 0.3991703125
1 0.8622765625 0.2032640625 0.85739375 0.19716093750000002 0.855440625 0.19716093750000002 0.851534375 0.20204375 0.8486046875 0.2032640625 0.8486046875 0.208146875 0.8415625 0.209765625 0.8426562499999999 0.21328125 0.8486046875 0.2154703125 0.8486046875 0.2227953125 0.845675 0.2264578125 0.839815625 0.2288984375 0.8388390625 0.2350015625 0.84958125 0.2459890625 0.8613 0.2459890625 0.8622765625 0.2447671875 0.8691125 0.24110625 0.87301875 0.2362234375 0.8779015625 0.2350015625 0.87805 0.23003281250000002 0.875784375 0.22740156250000002 0.8722234375 0.22699843749999998 0.8642296875 0.220353125 0.8642296875 0.2105875 0.8622765625 0.208146875 0.8622765625 0.2032640625
0 0.14484375 0.0150390625 0.13546875 0.0251953125 0.1371875 0.032421875 0.15046874999999998 0.0162109375 0.14484375 0.0150390625
0 0.1875 0.0353515625 0.2015625 0.05390625 0.20640624999999999 0.0513671875 0.18546875000000002 0.0228515625 0.17921875 0.0236328125 0.1875 0.0353515625
0 0.19468749999999999 0.0169921875 0.14625 0.0216796875 0.14625 0.0259765625 0.195625 0.0216796875 0.19468749999999999 0.0169921875
0 0.168125 0.053125 0.17046875 0.0244140625 0.16546875 0.025 0.16343749999999999 0.052734375 0.168125 0.053125
0 0.34359375000000003 0.0037109375 0.26187499999999997 0.0115234375 0.26109375 0.0158203125 0.33109375 0.0099609375 0.3928125 0.002734375 0.39140625 0 0.34359375000000003 0.0037109375
0 0.38765625 0.067578125 0.38875000000000004 0.06640625 0.338125 0.040234375 0.28828125 0.012890625 0.28140624999999997 0.015234375 0.3290625 0.0421875 0.3771875 0.06796875 0.38765625 0.067578125
0 0.25640625 0.0474609375 0.2384375 0.0275390625 0.2365625 0.0318359375 0.25375000000000003 0.0509765625 0.25640625 0.0474609375
0 0.30921875 0.063671875 0.27468750000000003 0.047265625 0.27421875 0.051953125 0.30484374999999997 0.0673828125 0.30921875 0.063671875
0 0.27463125 0.07103437500000001 0.33918750000000003 0.072759375 0.461165625 0.072225 0.60175 0.06215468750000001 0.7706062499999999 0.0430671875 0.7701781249999999 0.036646875 0.698703125 0.0462765625 0.5743703124999999 0.05885 0.46737031250000005 0.06714218749999999 0.274984375 0.0666078125 0.27463125 0.07103437500000001
0 0.4167078125 0.08089531250000001 0.545725 0.07493125 0.6461171875 0.06481875000000001 0.765384375 0.049521875 0.7676953125 0.0441140625 0.6534375 0.0578125 0.55505625 0.0689671875 0.42749218750000006 0.075709375 0.31154375 0.074671875 0.248071875 0.073375 0.2453765625 0.0775234375 0.29826874999999997 0.08089531250000001 0.4167078125 0.08089531250000001
0 0.915228125 0.01935 0.8250984375 0.035045312499999995 0.8199390624999999 0.041281250000000005 0.9172921875 0.0234359375 1 0.006234375 0.9995109375 0.00150625 0.915228125 0.01935
0 0.9621859374999999 0.0051609375 0.8287109375 0.029884375 0.8261312500000001 0.035476562499999996 0.9326015625 0.015265625 0.9952109374999999 0.0025796875 0.98901875 0.00042968750000000006 0.9621859374999999 0.0051609375
0 0.8756 0.1569046875 0.7285781250000001 0.149003125 0.72334375 0.157809375 0.8553703125000001 0.163453125 1 0.16435625 0.9991375 0.1589375 0.8756 0.1569046875
0 0.701309375 0.1889625 0.701128125 0.1937046875 0.703296875 0.19505937499999998 0.77015625 0.215625 0.7939625 0.22192343750000001 0.7952265625 0.21628124999999998 0.701309375 0.1889625
0 0.7975 0.2091796875 0.70140625 0.1791015625 0.70078125 0.1853515625 0.796875 0.21484375 0.7975 0.2091796875
0 0.7642203125 0.10196093749999999 0.72 0.15 0.71 0.158203125 0.63125 0.203125 0.63046875 0.208984375 0.6625 0.1923828125 0.6989062500000001 0.171875 0.7201562499999999 0.159375 0.72859375 0.15 0.7487515625000001 0.1289125 0.7895328125 0.080084375 0.8482828124999999 0.00059375 0.8407828125 0 0.8223453125000001 0.025007812499999997 0.7642203125 0.10196093749999999
0 0.8021843750000001 0 0.773590625 0.042771875 0.7201531250000001 0.11639843750000001 0.7021843750000001 0.1398359375 0.6832812500000001 0.148046875 0.6559375000000001 0.1546875 0.6331249999999999 0.1580078125 0.63203125 0.16484375 0.650625 0.1615234375 0.66875 0.157421875 0.6921875 0.15078125 0.69296875 0.15390625 0.6654687499999999 0.16875 0.6548437500000001 0.1759765625 0.65703125 0.18203125 0.68234375 0.168359375 0.6837500000000001 0.1697265625 0.6865625 0.1703125 0.6946875 0.167578125 0.7 0.1654296875 0.70046875 0.1576171875 0.7103125 0.1546875 0.715625 0.151953125 0.7201562499999999 0.1458984375 0.7657796875 0.094915625 0.7998421875 0.0482359375 0.8339046874999999 0.000384375 0.8259359375 0 0.7974984375 0.041204687499999997 0.75995625 0.091584375 0.7125 0.1484375 0.70765625 0.1501953125 0.7150000000000001 0.141796875 0.74796875 0.1017578125 0.816559375 0 0.8021843750000001 0
0 0.5542625 0.2821109375 0.545890625 0.28734375 0.5391453125 0.29083125 0.5244921875 0.2922875 0.5244296875 0.2966640625 0.5251890625 0.2983921875 0.54449375 0.297228125 0.555625 0.2896484375 0.577521875 0.266409375 0.5986687500000001 0.234190625 0.6205515625 0.1954703125 0.617528125 0.1916921875 0.606828125 0.20884375 0.5744671875 0.2606390625 0.5638 0.273096875 0.5542625 0.2821109375
0 0.548959375 0.181028125 0.5066078125 0.181028125 0.50553125 0.18640937500000002 0.549496875 0.1861875 0.548959375 0.181028125
0 0.506428125 0.16622187500000002 0.5319109375 0.168240625 0.5760578125 0.1729515625 0.5762359375 0.16846406249999998 0.5075046875 0.1610625 0.506428125 0.16622187500000002
0 0.5369359375 0.160390625 0.5071453125 0.148725 0.5058890625 0.15388437500000002 0.532628125 0.163978125 0.5369359375 0.160390625
0 0.5819796875 0.1630828125 0.5871828125 0.1594921875 0.52859375 0.13515625 0.4846875 0.11484375 0.41765625 0.080859375 0.411315625 0.08456875 0.44953125 0.1041015625 0.48453125 0.12109375 0.5235937500000001 0.1390625 0.5819796875 0.1630828125
0 0.40734375 0.1087890625 0.34359375000000003 0.0806640625 0.33859374999999997 0.083984375 0.39224375 0.1087890625 0.46110937500000004 0.1382328125 0.4996359375 0.15220625000000002 0.50109375 0.14765625 0.40734375 0.1087890625
0 0.3252421875 0.1708609375 0.2767953125 0.12636875 0.2701203125 0.130078125 0.324253125 0.1788953125 0.40829375 0.2505765625 0.41472031249999997 0.24625 0.3252421875 0.1708609375
0 0.31890625 0.1119140625 0.290640625 0.0802328125 0.28562656249999996 0.082990625 0.31350625 0.113578125 0.31890625 0.1119140625
0 0.2743734375 0.11570156250000001 0.272275 0.1205109375 0.2967640625 0.139971875 0.35798593749999996 0.197696875 0.36183437500000004 0.193759375 0.3179296875 0.1522171875 0.3639328125 0.181078125 0.376490625 0.189371875 0.417109375 0.22393281250000002 0.421334375 0.2182765625 0.378365625 0.18116875 0.31828124999999996 0.12989062499999998 0.3020515625 0.11276562500000001 0.339359375 0.13700625 0.38649062500000003 0.18175468749999998 0.43195937500000003 0.2182765625 0.43680312499999996 0.213784375 0.392584375 0.17745781249999998 0.3461046875 0.1359515625 0.40491406249999995 0.1686234375 0.47039687499999994 0.2006984375 0.47461562500000004 0.194840625 0.3853109375 0.15096875 0.282659375 0.095375 0.265709375 0.07765156250000001 0.263521875 0.0782375 0.260240625 0.07862812500000001 0.26930312500000003 0.09151875000000001 0.255553125 0.0780421875 0.24524062500000002 0.07960468750000001 0.28521874999999997 0.1071734375 0.328053125 0.14913749999999998 0.32545 0.15068593749999998 0.2743734375 0.11570156250000001
0 0.49546875 0.1822265625 0.47406249999999994 0.2029296875 0.48015625 0.205078125 0.4984375 0.1865234375 0.49546875 0.1822265625