1 0.1796875 0.24047812500000001 0.17990937499999998 0.24539062500000003 0.19396875 0.2476671875 0.193359375 0.299071875 0.200478125 0.30169375 0.20268125 0.22145625 0.20700156249999999 0.22094375 0.20855 0.227490625 0.21219375000000001 0.226840625 0.21375625 0.2134953125 0.20360312500000002 0.20601093750000002 0.190584375 0.1981984375 0.1892828125 0.22065625 0.17963437499999999 0.22351562500000002 0.1796875 0.24047812500000001
1 0.7014609375 0.0049421874999999995 0.6927203125 0.0041625 0.6904296875 0.0146484375 0.674825 0.013784374999999998 0.6721203124999999 0.0005203125 0.6650390625 0 0.6619234374999999 0.012225 0.65921875 0.013265625 0.656096875 0.0049421874999999995 0.64715 0.005203125 0.6455078125 0.0122078125 0.6201171875 0.0122078125 0.6113593749999999 0.0119640625 0.610734375 0.001040625 0.600746875 0.001040625 0.6028265625 0.02185 0.6099015624999999 0.022109375 0.6109421875 0.034075 0.6176015625 0.035115625 0.6196828125 0.03485625 0.6207234374999999 0.03199375 0.6220703125 0.0244140625 0.6442359375 0.0241890625 0.6450953125 0.0648140625 0.6489906249999999 0.0718125 0.6497203125000001 0.1381484375 0.6616484375 0.13906093749999998 0.6616484375 0.0718125 0.6687078125 0.0678578125 0.6687078125 0.059335937500000005 0.6679578125 0.02523125 0.6810671875 0.0241890625 0.6823171875 0.0369359375 0.6918890625 0.036676562499999996 0.6927203125 0.026271875 0.702709375 0.0236703125 0.7014609375 0.0049421874999999995
0 0.6624484374999999 0.0740328125 0.6632921875 0.08246250000000001 0.6795203125 0.060068750000000004 0.6894265625 0.04294375 0.6850015625 0.0403109375 0.6788890624999999 0.050584375 0.6624484374999999 0.0740328125
0 0.7575062499999999 0 0.7446484375 0.025556250000000003 0.71640625 0.08378125 0.694275 0.12567187500000002 0.698490625 0.1285703125 0.7202 0.088259375 0.7366390625 0.0545375 0.762775 0 0.7575062499999999 0
0 0.7065 0 0.7016515625 0.00843125 0.7029156249999999 0.015017187500000001 0.710925 0 0.7065 0
0 0.8344359375 0 0.7941796875 0.062703125 0.7366390625 0.14990937499999998 0.7398015625000001 0.1557046875 0.776896875 0.1003796875 0.8101984375000001 0.05190312500000001 0.8428671874999999 0 0.8344359375 0
0 0.84581875 0 0.8097765625 0.0548 0.79860625 0.07166249999999999 0.7395906250000001 0.15544375 0.743384375 0.15913125 0.79396875 0.0893140625 0.8531953124999999 0.0005281250000000001 0.84581875 0
0 0.8829140625 0 0.83654375 0.06244062500000001 0.78985 0.12318906249999999 0.7615109375 0.1580765625 0.76509375 0.1630828125 0.7819546875000001 0.1441140625 0.8249515625000001 0.0903671875 0.8911328125000001 0 0.8829140625 0
0 0.7913640625 0.202659375 0.81920625 0.2152421875 0.8562578125 0.2310375 0.8823874999999999 0.2412109375 0.8997359375 0.2476375 0.912371875 0.251653125 0.9125859374999999 0.24683125 0.8905265625000001 0.2388015625 0.8441578125 0.22037656249999998 0.7945453125 0.1984078125 0.7913640625 0.202659375
0 0.2867984375 0.28761875 0.2872078125 0.282484375 0.2634203125 0.27856562500000004 0.20318437500000003 0.26100625 0.20230625 0.2667125 0.248790625 0.28094375 0.2699515625 0.28633593749999997 0.2867984375 0.28761875
0 0.40401406250000005 0.3000640625 0.35025625 0.2961875 0.35004843750000003 0.301615625 0.40608125 0.304975 0.4443328125 0.304975 0.4441265625 0.30032187499999996 0.40401406250000005 0.3000640625
0 0.5209374999999999 0.2951171875 0.46281249999999996 0.3 0.462734375 0.30549218749999996 0.5149 0.3010953125 0.54140625 0.2974609375 0.54078125 0.2935546875 0.5209374999999999 0.2951171875