1 0 0 0 0.2846421875 0 0.346134375 0.001953125 0.3479 0.008015625 0.020540625 0.013671875 0.0354 0.02359375 0.0466796875 0.0341796875 0.0537109375 0.046875 0.0378421875 0.0419921875 0.0244140625 0.0140625 0 0 0
1 0.382334375 0.1781625 0.380553125 0.1612359375 0.345703125 0.16235312500000001 0.345703125 0.12817343750000001 0.3583984375 0.1196296875 0.365996875 0.1274046875 0.3733546875 0.1274046875 0.3744453125 0.125359375 0.38098437500000004 0.112075 0.38098437500000004 0.10457968749999999 0.382075 0.0953828125 0.3722640625 0.0967453125 0.355609375 0.09620625000000001 0.3488390625 0.09620625000000001 0.32981875 0.1001234375 0.2956859375 0.09845000000000001 0.2956859375 0.115140625 0.2989546875 0.1247125 0.30767656250000003 0.128765625 0.3121390625 0.128275 0.330078125 0.12329062500000001 0.329290625 0.15194375 0.3301328125 0.16176718750000002 0.3320984375 0.1677328125 0.31413125000000003 0.1673828125 0.3056640625 0.1684578125 0.3037453125 0.15966249999999998 0.2998046875 0.1586921875 0.296875 0.16235312500000001 0.2971734375 0.17905312499999998 0.3017578125 0.1806640625 0.333984375 0.18432656249999999 0.33483125 0.4234671875 0.3362390625 0.46218750000000003 0.34553124999999996 0.46183593749999996 0.345703125 0.23071250000000001 0.3681640625 0.21240312499999997 0.4083453125 0.213346875 0.4083453125 0.20399375000000003 0.384471875 0.20087656250000002 0.3598859375 0.2062203125 0.34955156249999997 0.21735781250000002 0.345703125 0.21606406250000001 0.3486328125 0.1806640625 0.382334375 0.1781625
1 0.4046484375 0.2608796875 0.419921875 0.2645921875 0.42005468749999997 0.28464999999999996 0.4228515625 0.29266875 0.402240625 0.29307343750000003 0.4051296875 0.30270312499999996 0.423828125 0.3012125 0.4231828125 0.44593125 0.43160781249999997 0.447134375 0.4296875 0.3036546875 0.448940625 0.299996875 0.44990312499999996 0.291871875 0.43185 0.292171875 0.43329375 0.2780296875 0.4326171875 0.263371875 0.44821875 0.26268437499999997 0.44966249999999997 0.2485421875 0.402721875 0.24793906250000003 0.4046484375 0.2608796875
1 0.45822812500000004 0.3430265625 0.4598109375 0.304446875 0.46950624999999996 0.3037046875 0.46851562500000005 0.297275 0.44912656249999994 0.29579062500000003 0.44990312499999996 0.3024015625 0.4511046875 0.35143749999999996 0.451171875 0.4406734375 0.45703125 0.4406734375 0.45822812500000004 0.3430265625
1 0.6752734375 0.3284359375 0.6784390625000001 0.209971875 0.6706671875 0.20946875 0.66874375 0.288865625 0.6689421875 0.32893125 0.6752734375 0.3284359375
0 0.0344890625 0.0773984375 0.031665624999999996 0.0766421875 0.029648437500000003 0.069584375 0.029648437500000003 0.06555156250000001 0.029648437500000003 0.06353281250000001 0.0292453125 0.0605078125 0.0270265625 0.0592453125 0.0244046875 0.05899375 0.0244046875 0.0668109375 0.026421875 0.0713484375 0.0262203125 0.0761390625 0.02158125 0.0617671875 0.020860937500000003 0.059048437499999995 0.021782812500000002 0.056978125000000004 0.0195640625 0.0521875 0.0090765625 0.0438671875 0.007059375 0.04991875 0.015934375 0.0552125 0.021984375 0.0791640625 0.023799999999999998 0.08143281249999999 0.026623437500000003 0.0819375 0.0393296875 0.08143281249999999 0.041749999999999995 0.07992031250000001 0.04534375 0.074134375 0.041346875 0.0731125 0.0373125 0.0758875 0.0344890625 0.0773984375
0 1 0.0477984375 0.8462609375 0.043615625000000005 0.6655 0.0367453125 0.5524218750000001 0.0331609375 0.394840625 0.028381250000000004 0.22487343750000002 0.0238984375 0.0365640625 0.017028124999999998 0.0387171875 0.02240625 0.1424390625 0.026885937500000002 0.2674328125 0.0301734375 0.4101125 0.034953125 0.44404843749999995 0.03585 0.6500125 0.0421234375 0.8788218750000001 0.050189062500000006 1 0.0546703125 1 0.0477984375
0 0.6958234375 0.1856546875 0.623878125 0.16998437500000002 0.54908125 0.152953125 0.48350781249999997 0.1359203125 0.4172859375 0.11650468750000001 0.385128125 0.107646875 0.382675 0.108328125 0.3823484375 0.11411875 0.40087968749999997 0.117865625 0.422953125 0.124678125 0.47391562499999995 0.1393265625 0.5420453125 0.157040625 0.5930828125 0.1693046875 0.6462234375 0.18088593749999998 0.696640625 0.191446875 0.724165625 0.194171875 0.724165625 0.18838125 0.6958234375 0.1856546875
0 1 0.22078906250000002 0.943771875 0.21770312500000003 0.86725 0.21016249999999997 0.7997796875 0.201934375 0.748490625 0.1937046875 0.7460218750000001 0.1985046875 0.78935625 0.2067328125 0.8318687499999999 0.2135890625 0.8891921875 0.220103125 0.9481609375 0.22421875 1 0.22661718749999998 1 0.22078906250000002
0 0.4659484375 0.246178125 0.506415625 0.251615625 0.544453125 0.2557265625 0.6394765625 0.265365625 0.669134375 0.2643890625 0.668875 0.2582109375 0.639996875 0.2585359375 0.543996875 0.248453125 0.451640625 0.236746875 0.393103125 0.226665625 0.3561609375 0.2221140625 0.3522578125 0.2279671875 0.4357703125 0.24064843749999998 0.4659484375 0.246178125
0 0.362753125 0.26706093750000004 0.3542078125 0.25188125 0.3476859375 0.2490703125 0.3470109375 0.252725 0.350609375 0.257784375 0.3537578125 0.2611578125 0.3581296875 0.270646875 0.3735484375 0.295734375 0.38366875 0.30950937500000003 0.38749218750000003 0.3075421875 0.376246875 0.290675 0.362753125 0.26706093750000004
0 0.5786484375 0.23302343749999999 0.605175 0.23302343749999999 0.6112109375 0.23165 0.6165171875000001 0.2309640625 0.6427171875 0.22710312500000002 0.6457515625 0.22639218749999998 0.6700265625 0.2226 0.669734375 0.21651718749999999 0.62104375 0.223253125 0.6088250000000001 0.224928125 0.5951125 0.2261625 0.5625484375 0.22524843749999998 0.5318203125000001 0.22348125 0.48142968750000004 0.21585625 0.45013437500000003 0.213534375 0.44403437500000004 0.21088281250000002 0.4026609375 0.1886703125 0.389665625 0.18402968749999998 0.3771609375 0.1805703125 0.375821875 0.18475625 0.384190625 0.188521875 0.3951453125 0.19138125 0.4178703125 0.204165625 0.4429984375 0.21786406249999998 0.46135624999999997 0.21969687499999999 0.487725 0.2231890625 0.526284375 0.2292796875 0.5786484375 0.23302343749999999
0 0.2728125 0.2021484375 0.27609374999999997 0.19609375 0.20062656250000002 0.142884375 0.15132812499999998 0.1064359375 0.093340625 0.06467031250000001 0.055400000000000005 0.03368125 0.045915625 0.0315265625 0.0468046875 0.0373265625 0.051546875000000006 0.0384046875 0.07935468749999999 0.0602296875 0.098971875 0.0755875 0.12561093750000002 0.094653125 0.1710953125 0.1291421875 0.22218437500000002 0.1657890625 0.2607703125 0.1924640625 0.2728125 0.2021484375
0 0.0756234375 0.10104687500000001 0.09730625000000001 0.12115625000000001 0.1236890625 0.142184375 0.1530125 0.16248281250000002 0.186640625 0.1835 0.199359375 0.191853125 0.20884375 0.1953578125 0.22867500000000002 0.2004765625 0.25109375 0.2078125 0.25310156250000004 0.20317968749999998 0.25406249999999997 0.2037109375 0.25942031249999997 0.201209375 0.256171875 0.19905781250000001 0.25215624999999997 0.19666875 0.2198375 0.1770328125 0.12743125 0.11910000000000001 0.09423437500000001 0.0994296875 0.060175 0.077334375 0.031073437500000002 0.05685625 0.0292765625 0.063053125 0.0756234375 0.10104687500000001
0 0.0843078125 0.09893125 0.08316875 0.1002390625 0.10342499999999999 0.116615625 0.1269390625 0.135015625 0.15215 0.15439843749999999 0.2056421875 0.1863390625 0.2307015625 0.19509218749999999 0.25278125 0.20300156249999998 0.2394546875 0.1956265625 0.22781406249999997 0.18969843749999998 0.1872875 0.165446875 0.1273203125 0.126653125 0.1055265625 0.114225 0.0843078125 0.09893125
0 0.2587953125 0.21272031249999998 0.25712812500000004 0.20774374999999998 0.2239921875 0.227009375 0.1451328125 0.2719625 0.0896484375 0.2966875 0.09041875 0.3034296875 0.10840000000000001 0.2960453125 0.16024375 0.271321875 0.2200859375 0.237065625 0.2587953125 0.21272031249999998
0 0.2990484375 0.1803171875 0.27425781250000003 0.1952015625 0.2766 0.2008125 0.30256249999999996 0.1827578125 0.2990484375 0.1803171875
0 0.33394218750000004 0.2376859375 0.280209375 0.20031875000000002 0.2773703125 0.2043375 0.304615625 0.224678125 0.33129375 0.24407031250000003 0.33394218750000004 0.2376859375
0 0.308084375 0.24365625 0.30972343750000003 0.23633437499999999 0.2947296875 0.2237421875 0.2795015625 0.2041203125 0.27551875 0.205290625 0.28515625 0.219140625 0.2687234375 0.2061703125 0.264740625 0.2108546875 0.290278125 0.22930625 0.308084375 0.24365625
0 0.27484375 0.0005859375 0.24508437500000002 0.018584375 0.24680624999999998 0.0232796875 0.2759375 0.0076171875 0.27484375 0.0005859375
0 0.24343281249999998 0.071015625 0.26155 0.0705765625 0.3069296875 0.088384375 0.3334890625 0.096959375 0.3347203125 0.09124375 0.2650671875 0.06551875 0.2490609375 0.0657375 0.24044218750000002 0.062001562499999996 0.2378046875 0.06661875 0.24343281249999998 0.071015625