0 1 0.216015625 0.767578125 0.20874062499999999 0.7685546875 0.21484375 0.76938125 0.215534375 0.800203125 0.21626093750000003 0.8249187499999999 0.21735156249999998 0.99578125 0.2224609375 1 0.222590625 1 0.216015625
0 0 0.14580625 0.12367500000000001 0.1605859375 0.4726 0.19438125 0.6194078125 0.20525156249999998 0.629103125 0.2055046875 0.6289734375 0.20024999999999998 0.31222500000000003 0.1713703125 0.1112125 0.1494 0 0.13549843749999999 0 0.14580625
1 0.91015625 0.355225 0.9099999999999999 0.2833984375 0.9129687499999999 0.2787109375 0.9140625 0.267334375 0.91234375 0.260546875 0.9072265625 0.2587890625 0.89453125 0.269775 0.8940625000000001 0.2984375 0.9037499999999999 0.29921875 0.9059375 0.3544921875 0.91015625 0.355225
1 0.2900390625 0.33935624999999997 0.29296875 0.4724125 0.298828125 0.4724125 0.2959109375 0.33859531249999997 0.2900390625 0.33935624999999997
0 0.2965890625 0.358609375 0.2965890625 0.368834375 0.3640046875 0.37349375 0.4285953125 0.3772484375 0.4291890625 0.3702625 0.3728765625 0.36550625000000003 0.2965890625 0.358609375
0 0.9135937500000001 0.269140625 0.9834375 0.27890625 0.98835625 0.27968906250000003 0.989128125 0.27240312499999997 0.91375 0.2611328125 0.9135937500000001 0.269140625
0 0.37203125 0.3439453125 0.29602343750000004 0.342546875 0.29602343750000004 0.3469453125 0.3727125 0.348484375 0.37203125 0.3439453125
0 0.27625 0.3251953125 0.36265625 0.326171875 0.364375 0.326171875 0.364375 0.3220703125 0.27671875 0.3205078125 0.27625 0.3251953125
0 0.36578125 0.3177734375 0.27671875 0.315234375 0.27625 0.319921875 0.36531250000000004 0.3216796875 0.36578125 0.3177734375
0 0.36921875000000004 0.3138671875 0.27984375 0.3119140625 0.27953125 0.3150390625 0.36859375 0.3166015625 0.36921875000000004 0.3138671875
0 0.9862500000000001 0.2828125 0.9165625000000001 0.27265625 0.9160937499999999 0.278125 0.9859375 0.2880859375 0.9862500000000001 0.2828125