0 0.48624062500000004 0.1025546875 0.5888734375 0.100575 0.5895078125000001 0.095428125 0.57271875 0.095428125 0.48655781249999996 0.095821875 0.48624062500000004 0.1025546875
0 0.48690468750000004 0.0876890625 0.589825 0.0871109375 0.589825 0.082359375 0.5036625 0.082359375 0.48750781249999997 0.08275625 0.48690468750000004 0.0876890625
0 0.5876078125 0.066125 0.4983625 0.06720781249999999 0.49763906249999995 0.0747421875 0.587571875 0.07413906249999999 0.5876078125 0.066125
0 0.587290625 0.14135781249999999 0.5277375 0.1409625 0.5267875 0.14769375 0.586340625 0.1484859375 0.587290625 0.14135781249999999
0 0.5904578125 0.1306671875 0.4840234375 0.12987500000000002 0.4840234375 0.1373984375 0.589825 0.1370015625 0.5904578125 0.1306671875
0 0.5895078125000001 0.12195625000000002 0.48465781249999995 0.12195625000000002 0.4849734375 0.1275 0.5904578125 0.1286875 0.5895078125000001 0.12195625000000002
0 0.400390625 0.1332125 0.3766359375 0.1332125 0.3770640625 0.1391 0.3999625 0.13963281249999998 0.400390625 0.1332125
0 0.37770625 0.12920156249999998 0.40081875 0.12920156249999998 0.4010328125 0.1270609375 0.4001765625 0.1238515625 0.3774921875 0.1246546875 0.37770625 0.12920156249999998
0 0.47100937500000006 0.0965671875 0.36486718749999997 0.0971015625 0.36615000000000003 0.1029859375 0.46972500000000006 0.10218281250000001 0.47100937500000006 0.0965671875
0 0.47100937500000006 0.08319062499999999 0.34196875000000004 0.08399375 0.34111250000000004 0.088540625 0.47186562500000007 0.08934375 0.47100937500000006 0.08319062499999999
0 0.465659375 0.06928125 0.3573765625 0.06928125 0.35650781249999997 0.0753046875 0.4657 0.07406718749999999 0.465659375 0.06928125