1 0.2125 0.2021484375 0.21078125 0.1943703125 0.2029671875 0.1941265625 0.20238125 0.2004765625 0.1832359375 0.201209375 0.181684375 0.16825625 0.1821125 0.1543453125 0.199659375 0.15247187499999998 0.20051562500000003 0.1645109375 0.205865625 0.1645109375 0.210359375 0.1618359375 0.2095046875 0.1193046875 0.135675 0.1275953125 0.136959375 0.1610328125 0.1431640625 0.17360625000000002 0.14851406250000002 0.172534375 0.15390625 0.158203125 0.1658484375 0.1586265625 0.165625 0.1865234375 0.1696875 0.188671875 0.1703125 0.2041015625 0.13919375 0.20684999999999998 0.1426984375 0.2234359375 0.16328125 0.21875 0.1734375 0.2275390625 0.17894375 0.333140625 0.1889015625 0.32948125 0.1900734375 0.2994609375 0.20442343749999997 0.28115625 0.23546874999999998 0.2793265625 0.23488281249999998 0.2668796875 0.2019234375 0.2719359375 0.18831562500000001 0.28628125 0.1828125 0.2255859375 0.19296875 0.21484375 0.2127953125 0.2115421875 0.2125 0.2021484375
0 0.0913171875 0 0.10898749999999999 0.031078125 0.1346921875 0.0684890625 0.1582828125 0.0998765625 0.172740625 0.1136703125 0.1854875 0.1234203125 0.19024375 0.11937656249999999 0.1794 0.109153125 0.163228125 0.0929828125 0.136784375 0.060164062500000004 0.1116734375 0.0228296875 0.097975 0 0.0913171875 0
0 0.20984375000000002 0.14737499999999998 0.20984375000000002 0.150696875 0.21015625 0.1542171875 0.25175000000000003 0.1508921875 0.2511234375 0.1442484375 0.2159421875 0.146984375 0.20984375000000002 0.14737499999999998
0 0.181540625 0.16946250000000002 0.2587859375 0.165553125 0.2584734375 0.159884375 0.181696875 0.1639890625 0.181540625 0.16672499999999998 0.181540625 0.16946250000000002
0 0.0153234375 0.018178125 0.033775 0.042609375 0.0523828125 0.064109375 0.071771875 0.084046875 0.095696875 0.107696875 0.11008124999999999 0.1190328125 0.12196562500000001 0.1260703125 0.13494375 0.133303125 0.1363515625 0.1274390625 0.1113328125 0.11219375000000001 0.1003875 0.10417968749999999 0.075525 0.0787703125 0.0475 0.050390625 0.0273640625 0.025409375 0.0095390625 0 0.0037531250000000004 0.00078125 0.0153234375 0.018178125
0 0.299046875 0.36165625 0.3515875 0.3550015625 0.35043125 0.346321875 0.2835390625 0.3544234375 0.25044062500000003 0.35876406250000004 0.2360890625 0.36310312499999997 0.237015625 0.37149375 0.24997656250000003 0.3677328125 0.299046875 0.36165625
0 0.244421875 0.37323125 0.2395609375 0.374675 0.24002500000000002 0.38075156250000003 0.26849375000000003 0.3795953125 0.2728921875 0.38132968749999996 0.2879359375 0.38132968749999996 0.3578375 0.37323125 0.360384375 0.37293906250000003 0.3601515625 0.365996875 0.2870109375 0.373809375 0.2870109375 0.37149375 0.35621718750000003 0.36541875 0.35598593749999996 0.3599203125 0.27520625 0.368021875 0.27404843749999996 0.3717828125 0.244421875 0.37323125
0 0.2090625 0.2701171875 0.1984375 0.2291015625 0.19296875 0.230859375 0.20453125 0.27109375 0.2090625 0.2701171875
0 0.23343750000000002 0.2232421875 0.19734374999999998 0.223828125 0.19765625 0.2287109375 0.23343750000000002 0.228125 0.23343750000000002 0.2232421875
0 0.17265625 0.2646484375 0.15875 0.2806640625 0.16296875 0.2833984375 0.1746875 0.26953125 0.17265625 0.2646484375
0 0.13578125000000002 0.271484375 0.1471875 0.2720703125 0.1528125 0.271875 0.1559375 0.271484375 0.16375 0.269140625 0.170625 0.2658203125 0.16999999999999998 0.26171875 0.1603125 0.2650390625 0.14640625000000002 0.266015625 0.13625 0.265234375 0.13578125000000002 0.271484375
0 0.16328125 0.2517578125 0.17390624999999998 0.2455078125 0.17281249999999998 0.2392578125 0.15828124999999998 0.2484375 0.148125 0.2537109375 0.13671875 0.25625 0.136875 0.2615234375 0.15015625 0.259375 0.16328125 0.2517578125
0 0.17203125 0.23203125 0.17093750000000002 0.226953125 0.166875 0.23046875 0.1575 0.238671875 0.150625 0.2423828125 0.13640625 0.2501953125 0.1378125 0.25546875 0.1515625 0.248828125 0.1609375 0.242578125 0.17203125 0.23203125
0 0.16421875 0.223046875 0.16 0.2203125 0.14734375 0.2322265625 0.13093749999999998 0.2439453125 0.13234375 0.24921875 0.15031250000000002 0.2376953125 0.15625 0.2318359375 0.16421875 0.223046875
0 0.14296875 0.2232421875 0.1265625 0.238671875 0.12984374999999998 0.2427734375 0.14625 0.2265625 0.14296875 0.2232421875
0 0.14046875 0.2060546875 0.10921875 0.195703125 0.1075 0.2021484375 0.13999999999999999 0.212109375 0.14046875 0.2060546875
0 0.01515625 0.1244140625 0.00140625 0.1109375 0 0.1173828125 0.01140625 0.129296875 0.01515625 0.1244140625
0 0.053125 0.164453125 0.04203125 0.17421875 0.046406249999999996 0.1783203125 0.05437499999999999 0.1705078125 0.0665625 0.1705078125 0.06578125 0.162890625 0.058125 0.162109375 0.03703125 0.144921875 0.03546875 0.1517578125 0.053125 0.164453125
0 0.054843750000000004 0.091015625 0.00234375 0.0140625 0 0.01953125 0.02265625 0.0544921875 0.050624999999999996 0.09375 0.054843750000000004 0.091015625
0 0.1221875 0.1408203125 0.135 0.141015625 0.134375 0.1359375 0.12375 0.1357421875 0.11546875000000001 0.133203125 0.09875 0.1271859375 0.07859374999999999 0.116834375 0.0546875 0.0947265625 0.048125 0.091015625 0.04171875 0.0885140625 0.00015625 0.039490625 0 0.05390625 0.0290625 0.084375 0.05546875 0.1158203125 0.09406250000000001 0.1583984375 0.0983296875 0.15439843749999999 0.1003125 0.156678125 0.1046875 0.153515625 0.08515625 0.12894375 0.09609375 0.132421875 0.10375000000000001 0.135546875 0.10984374999999999 0.1375 0.1221875 0.1408203125
0 0.16125 0.1994140625 0.11484375 0.165234375 0.11015625 0.17109375 0.1265625 0.1833984375 0.14171875 0.1943359375 0.15796875 0.2052734375 0.16125 0.1994140625
0 0.164375 0.1650390625 0.1390625 0.18125 0.14265624999999998 0.1859375 0.16593750000000002 0.1712890625 0.164375 0.1650390625
0 0.20078125 0.2138671875 0.1834375 0.227734375 0.18656250000000002 0.234375 0.20406249999999998 0.217578125 0.20078125 0.2138671875
0 0.12078124999999999 0.1791015625 0.10765625000000001 0.1888671875 0.11046875 0.1935546875 0.12453125000000001 0.1826171875 0.12078124999999999 0.1791015625
0 0.13093749999999998 0.15234375 0.11515625 0.1630859375 0.118125 0.1671875 0.134375 0.1564453125 0.13093749999999998 0.15234375