1 0.7203109375000001 0 0.7196703125 0.2716265625 0.7234375 0.4619140625 0.725 0.4814453125 0.7328125 0.4833984375 0.744071875 0.48250000000000004 0.7375 0.2646484375 0.738653125 0.0072953125 0.7374015625 0 0.7203109375000001 0
1 0.4953125 0.3486328125 0.4958796875 0.3740171875 0.503125 0.3701171875 0.50225 0.20971875 0.5222796875 0.2102578125 0.5220640624999999 0.20029687499999999 0.5021390625000001 0.2006984375 0.500134375 0.1091953125 0.49066406249999994 0.10899062500000001 0.4922703125 0.1907703125 0.484375 0.2080078125 0.4921875 0.2119140625 0.4953125 0.3486328125
1 0.4890625 0.1982421875 0.488178125 0.189265625 0.45682812500000003 0.189328125 0.4577671875 0.20176406249999998 0.46953125 0.203125 0.475 0.2197265625 0.4734375 0.2373046875 0.45857187499999996 0.237778125 0.45977187500000005 0.24643593749999998 0.47471874999999997 0.24775156250000002 0.47137812500000004 0.256103125 0.4604953125 0.2560640625 0.46145781250000006 0.2662953125 0.475 0.2685546875 0.4757171875 0.34159375000000003 0.4814953125 0.3402578125 0.4828125 0.2978515625 0.4928375 0.2934453125 0.4926234375 0.28595468749999997 0.4828125 0.2841796875 0.4828125 0.2490234375 0.490625 0.2451171875 0.489328125 0.239175 0.4828125 0.2392578125 0.48125 0.2138671875 0.4890625 0.1982421875
1 0.4671875 0.3388671875 0.46875 0.3095703125 0.4765625 0.2958984375 0.47265625 0.283203125 0.46171875 0.283203125 0.45185312499999997 0.2856390625 0.4515625 0.2958984375 0.4515625 0.3037109375 0.4609375 0.3076171875 0.4625 0.3388671875 0.4671875 0.3388671875
0 0.41515625 0 0.47984375 0.0412109375 0.565084375 0.09065625000000001 0.565696875 0.082740625 0.5575249999999999 0.0783984375 0.42555 0 0.41515625 0
0 0.33599531250000003 0 0.32656406250000003 0.0008734375000000001 0.370746875 0.026850000000000002 0.45057656250000006 0.068359375 0.5247734375 0.10390625 0.534903125 0.108928125 0.5390937499999999 0.10434375 0.442171875 0.0561015625 0.33599531250000003 0
0 0.7625984375 0 0.7376031249999999 0.0179 0.7386453125 0.037101562500000004 0.7740546875 0.0003265625 0.7625984375 0
0 0.8940890625 0.18898281249999999 0.811846875 0.166590625 0.80831875 0.17371406250000002 0.8943609374999999 0.1978046875 0.8940890625 0.18898281249999999
0 0.66844375 0.3383 0.652003125 0.426334375 0.6431125 0.466775 0.649534375 0.469553125 0.650521875 0.4639953125 0.6640859375 0.392209375 0.6803625 0.305925 0.7033968749999999 0.16955625000000002 0.719709375 0.07278124999999999 0.7140500000000001 0.072365625 0.6984046875 0.16924999999999998 0.66844375 0.3383
0 0.6976125 0 0.68125 0.030334375000000004 0.6735562500000001 0.045871875 0.6679328124999999 0.0632578125 0.6504734375 0.0932203125 0.6146640624999999 0.15906562500000002 0.597853125 0.18622812500000002 0.588325 0.1986484375 0.5803359375 0.2075265625 0.5693859375 0.2212140625 0.5507421875 0.2415609375 0.551925 0.245628125 0.55436875 0.245703125 0.5643546875000001 0.233790625 0.5915812500000001 0.20197812499999998 0.6069703125 0.18163281250000002 0.6217671874999999 0.15795781250000002 0.65076875 0.10505781249999999 0.675628125 0.059928125 0.6779953125 0.048459375 0.7046296875 0 0.6976125 0
0 0.6933703125 0.05045625 0.7185984375000001 0.0060328125 0.7207921875000001 0.005484375 0.720353125 0 0.7126750000000001 0.0013703125 0.6905187500000001 0.043053125 0.6859109375 0.049634374999999994 0.6791109375 0.0570390625 0.676259375 0.0658125 0.674503125 0.071571875 0.674503125 0.0778796875 0.674503125 0.07925 0.665728125 0.091490625 0.6422546875 0.128784375 0.6124203125000001 0.17676562499999998 0.5874109375 0.2102203125 0.5645765625 0.2378078125 0.5505546875 0.2503796875 0.55379375 0.254415625 0.5699453125 0.239396875 0.5907859375 0.2160875 0.615575 0.18290625 0.655940625 0.118775 0.677440625 0.08175625 0.679853125 0.0702390625 0.6873125 0.075446875 0.6991578125 0.060640625000000004 0.6936734375 0.0529625 0.6933703125 0.05045625
0 0.2085546875 0 0.2404296875 0.0373046875 0.2863703125 0.087290625 0.311309375 0.110028125 0.2407453125 0.059578125 0.20637656249999997 0.033215625 0.17191406250000002 0.00131875 0.1644921875 0.0029296875 0.19761718749999999 0.034375 0.20121093750000002 0.041796875 0.2449125 0.0866421875 0.27141875 0.1099390625 0.317296875 0.1530390625 0.3558984375 0.1865234375 0.39480468750000003 0.2208984375 0.45106250000000003 0.2658203125 0.4529375 0.259765625 0.4005859375 0.216796875 0.34463750000000004 0.166709375 0.277459375 0.106171875 0.323546875 0.14718124999999999 0.40923125000000005 0.2123328125 0.4489328125 0.235575 0.4527859375 0.2380875 0.4536234375 0.231178125 0.4127484375 0.20500156249999998 0.3415125 0.1530390625 0.2696484375 0.0925015625 0.25793125 0.0807859375 0.306621875 0.11333125 0.32049531249999996 0.1213734375 0.3240234375 0.123828125 0.3397671875 0.1363421875 0.374709375 0.16736562500000002 0.417803125 0.204790625 0.421709375 0.19860625 0.3929671875 0.172825 0.33241875 0.11837968750000001 0.29776875 0.08724375 0.2449609375 0.031640625 0.2155859375 0 0.2085546875 0
0 0.42750000000000005 0.134765625 0.310815625 0.0603265625 0.27715 0.036340625 0.246009375 0.00078125 0.23792968750000001 0.0012015625 0.260821875 0.02729375 0.22261250000000002 0.00078125 0.21453281249999998 0.002675 0.24839375000000002 0.02674375 0.2794921875 0.0466125 0.2949265625 0.060676562499999996 0.31890625 0.0876953125 0.343534375 0.11279687499999999 0.39813125 0.1629015625 0.4329171875 0.1940015625 0.4371203125 0.187571875 0.36591874999999996 0.12339843749999999 0.3209375 0.0802734375 0.31104375 0.068690625 0.31255937500000003 0.0676390625 0.4223078125 0.1396 0.46796875 0.16484375 0.47296875 0.1607421875 0.42750000000000005 0.134765625
0 0.47956093749999995 0.162059375 0.49099062499999996 0.14838281250000002 0.48935781250000004 0.1430765625 0.47433593749999997 0.159609375 0.4575171875 0.174915625 0.44494531249999997 0.1847125 0.4477203125 0.1894078125 0.46584531250000005 0.1759375 0.47956093749999995 0.162059375