1 0.06167812499999999 0.0144984375 0.0537109375 0.0146484375 0.0517875 0.0478828125 0.05859375 0.533446875 0.072265625 0.540771875 0.0659296875 0.270675 0.0748125 0.27042968749999996 0.07244375 0.2598203125 0.0657328125 0.25241875 0.064453125 0.23315468749999999 0.073290625 0.22026875 0.07421875 0.21362343749999999 0.064453125 0.20141562500000001 0.064453125 0.052490625 0.06167812499999999 0.0144984375
1 0.6053968750000001 0.4123421875 0.599834375 0.29209687500000003 0.5960625 0.24974687499999998 0.59375 0.18432656249999999 0.590159375 0.14027343750000001 0.5849609375 0.1391609375 0.5814546875 0.1393484375 0.58203125 0.16723593750000001 0.594246875 0.3240046875 0.5978625 0.41335156250000005 0.6053968750000001 0.4123421875
1 0.298828125 0.325928125 0.306640625 0.338134375 0.310546875 0.41381875 0.3134765625 0.41748124999999997 0.31640625 0.416259375 0.318359375 0.41381875 0.318359375 0.3869625 0.31640625 0.384521875 0.314453125 0.3308109375 0.318359375 0.3234859375 0.318359375 0.3112796875 0.3095703125 0.302734375 0.3017578125 0.302734375 0.298828125 0.306396875 0.298828125 0.325928125
0 0.445925 0.22323906249999997 0.39530468750000003 0.22362656250000001 0.385609375 0.22225625 0.3564453125 0.21797499999999997 0.3056640625 0.200884375 0.266 0.183390625 0.2294921875 0.161821875 0.2056515625 0.14674375 0.1321609375 0.089346875 0.06526875 0.031453125 0.06205937500000001 0.0370703125 0.140265625 0.1068734375 0.2142125 0.1611890625 0.2634671875 0.1912484375 0.3164921875 0.21288281250000002 0.3520265625 0.22531093750000003 0.359759375 0.22646093750000001 0.3807484375 0.229221875 0.3971328125 0.23071718749999998 0.455078125 0.23140156250000002 0.4916765625 0.2203125 0.5024984375 0.21676718749999999 0.50469375 0.21585312499999998 0.5242671875 0.2085359375 0.5349703124999999 0.201903125 0.582353125 0.16363125 0.5814328125 0.15718749999999998 0.5244140625 0.200884375 0.4619140625 0.22285781249999997 0.445925 0.22323906249999997
1 0.3046875 0.3015140625 0.2861328125 0.30029374999999997 0.2724609375 0.3125 0.2685546875 0.3125 0.265625 0.3039546875 0.263671875 0.2722171875 0.2587890625 0.2685546875 0.2578125 0.286865625 0.259765625 0.28930625 0.263671875 0.37475625 0.267578125 0.3942875 0.26953125 0.4284671875 0.2734375 0.4284671875 0.275390625 0.4089359375 0.2734375 0.40649375 0.267578125 0.3234859375 0.2705078125 0.3173828125 0.2763671875 0.3173828125 0.2822265625 0.3125 0.2939453125 0.31494218749999997 0.3017578125 0.3125 0.3046875 0.3088375 0.3046875 0.3015140625
0 0.0224703125 0.0984390625 0 0.11903749999999999 0.0002140625 0.126259375 0.020971875 0.10806875 0.05093125 0.08158593750000001 0.049646875 0.07409687499999999 0.0224703125 0.0984390625
0 0.0231125 0.08131875 0 0.10833593749999999 0.000428125 0.1155578125 0.018403125 0.0965671875 0.0520015625 0.059653124999999994 0.050503125 0.052696875 0.0231125 0.08131875
0 0.3216734375 0.30303749999999996 0.3158609375 0.303609375 0.316 0.31061875 0.3565203125 0.3070875 0.4502515625 0.2883640625 0.537884375 0.260478125 0.5876921875 0.240959375 0.586140625 0.23352499999999998 0.5589625 0.2455625 0.4881296875 0.270975 0.4202921875 0.287828125 0.3573765625 0.2995984375 0.3216734375 0.30303749999999996
0 0.1162703125 0.167303125 0.07409687499999999 0.076146875 0.068675 0.06397968750000001 0.0653109375 0.0713875 0.09869687499999999 0.1449703125 0.11568437499999999 0.1790171875 0.11890624999999999 0.1731609375 0.1162703125 0.167303125
0 0.045059375 0.2066296875 0 0.2243671875 0.0007468749999999999 0.22996875 0.0107046875 0.227790625 0.0455578125 0.212540625 0.045059375 0.2066296875
0 0.028878124999999998 0.23712499999999997 0.0492921875 0.2140984375 0.04580625 0.21067343749999998 0.024396875000000002 0.23432499999999998 0.028878124999999998 0.23712499999999997
0 0.04605625 0.209740625 0.048046875 0.21222968749999999 0.05178125 0.209740625 0.05178125 0.19075781249999998 0.052528125 0.1475046875 0.049540625 0.1478140625 0.0477984375 0.1527921875 0.0470515625 0.1714640625 0.04605625 0.209740625
0 0.9991625000000001 0.272128125 0.9991625000000001 0.2657 0.8264078125 0.2562203125 0.6631296875 0.245053125 0.6639421875 0.25114375 0.805015625 0.2612984375 0.9493390625 0.270775 0.9991625000000001 0.272128125
0 0.7648421875 0.194746875 0.8273296875 0.20477343750000002 0.8596296875 0.2095234375 0.8594171875000001 0.2039828125 0.6932765625 0.1789140625 0.5917343749999999 0.15938593750000002 0.5913109375000001 0.1646640625 0.6791328125 0.18128906250000001 0.7648421875 0.194746875
0 0.6688578125 0.168390625 0.5914515625 0.15342187499999999 0.591878125 0.15876718750000002 0.6825421875 0.17640781249999998 0.8600203125 0.2031359375 0.8598062499999999 0.197525 0.6688578125 0.168390625
0 0.653946875 0.15841875 0.5908671875 0.146390625 0.591509375 0.1522703125 0.8019171875 0.18781874999999998 0.85965 0.19663906250000002 0.8592187499999999 0.1916015625 0.653946875 0.15841875
0 0.11745000000000001 0.24402812499999998 0.0756015625 0.21318593749999998 0.073825 0.21935312499999998 0.11784375 0.25167812500000003 0.11745000000000001 0.24402812499999998