1 0.64625714375 0.44509815625 0.6429846765625 0.2262936234375 0.642782334375 0.1841590078125 0.6347522750000001 0.18382449843749998 0.6356086734375 0.4440062703125 0.64625714375 0.44509815625
1 0.7230617421875001 0.216536709375 0.7203850625 0.21620220625000003 0.71759375 0.216515625 0.7178390625 0.241321875 0.718084375 0.2505078125 0.7234734375 0.35065 0.7269046875 0.42323125 0.72616875 0.43731875000000003 0.732784375 0.43793125 0.73474375 0.43854375 0.73596875 0.437625 0.7369484374999999 0.4336421875 0.737684375 0.42139375 0.73046875 0.29663125 0.724609375 0.22094687500000001 0.7230617421875001 0.216536709375
1 0.712890625 0.22094687500000001 0.708984375 0.17456093749999999 0.68871835 0.17539839375 0.6888856359375 0.1835937765625 0.7046111578125 0.18325927343749998 0.705078125 0.19653281250000001 0.7061507812500001 0.220384559375 0.712890625 0.22094687500000001
0 0 0.14209835937499998 0.0302862921875 0.14564975 0.1421061078125 0.153958834375 0.28329446406250003 0.1633244828125 0.36734062500000003 0.1655390625 0.4410082796875 0.1669389796875 0.524130128125 0.16606486250000002 0.5688826046875 0.1654195578125 0.5684140625 0.1599828125 0.53703125 0.1599609375 0.53015625 0.1599609375 0.44044040312500005 0.160315259375 0.40068854062500003 0.1589905203125 0.3086599203125 0.1561330234375 0.27299523593749997 0.1548676140625 0.19468749999999999 0.15 0.059121875000000004 0.14090625 0 0.1341796875 0 0.14209835937499998
0 0.578125 0.1646484375 0.61 0.1640625 0.6530596625 0.162894903125 0.6526562499999999 0.156640625 0.5777521328125 0.15849119218750002 0.578125 0.1646484375
0 0.35943716875 0.127899303125 0.4240765625 0.1333203125 0.527440625 0.1399046875 0.5676789484375 0.1424697125 0.56786825 0.136035246875 0.4267363859375 0.125684459375 0.34012911875 0.11824760781250002 0.2741296875 0.1110859375 0.2626671828125 0.10997840625 0.249037978125 0.10846441874999999 0.22210537968750002 0.1063826796875 0.21131557812500001 0.10543643124999999 0.042221875 0.08558750000000001 0.0003796875 0.0803171875 0 0.087078984375 0.010772512500000001 0.088592978125 0.0507136625 0.09427044999999999 0.171465625 0.1081734375 0.23762031249999999 0.115484375 0.2594491796875 0.11792687187499999 0.2675888390625 0.11906236249999999 0.2768642890625 0.120197853125 0.35943716875 0.127899303125
0 0.110690625 0.29036875 0.015565625 0.285053125 0.015753125 0.29185 0.0733265625 0.2956015625 0.1800328125 0.3000546875 0.1804078125 0.29325625 0.110690625 0.29036875
0 0.3135796875 0.3042359375 0.49963125 0.30360156250000003 0.5001390625 0.2989484375 0.32116406249999996 0.298115625 0.26232500000000003 0.296275 0.26204375 0.3026015625 0.27315625 0.30360156250000003 0.28212031249999997 0.3038125 0.3135796875 0.3042359375
0 0.33328437499999997 0.2937875 0.445 0.2964125 0.4948953125 0.2978921875 0.49996875 0.2983171875 0.573965625 0.30056875 0.573625 0.2950484375 0.4523140625 0.29108125 0.3124609375 0.28285625 0.2628477046875 0.280761828125 0.26118337812500003 0.28533763749999996 0.27116936406250003 0.285961615625 0.282628125 0.2866875 0.304109375 0.287321875 0.2620155421875 0.2865855890625 0.2618075078125 0.2917853703125 0.2651361609375 0.2919933609375 0.268759375 0.2919734375 0.33328437499999997 0.2937875
0 0.635003125 0.29748593749999996 0.5800515625 0.296065625 0.5798625000000001 0.30177343749999996 0.6348421875 0.30391406249999997 0.635003125 0.29748593749999996
0 0.7204515625 0.29796875 0.672890625 0.29749375 0.6730612265625 0.3028379125 0.7214031249999999 0.30391406249999997 0.7204515625 0.29796875
0 0.7172515625 0.3156640625 0.6744078124999999 0.308825 0.6744078124999999 0.3131234375 0.7174078125000001 0.3205515625 0.7172515625 0.3156640625
0 0.717721875 0.30804062499999996 0.6739390625 0.304328125 0.6739390625 0.3090203125 0.7172515625 0.31429687500000003 0.717721875 0.30804062499999996
0 0 0.277321875 0.14757499999999998 0.2862671875 0.23395000000000002 0.2924375 0.23439771406249998 0.28569534375 0 0.2711515625 0 0.277321875
0 0 0.2705359375 0.17324062499999998 0.280096875 0.17176093750000002 0.2745453125 0 0.26405625 0 0.2705359375
0 0.567775275 0.1476687609375 0.4130653234375 0.139723321875 0.25438018906250004 0.127213490625 0.13985365624999999 0.11607624218749998 0.0766427796875 0.10878684218750001 0.000315578125 0.0992561140625 0 0.10610105781250001 0.1208852421875 0.1206465609375 0.224548834375 0.13134178125 0.3122935765625 0.1386145328125 0.4134516921875 0.1463151 0.49083347968749996 0.14973756875 0.5682218859375 0.153430878125 0.567775275 0.1476687609375
0 0.653201746875 0.1400239734375 0.5786046765624999 0.138177253125 0.5786046765624999 0.14371741875 0.6529851765625 0.14564453125000001 0.653201746875 0.1400239734375
0 0.6522071171875 0.14840525 0.5784625828125 0.14826319062499999 0.5790309406249999 0.1549398015625 0.6520650328125 0.15451363125 0.6522071171875 0.14840525
0 0.6862033109375 0.28518155156249997 0.6908922703125 0.2812039921875 0.7025436171874999 0.267850778125 0.7106427375 0.25421345624999997 0.714905425 0.24611629375000002 0.710074371875 0.2434172390625 0.703680340625 0.25506578593749996 0.694160328125 0.2694133890625 0.68449823125 0.279783440625 0.678388378125 0.2826245515625 0.6725626953125 0.2827666015625 0.6729851765625 0.28861328125 0.682651065625 0.2880226625 0.6862033109375 0.28518155156249997