1 0.154490625 0.193925 0.139528125 0.1947375 0.139365625 0.18416875 0.162003125 0.1799375 0.1617625 0.17361875 0.16128125 0.16549375 0.1557453125 0.16669687500000002 0.154059375 0.17271406250000002 0.1391359375 0.1739203125 0.1386546875 0.1648921875 0.16152187499999998 0.1606796875 0.1627265625 0.145634375 0.156440625 0.1457484375 0.15530312500000001 0.152253125 0.1384125 0.153459375 0.137740625 0.0752125 0.16278281249999998 0.0668765625 0.163596875 0.059154687500000004 0.138715625 0.064234375 0.139203125 0.03293125 0.163434375 0.027646874999999998 0.1621328125 0.01971875 0.1408296875 0.0237828125 0.139365625 0.0223609375 0.129771875 0.02215625 0.12890625 0.042725 0.1180625 0.0426875 0.1068421875 0.041875 0.10635468749999999 0.048990624999999996 0.130584375 0.055696875 0.12796875000000002 0.2470703125 0.1190625 0.2486328125 0.11875 0.253125 0.1184375 0.2583984375 0.12078124999999999 0.2583984375 0.12859375 0.2595703125 0.12890625 0.482178125 0.1297421875 0.49788125 0.140625 0.4968265625 0.13890625 0.2595703125 0.150625 0.257421875 0.14984375 0.2478515625 0.13859375000000002 0.2470703125 0.138671875 0.20629843750000001 0.16148281250000002 0.202665625 0.162946875 0.1996171875 0.1619703125 0.18843749999999998 0.1582296875 0.1876234375 0.154490625 0.193925
1 0.31203125 0.2681640625 0.3125 0.2551265625 0.32218749999999996 0.2529296875 0.321875 0.248046875 0.3095703125 0.24658281249999997 0.3046875 0.25024375 0.30390625 0.3033203125 0.29359375 0.30390625 0.29265625 0.3298828125 0.3035247859375 0.33335841875 0.303159375 0.49584374999999997 0.31082343749999997 0.495125 0.310546875 0.3332515625 0.32384624687499997 0.3309803765625 0.3234375 0.318359375 0.3234375 0.30234375 0.311875 0.301953125 0.311875 0.27890625 0.32328125 0.2732421875 0.32265625 0.269140625 0.32234375000000004 0.2669921875 0.31203125 0.2681640625
1 0.36203124999999997 0.2953125 0.36984374999999997 0.2931640625 0.36984374999999997 0.2873046875 0.35546875 0.287109375 0.35515625 0.2935546875 0.34796875 0.2943359375 0.348125 0.301953125 0.35515625 0.302734375 0.355 0.342578125 0.34890625000000003 0.34296875 0.34859375 0.365625 0.35125 0.3673828125 0.35546875 0.36743125 0.3578125 0.4939453125 0.36296875 0.4927734375 0.36375 0.367578125 0.368125 0.3666015625 0.36875 0.35234375 0.36828125 0.3431640625 0.36265625 0.3423828125 0.36265625 0.308984375 0.36953125 0.3068359375 0.36921875000000004 0.30078125 0.3625 0.3009765625 0.36203124999999997 0.2953125
1 0.381875 0.428515625 0.38234375 0.4880859375 0.38859374999999996 0.48828125 0.38875000000000004 0.4376953125 0.390625 0.3112796875 0.38390625 0.310546875 0.381875 0.428515625
1 0.6322671875 0.44865468750000004 0.636709375 0.28819062500000003 0.630396875 0.2876078125 0.626953125 0.3796390625 0.6268890625 0.44807031249999996 0.6322671875 0.44865468750000004
1 0.79649375 0.129928125 0.7978953125 0.396503125 0.80736875 0.39459374999999997 0.806640625 0.13061562499999999 0.79649375 0.129928125
0 0.7300125000000001 0.06814218749999999 0.7541875 0.07110625000000001 0.7933749999999999 0.07683124999999999 0.7910046875 0.06814218749999999 0.7392578125 0.061035937500000005 0.379571875 0.0005015625000000001 0.37780468749999996 0.0049375 0.4642046875 0.022225 0.47323125 0.0239359375 0.5562 0.0387125 0.6050796875 0.047528125 0.6653515624999999 0.0576171875 0.7300125000000001 0.06814218749999999
0 0.26103437500000004 0.0169859375 0.3029078125 0.025875 0.37906249999999997 0.0408203125 0.5703125 0.074609375 0.620609375 0.08192812499999999 0.74484375 0.1 0.82543125 0.108171875 0.8262499999999999 0.1015625 0.750625 0.0923828125 0.592446875 0.06976718750000001 0.4606796875 0.0473984375 0.362021875 0.028803125000000002 0.23937499999999998 0.0048828125 0.21890625 0.0005859375 0.21615937500000001 0.0063203124999999995 0.26103437500000004 0.0169859375
0 0.6443953125 0.1394609375 0.7301562500000001 0.1560546875 0.7591218750000001 0.16071249999999998 0.758965625 0.15321875000000001 0.63390625 0.129296875 0.4682875 0.0994359375 0.41796875 0.0896484375 0.36421875 0.0796875 0.3609375 0.0869140625 0.3734375 0.089453125 0.533828125 0.11882187500000001 0.6443953125 0.1394609375
0 0.3046875 0.25390625 0.305625 0.2484375 0.2921234375 0.2398734375 0.28921562500000003 0.23752187500000002 0.27578125 0.226171875 0.25890625 0.2046875 0.23937499999999998 0.174609375 0.2235390625 0.1462328125 0.21671875 0.1326171875 0.21515625 0.1294921875 0.1951203125 0.09130625 0.18656250000000002 0.0703125 0.1759375 0.0482421875 0.16515625 0.0248046875 0.1590625 0.0283203125 0.16375 0.040625 0.1675 0.050390625 0.1836125 0.086928125 0.21363125 0.14321250000000002 0.238646875 0.18699062500000002 0.26625 0.2267578125 0.285175 0.24514999999999998 0.3046875 0.25390625
0 0.18828125 0.1990234375 0.209375 0.2294921875 0.21578124999999998 0.2375 0.24315000000000003 0.268915625 0.26703125 0.28984375 0.285175 0.3033109375 0.29390625 0.30546875 0.2953125 0.299609375 0.2821734375 0.29205468749999997 0.25515625000000003 0.269540625 0.2206359375 0.2345203125 0.188615625 0.187615625 0.1640625 0.154296875 0.1609375 0.15703125 0.1615625 0.1587890625 0.1628125 0.160546875 0.164375 0.1630859375 0.18828125 0.1990234375
0 0.1631203125 0.20116562500000001 0.1581203125 0.20350937500000002 0.18374375 0.2312421875 0.1975 0.2474609375 0.20171875 0.2416015625 0.19578125 0.233984375 0.17109375 0.2013671875 0.16343749999999999 0.19140625 0.1631203125 0.20116562500000001
0 0.1765625 0.261328125 0.1412453125 0.2269453125 0.13921875 0.233984375 0.16530781249999998 0.2609296875 0.1728078125 0.26835156250000003 0.1765625 0.261328125
0 0.859434375 0.18996875 0.879546875 0.1931015625 0.8803890624999999 0.1853078125 0.8066015625 0.1690953125 0.8071078125 0.18025625 0.83199375 0.1846921875 0.859434375 0.18996875
0 0.140625 0 0.15421875000000002 0.0212890625 0.1607703125 0.0194546875 0.14845625 0 0.140625 0
0 0.12984374999999998 0.0767578125 0.11515625 0.052734375 0.109109375 0.052578124999999996 0.12713593750000002 0.08163437500000001 0.12984374999999998 0.0767578125
0 0.226875 0.1837890625 0.1987875 0.1325625 0.17726718749999998 0.092071875 0.1643703125 0.0645953125 0.159375 0.067578125 0.1849734375 0.122646875 0.21000000000000002 0.1693359375 0.2171875 0.18359375 0.25265624999999997 0.23671875 0.26437499999999997 0.250390625 0.26390625 0.25 0.2618640625 0.25043906250000003 0.2547171875 0.2450234375 0.23421875 0.2275390625 0.2049 0.194665625 0.18812500000000001 0.1712890625 0.1732765625 0.1491796875 0.14578125 0.1056640625 0.14296875 0.1111328125 0.1565984375 0.1345609375 0.173125 0.160546875 0.18328125 0.176171875 0.19921875 0.198828125 0.22980781249999999 0.23419374999999998 0.2549328125 0.2545 0.270528125 0.26072656250000004 0.282225 0.2637046875 0.2904546875 0.2696625 0.3041 0.275346875 0.30395 0.274553125 0.30390625 0.269921875 0.29031250000000003 0.263671875 0.30328125 0.2646484375 0.30453125000000003 0.2578125 0.29500000000000004 0.25703125 0.2809375 0.2560546875 0.2609375 0.23515625 0.226875 0.1837890625
0 0.13874999999999998 0.039453125 0.15531250000000002 0.06171875 0.1615625 0.059765625 0.15953124999999999 0.057421875 0.1434375 0.0349609375 0.13874999999999998 0.039453125
0 0.14421875 0.1392578125 0.15453125 0.1490234375 0.15562499999999999 0.14765625 0.15828124999999998 0.1447265625 0.14703125 0.133984375 0.14421875 0.1392578125
0 0.1318859375 0.019921875 0.11578124999999999 0 0.1076546875 0.000609375 0.1287953125 0.026221875 0.1318859375 0.019921875
0 0.20328125 0.1046875 0.325 0.1240234375 0.5062359375 0.15390625 0.7232703125 0.1937515625 0.7243640625000001 0.1882828125 0.6212390625 0.1667984375 0.4684390625 0.140040625 0.31406875 0.1138609375 0.2926625 0.11034531249999999 0.20250625000000003 0.09765 0.20328125 0.1046875
0 0.22000000000000003 0.133203125 0.22181718749999998 0.14150625 0.3235421875 0.155634375 0.43570000000000003 0.1702046875 0.5409578125000001 0.1825671875 0.6276671875 0.192059375 0.7138484375 0.200446875 0.714378125 0.194046875 0.5805109374999999 0.17925625 0.40072343750000006 0.1580625 0.240540625 0.1355453125 0.22000000000000003 0.133203125
0 0.16999999999999998 0.090625 0.138125 0.087109375 0.1375 0.093359375 0.17124999999999999 0.09765625 0.16999999999999998 0.090625
0 0.18875 0.129296875 0.16171875 0.1265625 0.16328125 0.1328125 0.19109375 0.1349609375 0.18875 0.129296875
1 0.40015625000000005 0.481640625 0.40234375 0.482178125 0.404296875 0.482178125 0.40531249999999996 0.359375 0.40625 0.355225 0.40609375 0.3484375 0.40625 0.345459375 0.40625 0.3332515625 0.40531249999999996 0.3271484375 0.40203125 0.326953125 0.400390625 0.3308109375 0.400390625 0.4650875 0.40015625000000005 0.481640625
1 0.416015625 0.435790625 0.416015625 0.37475625 0.41796875 0.3723140625 0.4169921875 0.33935624999999997 0.41328125 0.3390625 0.4140625 0.355225 0.412109375 0.357665625 0.41125 0.4576171875 0.41578125000000005 0.4564453125 0.416015625 0.435790625
1 0.423828125 0.364990625 0.423828125 0.3796390625 0.421875 0.3820796875 0.421875 0.4089359375 0.419921875 0.4113765625 0.419921875 0.43335 0.42000000000000004 0.4517578125 0.42234375 0.4509765625 0.42437500000000006 0.450390625 0.42421875 0.4451171875 0.423828125 0.4382328125 0.423828125 0.4309078125 0.42578125 0.4284671875 0.42578125 0.3991703125 0.427734375 0.396728125 0.427734375 0.3723140625 0.4296875 0.3698734375 0.42953125 0.34921875 0.425625 0.3490234375 0.42578125 0.3625484375 0.423828125 0.364990625
0 0.3834375 0.3123046875 0.37093750000000003 0.28984375 0.36703125000000003 0.2939453125 0.37984375 0.317578125 0.3834375 0.3123046875
0 0.38125 0.322265625 0.36953125 0.3017578125 0.36578125 0.3048828125 0.37703125000000004 0.325390625 0.38125 0.322265625
0 0.3471875 0.2974609375 0.35031249999999997 0.29296875 0.33859374999999997 0.2791015625 0.32406250000000003 0.2521484375 0.3196875 0.254296875 0.32515625 0.266015625 0.33390624999999996 0.2818359375 0.3471875 0.2974609375
0 0.32687499999999997 0.2966796875 0.31359375 0.284375 0.3115625 0.2923828125 0.3228125 0.301171875 0.33125 0.306640625 0.33875 0.307421875 0.34609375 0.312890625 0.35359375000000004 0.3154296875 0.35484375 0.3107421875 0.34968750000000004 0.3080078125 0.34171874999999996 0.2994140625 0.3365625 0.292578125 0.3253125 0.2708984375 0.31921875 0.273828125 0.32999999999999996 0.2935546875 0.33578125000000003 0.3021484375 0.32687499999999997 0.2966796875
0 0.19125 0.2216796875 0.20593750000000002 0.2408203125 0.21156250000000001 0.236328125 0.18562499999999998 0.20078125 0.1640625 0.1708984375 0.1603125 0.1787109375 0.16109374999999998 0.177734375 0.17124999999999999 0.19375 0.19125 0.2216796875
0 0.14781249999999999 0.20703125 0.1878125 0.2521484375 0.19171875 0.246484375 0.1915625 0.2458984375 0.1534375 0.203515625 0.14781249999999999 0.20703125
0 0.18484375 0.25234375 0.14578125 0.209765625 0.14046875 0.2154296875 0.17984375 0.2580078125 0.18484375 0.25234375
0 0.16609374999999998 0.2724609375 0.14890625 0.2564453125 0.14328125 0.260546875 0.16234375 0.2775390625 0.16609374999999998 0.2724609375
0 0.23562500000000003 0.3041015625 0.26265625 0.3158203125 0.28515625 0.3208984375 0.29046875 0.321484375 0.29046875 0.3146484375 0.271875 0.3119140625 0.263125 0.3052734375 0.26515625 0.303515625 0.27921874999999996 0.3087890625 0.290625 0.312890625 0.29078125 0.305078125 0.268125 0.294921875 0.22999999999999998 0.2595703125 0.22828125 0.266796875 0.23921874999999998 0.2771484375 0.26046874999999997 0.2966796875 0.25875 0.296484375 0.238125 0.2826171875 0.23562500000000003 0.28828125 0.2521875 0.3017578125 0.25656249999999997 0.306640625 0.25421875 0.305859375 0.23703124999999997 0.297265625 0.23562500000000003 0.3041015625
0 0.28828125 0.3287109375 0.2925 0.328515625 0.29203125 0.3236328125 0.27875 0.323046875 0.27109375 0.32265625 0.25890625 0.3189453125 0.25921875 0.325 0.27046875 0.328125 0.28828125 0.3287109375
0 0.7924765625 0.1935953125 0.7814390625 0.2124890625 0.7664953125 0.240084375 0.7530796875 0.26364375 0.735928125 0.28869375 0.7257390625 0.303765625 0.7094968749999999 0.3252015625 0.6909875000000001 0.3440921875 0.6800625 0.3542484375 0.668175 0.36401249999999996 0.6607031250000001 0.3657109375 0.6544203125 0.367621875 0.6357406250000001 0.3680453125 0.63426875 0.3738109375 0.653796875 0.3748703125 0.662628125 0.373596875 0.6699296875 0.3702015625 0.691496875 0.352371875 0.711534375 0.3328421875 0.7375171875000001 0.3005765625 0.7666640625000001 0.25494062500000003 0.7860234375 0.21928125 0.797571875 0.1967796875 0.7924765625 0.1935953125
0 0.7901609374999999 0.210146875 0.78065 0.2303125 0.7633296875 0.2636390625 0.7458375 0.29378125 0.7300453124999999 0.3177671875 0.716459375 0.3358109375 0.703384375 0.3506734375 0.6908171875 0.3617109375 0.6848734375000001 0.3670171875 0.675534375 0.3729609375 0.6648359375 0.3774203125 0.649721875 0.37869375 0.634778125 0.374659375 0.6335890625 0.3810265625 0.648703125 0.3846359375 0.6644953124999999 0.3850609375 0.67723125 0.381240625 0.695403125 0.3685046875 0.711365625 0.352584375 0.731234375 0.3285984375 0.752121875 0.2984515625 0.7718203124999999 0.2636390625 0.7971234375 0.2135421875 0.7901609374999999 0.210146875