0 0.31195 0 0.368715625 0.0925296875 0.41109375000000004 0.148828125 0.43046562499999996 0.1718171875 0.4651953125 0.2066328125 0.47067500000000007 0.20493125 0.4323140625 0.164971875 0.3820234375 0.097209375 0.32151406250000003 0.0012984375 0.32068281249999997 0 0.318603125 0 0.31195 0
0 0.2054890625 0 0.32503906250000003 0.1416015625 0.34560625 0.16421875 0.41257968749999996 0.22858593749999997 0.42234375 0.236328125 0.42374999999999996 0.237109375 0.425625 0.23828125 0.428975 0.23337500000000003 0.421875 0.226953125 0.40718750000000004 0.2130859375 0.37370625 0.1809 0.36515624999999996 0.1728515625 0.35281250000000003 0.1611328125 0.3359375 0.14140625 0.310078125 0.11202343749999999 0.2351953125 0.0219734375 0.2156640625 0 0.2054890625 0
0 0.0712375 0 0.11789374999999999 0.0547109375 0.146225 0.0828609375 0.1654328125 0.1012328125 0.1902515625 0.125928125 0.2181734375 0.1552671875 0.2915203125 0.2221859375 0.29785 0.22811875 0.355375 0.2719796875 0.38765625 0.291015625 0.400575 0.29707812499999997 0.403865625 0.2966875 0.40390625 0.2943359375 0.403865625 0.292071875 0.4021875 0.2912109375 0.3983078125 0.288996875 0.39187500000000003 0.2859375 0.35515625 0.2619140625 0.302596875 0.221528125 0.294184375 0.2139234375 0.2888078125 0.208603125 0.2429953125 0.16746250000000001 0.14350156249999999 0.06697031249999999 0.0828515625 0 0.0712375 0
0 0.3081921875 0.141484375 0.3545375 0.1898203125 0.35968125 0.195221875 0.41544375 0.2435765625 0.4415765625 0.2595234375 0.44342812499999995 0.255153125 0.43170000000000003 0.2469203125 0.3712046875 0.195478125 0.35062812499999996 0.17413125000000002 0.28423906250000003 0.10305781249999998 0.1972078125 0.00100625 0.19680781249999998 0.0002578125 0.1942125 0.0002578125 0.1854296875 0.0002578125 0.29901093749999996 0.1330015625 0.3081921875 0.141484375
0 0.0996984375 0 0.175690625 0.08540468749999999 0.26749999999999996 0.1796875 0.35649375 0.255053125 0.36160625 0.25040625 0.34765625 0.2392578125 0.31390625 0.2107421875 0.276084375 0.1748765625 0.18312656249999998 0.0807578125 0.1103515625 0 0.0996984375 0
0 0.5225 0.32890625 0.5178125 0.3162109375 0.50874375 0.2926640625 0.4885328125 0.2295015625 0.4839546875 0.23220468749999998 0.48802031250000005 0.24510625 0.49005312500000003 0.25096875 0.508190625 0.308434375 0.51328125 0.321484375 0.5215625 0.343359375 0.52421875 0.342578125 0.52796875 0.3416015625 0.5225 0.32890625
1 0.5318703124999999 0.33211875 0.53515625 0.3479 0.539296875 0.3458953125 0.5395375 0.3342171875 0.544921875 0.325928125 0.5440890625 0.32014062499999996 0.5400390625 0.31982499999999997 0.5373812499999999 0.31894374999999997 0.5335468750000001 0.3186421875 0.5256406250000001 0.3210390625 0.5259375000000001 0.3265625 0.5318703124999999 0.33211875
0 0.6278359375 0.3747328125 0.6277203124999999 0.3703375 0.6084734375 0.36805468750000003 0.5822859375 0.364815625 0.5819890625 0.36972499999999997 0.6064703125 0.3727859375 0.6278359375 0.3747328125
0 0.5319499999999999 0.3571640625 0.5131078125 0.353734375 0.5127421875 0.35762031250000004 0.53066875 0.36036562499999997 0.5319499999999999 0.3571640625
0 0.5317671875000001 0.351446875 0.51420625 0.3477890625 0.5131078125 0.3519046875 0.5308531249999999 0.35601875 0.5317671875000001 0.351446875
0 0.5112796875 0.2986265625 0.5109140625 0.3036578125 0.535975 0.30777343749999997 0.611340625 0.318290625 0.612071875 0.31303281250000003 0.5632296875 0.30548593749999997 0.5112796875 0.2986265625
0 0.5068890625 0.2887953125 0.6118890625 0.31120312499999997 0.612803125 0.3052578125 0.5782296875 0.29725625 0.5072546874999999 0.28170625 0.5068890625 0.2887953125
0 0.5120109375 0.2727890625 0.5074375 0.2778203125 0.58088125 0.2937328125 0.6393187499999999 0.3037640625 0.6401421875 0.2965625 0.5731078125 0.2851375 0.5120109375 0.2727890625
0 0.162625 0.0167796875 0.147171875 0 0.13558281249999998 0.00045312499999999997 0.151403125 0.0167796875 0.1525078125 0.025059375000000002 0.2317953125 0.1092265625 0.286065625 0.1671765625 0.305625 0.1880859375 0.3607546875 0.2375453125 0.395 0.26328125 0.40748281249999996 0.2706578125 0.42974218750000004 0.2800859375 0.444459375 0.2828453125 0.46598281249999995 0.2823859375 0.46764687499999996 0.279853125 0.46764687499999996 0.27847187500000004 0.44781250000000006 0.278125 0.4334296875 0.2764046875 0.40031249999999996 0.2578125 0.3438375 0.213396875 0.277603125 0.1453296875 0.2115609375 0.0738078125 0.162625 0.0167796875
1 0.4814453125 0.21484375 0.482421875 0.20874062499999999 0.4658203125 0.205078125 0.45703125 0.21362343749999999 0.462890625 0.21850624999999999 0.46484375 0.23315468749999999 0.47622187499999996 0.4239296875 0.478515625 0.4602046875 0.482421875 0.462646875 0.4864828125 0.46339375 0.4765625 0.325928125 0.474609375 0.23559531250000001 0.4892578125 0.2294921875 0.52350625 0.229509375 0.5240703124999999 0.2161328125 0.4931640625 0.2197265625 0.4745078125 0.2273984375 0.47265625 0.22094687500000001 0.4814453125 0.21484375