1 0.2607421875 0.178028125 0.2626953125 0.170703125 0.20657031250000002 0.1737703125 0.2062703125 0.1824 0.2296890625 0.1809 0.22698749999999998 0.2552109375 0.2401984375 0.25220937499999996 0.240234375 0.1816890625 0.2607421875 0.178028125
1 0.658203125 0.15747031250000001 0.6712359375 0.4698515625 0.678209375 0.46999375 0.677734375 0.3112796875 0.664965625 0.1192578125 0.6583359375 0.1188984375 0.658203125 0.15747031250000001
0 0.1611328125 0 0.21899687499999998 0.113459375 0.226003125 0.1146 0.1672234375 0 0.1611328125 0
0 0 0.20270625 0.065228125 0.19959375 0.18765937500000002 0.1913625 0.1965078125 0.1905921875 0.22907656250000002 0.18785156249999999 0.22846562499999998 0.1853296875 0.227721875 0.18142031249999999 0.1919796875 0.18311093750000002 0.06687499999999999 0.191621875 0 0.19461875 0 0.20270625
0 0.6220703125 0.1586921875 0.36343125 0.1724265625 0.24105625000000003 0.18069531249999998 0.240896875 0.18449218750000002 0.24027656249999998 0.1889625 0.302146875 0.185071875 0.3494765625 0.1821421875 0.62405625 0.1646703125 0.65921875 0.1611328125 0.6577515625 0.15727968750000001 0.6576562499999999 0.15625 0.656875 0.154296875 0.635625 0.155078125 0.6318359375 0.1513671875 0.6274453125 0.152240625 0.6220703125 0.1586921875
0 0.8759421875 0.11114375000000001 0.8751218749999999 0.10429531249999999 0.6829703125 0.10874999999999999 0.6296968749999999 0.10899062500000001 0.40379062499999996 0.11010625 0.2592515625 0.1146234375 0.12339843749999999 0.1166265625 0.0614515625 0.11825625 0.0611484375 0.1260609375 0.1905625 0.12640625 0.3796640625 0.1215171875 0.45986874999999994 0.1215171875 0.6321875 0.116415625 0.746015625 0.11401874999999999 0.75195625 0.11401874999999999 0.8165359375 0.112821875 0.8759421875 0.11114375000000001
0 0.43428125 0.144271875 0.6585953124999999 0.1369359375 0.6605515625 0.128784375 0.6370765625 0.128784375 0.2686546875 0.136121875 0.0599328125 0.1395296875 0.0594171875 0.148975 0.13772656249999998 0.1491890625 0.43428125 0.144271875
0 0.11357656249999999 0.00603125 0.13041562499999998 0.0317890625 0.13628437499999999 0.0277125 0.1184015625 0.0016234374999999999 0.11357656249999999 0.00603125
0 0.15359375 0.0611328125 0.1440625 0.0431640625 0.1408484375 0.0497203125 0.14953125 0.06328125 0.15140625000000002 0.063671875 0.15359375 0.0611328125
0 0.15999531250000001 0.0803765625 0.1809375 0.115625 0.1896875 0.1138671875 0.16386875 0.075159375 0.15999531250000001 0.0803765625
0 0.3219703125 0.22000156249999997 0.3189515625 0.22818125 0.346803125 0.242653125 0.3866796875 0.264553125 0.3868734375 0.2523984375 0.38136562500000004 0.25020312499999997 0.3660359375 0.2427171875 0.3296890625 0.223778125 0.3219703125 0.22000156249999997
0 0.21114531250000002 0.15506718749999998 0.22218749999999998 0.1712890625 0.23160937499999998 0.1701375 0.23160937499999998 0.168946875 0.21495156249999997 0.14832343750000002 0.2070203125 0.1495140625 0.21114531250000002 0.15506718749999998
0 0.26140625 0.1662109375 0.250353125 0.1489765625 0.24937499999999999 0.147265625 0.2427296875 0.1489765625 0.254165625 0.1675078125 0.26140625 0.1662109375
0 0.20406249999999998 0.1365234375 0.198125 0.12734375 0.19328125000000002 0.127734375 0.19624999999999998 0.1333984375 0.1990625 0.1376953125 0.20406249999999998 0.1365234375
0 0.8744031250000001 0.1225765625 0.8494671874999999 0.12317499999999999 0.7197578124999999 0.1258734375 0.666771875 0.127671875 0.6670109375 0.1360640625 0.71849375 0.13341562499999998 0.8746875 0.1307046875 0.8744031250000001 0.1225765625
0 0.4371875 0.2814453125 0.437428125 0.2861390625 0.48445937499999997 0.2629890625 0.5223421874999999 0.2411359375 0.5799875 0.2000375 0.6224390625 0.1662203125 0.6149484375000001 0.1654390625 0.5937218750000001 0.1820875 0.55171875 0.214453125 0.5123546875 0.2424375 0.47531249999999997 0.26272656250000004 0.4371875 0.2814453125
0 0.07734375 0.016015625 0.06703125 0 0.0590625 0.000390625 0.07375000000000001 0.0197265625 0.07734375 0.016015625
0 0.761715625 0.14925 0.667490625 0.1540453125 0.6679703124999999 0.1609390625 0.76195625 0.15524374999999999 0.761715625 0.14925
1 0.943359375 0.5578609375 0.9591734375 0.552384375 0.958984375 0.5358890625 0.958984375 0.44555625 0.9377765625000001 0.076171875 0.9287109375 0.0732421875 0.9214953124999999 0.077334375 0.923828125 0.12084999999999999 0.9363812499999999 0.5000546875 0.93359375 0.552978125 0.943359375 0.5578609375