1 0.258125 0.146484375 0.25515625000000003 0.136328125 0.236328125 0.135303125 0.23421875 0.1193359375 0.25765625000000003 0.1201171875 0.25703125 0.108203125 0.22562500000000002 0.104296875 0.2221703125 0.27462343749999996 0.2234078125 0.47418750000000004 0.2244671875 0.49427656249999996 0.232421875 0.4941890625 0.234375 0.2183109375 0.24421875 0.2162109375 0.244140625 0.2085453125 0.24140625 0.1892578125 0.234375 0.17680625 0.2584375 0.17421875 0.255625 0.1630859375 0.23421875 0.1642578125 0.234375 0.1499515625 0.258125 0.146484375
1 0.956325 0 0.960909375 0.2589125 0.9609375 0.44555625 0.97265625 0.4504390625 0.9780890624999999 0.4474234375 0.978515625 0.4406734375 0.980128125 0.2605796875 0.9765625 0.0402828125 0.9757703125000001 0 0.956325 0
1 0.0146484375 0.2880859375 0.014634375 0.35078437500000004 0.01953125 0.3527828125 0.021484375 0.306396875 0.03203125 0.301171875 0.03 0.2923828125 0.0146484375 0.2880859375
1 0.340578125 0.4564375 0.341796875 0.3015140625 0.3569296875 0.299446875 0.3583734375 0.290215625 0.3447265625 0.29052812499999997 0.319678125 0.290415625 0.319678125 0.30205625 0.333984375 0.3015140625 0.33400625 0.459653125 0.33715 0.4585796875 0.340578125 0.4564375
1 0.36609375 0.3451171875 0.36625 0.3486328125 0.35484375 0.3498046875 0.3558890625 0.35592812500000004 0.365234375 0.355225 0.3671875 0.3698734375 0.3671875 0.45288125 0.373046875 0.455321875 0.37109375 0.357665625 0.382003125 0.35514687500000003 0.38203125 0.3490234375 0.37124999999999997 0.3498046875 0.3725 0.34453125 0.383125 0.3431640625 0.382628125 0.338728125 0.35484375 0.3369140625 0.35453125 0.34375 0.36609375 0.3451171875
1 0.39666875 0.3906953125 0.4051453125 0.3885703125 0.4049890625 0.38172812500000003 0.3996796875 0.37990625 0.3838796875 0.3791875 0.38466093749999997 0.3860296875 0.392578125 0.3894046875 0.392578125 0.455321875 0.39826562499999996 0.45639375 0.39666875 0.3906953125
1 0.4033203125 0.4052734375 0.40139218750000005 0.4833671875 0.40577031249999995 0.4825859375 0.407490625 0.40596718750000005 0.4033203125 0.4052734375
0 0.884659375 0.1638578125 0.7783203125 0.1782234375 0.5791015625 0.192871875 0.45500468749999995 0.196334375 0.3509796875 0.1944828125 0.2584375 0.1923828125 0.24125000000000002 0.192578125 0.24234375 0.1998046875 0.32890625 0.20234375 0.24265625000000002 0.2009765625 0.24328124999999998 0.2091796875 0.24640625 0.208984375 0.24890625000000002 0.20859375 0.526146875 0.20277812499999998 0.6310609375 0.1996734375 0.8269 0.189240625 0.9094765625000001 0.1841625 0.95864375 0.179875 0.9603578125000001 0.1717359375 0.793734375 0.185009375 0.9604671874999999 0.16216406249999998 0.9600140625 0.1516078125 0.884659375 0.1638578125
0 0.15484375 0 0.18921875 0.0462890625 0.1915625 0.05 0.19609375 0.0552734375 0.22125 0.084765625 0.2459375 0.10864218750000001 0.24984375 0.10375937500000001 0.225 0.0783203125 0.1615625 0 0.15484375 0
0 0.12468749999999999 0 0.17171875 0.06015625 0.2234375 0.116796875 0.224609375 0.10864218750000001 0.17640625000000001 0.053515625 0.13296875 0 0.12468749999999999 0
0 0.093125 0 0.17171875 0.09453125 0.22374999999999998 0.1478515625 0.22473281250000002 0.1389359375 0.16109374999999998 0.0708984375 0.11171875 0.0123046875 0.1015625 0 0.093125 0
0 0.322265625 0.28930625 0.30625 0.2634765625 0.32144531249999997 0.28058125 0.3317296875 0.2905953125 0.3363921875 0.2869890625 0.313603125 0.260196875 0.2850390625 0.208915625 0.273125 0.209765625 0.2890109375 0.2384328125 0.315 0.291015625 0.322265625 0.28930625
0 0 0.187890625 0.0672171875 0.2337015625 0.0978125 0.255859375 0.11765624999999999 0.2673828125 0.1565625 0.2857421875 0.16715156250000002 0.289065625 0.17360625000000002 0.29129375 0.1865234375 0.2978515625 0.22390781249999997 0.30269843750000003 0.22390625000000003 0.296484375 0.1901671875 0.28900156250000003 0.1731625 0.284059375 0.1181640625 0.2587890625 0.06588125 0.2222953125 0.0471875 0.2083984375 0.0400390625 0.2001953125 0 0.17944374999999999 0 0.187890625
0 0.398125 0.08203125 0.38921875 0.0849609375 0.3646875 0.0916015625 0.3565625 0.0943359375 0.31546875 0.1041015625 0.25921875 0.1146484375 0.26171875 0.1212890625 0.30890625 0.1125 0.388125 0.09296875 0.4503125 0.073828125 0.46015625 0.069921875 0.56203125 0.0314453125 0.639375 0 0.62390625 0.0001953125 0.4638671875 0.061035937500000005 0.40437500000000004 0.080078125 0.398125 0.08203125
0 0.78171875 0 0.7252390625 0.0227359375 0.6654687499999999 0.046484375 0.5380859375 0.095215625 0.50828125 0.105859375 0.36296875 0.1478515625 0.28250000000000003 0.164453125 0.27218749999999997 0.16640625 0.27421875 0.17421875 0.28046875 0.1728515625 0.3753125 0.1537109375 0.38171875 0.1515625 0.3853125 0.150390625 0.5074546875 0.11484687499999999 0.601084375 0.0810515625 0.6571875 0.0595703125 0.6693749999999999 0.0544921875 0.686875 0.0474609375 0.746359375 0.0232046875 0.7965625000000001 0 0.78171875 0
0 0.7184375000000001 0 0.713125 0.0017578125 0.5818749999999999 0.0490234375 0.54515625 0.062109375 0.5253125 0.06953125 0.5131249999999999 0.0736328125 0.49453125 0.0802734375 0.48328125 0.0837890625 0.38890625 0.1130859375 0.3765625 0.1158203125 0.265 0.141015625 0.26609375 0.1484375 0.26985156250000003 0.1476578125 0.388125 0.1212890625 0.4 0.11796875 0.47984375 0.0927734375 0.5378125 0.0732421875 0.55078125 0.0693359375 0.68411875 0.0181703125 0.73109375 0 0.7184375000000001 0
0 0.31513749999999996 0.4017578125 0.312828125 0.39930937499999997 0.304309375 0.39273437499999997 0.2890625 0.37734375 0.24885000000000002 0.3226453125 0.23517187499999997 0.3016875 0.2338484375 0.3099609375 0.25777031250000004 0.3461953125 0.2960609375 0.39655 0.31475624999999996 0.4107796875 0.33359375 0.4109375 0.33328125000000003 0.403515625 0.32734375 0.4037109375 0.32125 0.4041015625 0.31513749999999996 0.4017578125
0 0.22484375 0.230859375 0.22312500000000002 0.224609375 0.14957499999999999 0.2459828125 0.11140625 0.253125 0.11828125 0.2595703125 0.18390625 0.2431640625 0.22484375 0.230859375
0 0.8374812500000001 0.4420671875 0.839209375 0.44065624999999997 0.8683296875 0.305 0.8922453125 0.1925140625 0.8935718749999999 0.18643749999999998 0.8851749999999999 0.185884375 0.8489156250000001 0.368421875 0.8334734375 0.442878125 0.8374812500000001 0.4420671875
0 1 0.17430625 0.976803125 0.1734515625 0.976803125 0.18244375 1 0.18244375 1 0.17430625
0 1 0.153321875 0.9771453125 0.1511796875 0.9761171875000001 0.1623140625 1 0.1636 1 0.16317187500000002 1 0.153321875
0 0.26445625 0.16128437499999998 0.2582953125 0.148996875 0.25187499999999996 0.147390625 0.2707078125 0.19045937500000001 0.2796953125 0.18965625 0.2578671875 0.12064062499999999 0.25358749999999997 0.121978125 0.26445625 0.16128437499999998
0 0.2368953125 0.1297359375 0.24609375 0.1369140625 0.2505921875 0.13455 0.23921874999999998 0.123828125 0.2368953125 0.1297359375
0 0.26640625 0.1880859375 0.2589375 0.1738734375 0.25337343749999997 0.1760140625 0.2612921875 0.19045937500000001 0.26706875 0.18992343750000001 0.26640625 0.1880859375
0 0.21853125 0.222875 0.15925625000000002 0.2079984375 0.14390624999999999 0.2103515625 0.21484375 0.2279296875 0.21853125 0.222875
0 0.1490203125 0.2079984375 0.22234062500000001 0.2079984375 0.22301875 0.2022640625 0.036184375000000005 0.198178125 0.0438015625 0.2053203125 0.1490203125 0.2079984375
0 0 0.1619140625 0.015803125 0.16414843750000002 0.050746875000000004 0.18445625000000002 0.0516375 0.190578125 0.061653124999999996 0.19753281250000002 0.0672171875 0.19948125 0.0734375 0.19296875 0.0712234375 0.187240625 0.2236859375 0.19753281250000002 0.22435312500000001 0.19030156250000002 0.11351249999999999 0.18111875 0.06610468750000001 0.1755546875 0.0629875 0.17304999999999998 0.055865624999999995 0.172771875 0.049634374999999994 0.1688765625 0.0035609375 0.1382734375 0 0.1363265625 0.00022187499999999999 0.144115625 0.0385046875 0.171103125 0 0.1488453125 0 0.1619140625
0 0 0.256571875 0.07646875 0.24170625 0.0695171875 0.23713437499999998 0 0.2494828125 0 0.25337031250000003 0 0.256571875
0 0.000365625 0.280353125 0.07234375 0.269140625 0.1028109375 0.26366093749999997 0.0960421875 0.256571875 0 0.272578125 0.000365625 0.280353125
0 0.370365625 0.3366703125 0.3514921875 0.3033640625 0.3479390625 0.3086375 0.36503593749999996 0.337225 0.370365625 0.3366703125
0 0.3805796875 0.33528281249999997 0.35815312499999996 0.30031093750000004 0.353490625 0.302809375 0.37658281250000003 0.3383359375 0.3805796875 0.33528281249999997
0 0.2904296875 0.3502703125 0.24446718750000002 0.300865625 0.2360296875 0.2905953125 0.23359375 0.294140625 0.23492031249999998 0.29697968750000003 0.2606765625 0.3286203125 0.28576718749999996 0.35415625 0.2904296875 0.3502703125
0 0.258246875 0.3009953125 0.2455734375 0.28033437499999997 0.24006249999999998 0.28331875 0.2538375 0.30444218749999996 0.258246875 0.3009953125
0 0 0.31875 0.01453125 0.319140625 0.015312500000000001 0.312890625 0 0.3123046875 0 0.31875
0 0.14889687499999998 0.345653125 0.18760625 0.32649062500000003 0.1828125 0.3232421875 0.09812499999999999 0.364453125 0.09983906249999999 0.37032656249999996 0.14889687499999998 0.345653125
0 0.17609375 0.3107421875 0.22140624999999997 0.3091796875 0.220625 0.303515625 0.174375 0.3044921875 0.063125 0.3181640625 0.02109375 0.3232421875 0.0221875 0.330859375 0.14796875 0.3154296875 0.17609375 0.3107421875
0 0.17984375 0.2939453125 0.021718750000000002 0.3109375 0.021249999999999998 0.3177734375 0.18765625 0.3001953125 0.17984375 0.2939453125
0 0.12296875 0.2744140625 0.13218749999999999 0.281640625 0.14796875 0.2931640625 0.15390625 0.296875 0.160625 0.29453125 0.1271875 0.272265625 0.12296875 0.2744140625
0 0.09343749999999999 0.2062328125 0.0834375 0.206640625 0.08687500000000001 0.21015625 0.09140625 0.21484375 0.09859375000000001 0.2216796875 0.1190625 0.239453125 0.16375 0.2642578125 0.2184375 0.2896375 0.21890625 0.282996875 0.18937500000000002 0.269325 0.15484375 0.251746875 0.1275 0.2355296875 0.10953125 0.2218578125 0.09343749999999999 0.2062328125
0 0.2071875 0.2640625 0.18937500000000002 0.2564453125 0.1703125 0.2462890625 0.16359375 0.2494140625 0.19078124999999999 0.2640625 0.21375000000000002 0.273046875 0.216875 0.2671875 0.2071875 0.2640625
0 0.16140625 0.2419921875 0.12640625 0.2216796875 0.10703125 0.2109375 0.10187500000000001 0.2064453125 0.094375 0.207421875 0.10484374999999999 0.216796875 0.13265625 0.2341796875 0.15359375 0.2453125 0.16140625 0.2419921875
1 0.5029296875 0.400390625 0.5 0.404053125 0.5 0.4211421875 0.501196875 0.42545781250000003 0.500709375 0.454525 0.5029296875 0.45654374999999997 0.505859375 0.455321875 0.505859375 0.404053125 0.5029296875 0.400390625
0 0.86388125 0.427978125 0.8676921875 0.43148749999999997 0.9197796874999999 0.2959640625 0.9627640625 0.1870375 0.9574562500000001 0.1831953125 0.9124203124999999 0.2996109375 0.86388125 0.427978125
0 0.8897546875 0.3545171875 0.9568515625 0.18146875 0.9514546875000001 0.17933749999999998 0.8582640625 0.4182015625 0.8626765625000001 0.4229640625 0.8897546875 0.3545171875
0 0.9218546875 0 0.8909203124999999 0.1624078125 0.8982125 0.16185624999999998 0.9271578125 0 0.9218546875 0