1 0.516225 0.3844109375 0.515625 0.3984375 0.516059375 0.417559375 0.51573125 0.43403125 0.5154015625 0.447209375 0.51490625 0.454209375 0.51490625 0.4585328125 0.5144124999999999 0.46306250000000004 0.5147421875 0.4667671875 0.515625 0.4671875 0.5171875 0.4671875 0.519025 0.4673859375 0.5210015625 0.46759218750000003 0.521875 0.4671875 0.521875 0.465625 0.5223187499999999 0.45750156249999996 0.5234375 0.3671875 0.53105 0.3671125 0.53154375 0.362171875 0.528125 0.359375 0.528125 0.3578125 0.5328125 0.353125 0.5328125 0.34375 0.50469375 0.34364218750000003 0.5043656249999999 0.3510546875 0.5140828125 0.3514671875 0.516225 0.3537296875 0.5165546875 0.35785 0.5060125 0.3609375 0.5065062499999999 0.366703125 0.5144124999999999 0.3679375 0.5170484375 0.36835 0.5163890624999999 0.377203125 0.516225 0.3844109375
0 0.8559218749999999 0 0.7717109375 0.095109375 0.716471875 0.1546796875 0.658203125 0.21362343749999999 0.6538296875 0.2184046875 0.6585515625 0.22316562499999998 0.6596734375 0.2224640625 0.666015625 0.21850624999999999 0.7093671875 0.17501093750000002 0.7765578125 0.10377499999999999 0.8665640625 0 0.8559218749999999 0
0 0.71359375 0 0.7018859375 0.0177671875 0.70688125 0.0196890625 0.71578125 0.00625 0.7196875 0 0.71359375 0
1 0.5729265625 0.2998328125 0.574690625 0.274025 0.5546875 0.27202187499999997 0.5544749999999999 0.24236718750000003 0.5479078125 0.24315000000000003 0.546875 0.2695796875 0.5283609375 0.2681671875 0.525390625 0.28178749999999997 0.5250781250000001 0.3008109375 0.5380859375 0.3000984375 0.541015625 0.3086421875 0.5160875 0.312221875 0.51525625 0.3176796875 0.53125 0.323290625 0.533203125 0.35014687499999997 0.54296875 0.362353125 0.541015625 0.479540625 0.548828125 0.48686562499999997 0.552734375 0.362353125 0.5613546875 0.3504546875 0.5625 0.33549843749999997 0.5611984375 0.32465625 0.5885625 0.3244609375 0.5945046875 0.31429687500000003 0.593125 0.3078125 0.556640625 0.30620156249999997 0.55525625 0.2986609375 0.5729265625 0.2998328125
1 0.531346875 0.3181734375 0.53095625 0.46492812499999997 0.53779375 0.46590468749999997 0.5399421875 0.3137765625 0.531346875 0.3181734375
1 0.49560000000000004 0.37472656249999997 0.49560000000000004 0.3869328125 0.49755312500000004 0.38937499999999997 0.49755312500000004 0.39425781249999997 0.501459375 0.39914062499999997 0.501459375 0.4162296875 0.5043890625 0.4198921875 0.50731875 0.41867187499999997 0.50731875 0.4162296875 0.509271875 0.41378906249999997 0.509271875 0.40158125 0.5122015625 0.4003609375 0.51513125 0.39425781249999997 0.51513125 0.38205 0.517084375 0.37960937499999997 0.5168828125 0.373290625 0.49657656250000004 0.37350625000000004 0.49560000000000004 0.37472656249999997
0 0.54859375 0.236328125 0.5684375 0.17265625 0.6029687499999999 0.0431640625 0.5971875 0.0400390625 0.590625 0.0626953125 0.57328125 0.1298828125 0.548828125 0.21606406250000001 0.53 0.2658203125 0.5340625 0.2681640625 0.54859375 0.236328125
1 0.6748046875 0.0439453125 0.70546875 0.041796875 0.705671875 0.021587500000000003 0.6981296875 0.0203453125 0.6923828125 0.029296875 0.6416015625 0.026856249999999998 0.6395703125 0.02059375 0.638578125 0.019353125 0.6357421875 0.01953125 0.6316312500000001 0.019104687500000002 0.6298828125 0.026856249999999998 0.6134375000000001 0.0271484375 0.6095312500000001 0.01796875 0.6 0.0181640625 0.599375 0.0408203125 0.6240625 0.04296875 0.6337890625 0.0463875 0.64453125 0.0573734375 0.6416015625 0.10498125 0.5971875 0.101171875 0.59859375 0.115625 0.6357421875 0.1171875 0.642578125 0.12329062500000001 0.634765625 0.5065921875 0.647578125 0.5105500000000001 0.6482140625 0.45393906250000005 0.65625 0.13305625000000001 0.6650390625 0.1196296875 0.6962890625 0.1220703125 0.7042828125 0.11637187499999999 0.7054734375 0.10867968750000001 0.6982421875 0.107421875 0.658203125 0.10375937500000001 0.658203125 0.0573734375 0.6748046875 0.0439453125
0 0.9088843750000001 0 0.8799484375000001 0.026270312499999997 0.8199453125 0.0856640625 0.7480625 0.15267187499999998 0.689278125 0.203309375 0.65425 0.2284375 0.6551640625 0.23453125 0.689278125 0.21359218750000003 0.7541546875 0.1614296875 0.829996875 0.0894734375 0.860759375 0.057871874999999996 0.8671562500000001 0.061298437500000004 0.8720296875000001 0.0605375 0.9000515625000001 0.029696875 0.898528125 0.0213203125 0.9195453125 0.000378125 0.9088843750000001 0
0 0.6761265625 0.1749890625 0.6977890625 0.12455625 0.69264375 0.1221875 0.656303125 0.20524843750000002 0.6610453125 0.2101546875 0.6761265625 0.1749890625
0 0.6810484375 0.061781249999999996 0.66135 0.10377499999999999 0.666275 0.1064140625 0.682984375 0.079590625 0.7051453125 0.0455125 0.699165625 0.043532812500000004 0.689315625 0.06265937499999999 0.6865015624999999 0.061781249999999996 0.69494375 0.043971875 0.6887875 0.04309375 0.6810484375 0.061781249999999996
0 0.70859375 0.040625 0.7253125 0.0158203125 0.735 0.001171875 0.7290625000000001 0 0.7056250000000001 0.03359375 0.70859375 0.040625
0 0.64265625 0 0.63546875 0.0162109375 0.63953125 0.01875 0.649375 0 0.64265625 0
0 0.6103125 0 0.60421875 0.0158203125 0.60828125 0.0177734375 0.6165625 0 0.6103125 0
0 0.61515625 0.0759765625 0.60703125 0.1013671875 0.61203125 0.1025390625 0.62421875 0.0662109375 0.63078125 0.04609375 0.62578125 0.0455078125 0.61515625 0.0759765625
0 0.5557578125 0.25387031250000003 0.5664281250000001 0.232025 0.5826171875 0.1890234375 0.5954953125 0.15200156250000002 0.6068749999999999 0.119140625 0.6018749999999999 0.118359375 0.5866640624999999 0.163728125 0.565140625 0.2235171875 0.5544703125 0.248353125 0.5544703125 0.25456093750000003 0.5557578125 0.25387031250000003
0 0.5795328125 0.2542671875 0.585025 0.2498375 0.5949125000000001 0.18190937499999998 0.601390625 0.14063125 0.5974406250000001 0.143790625 0.58828125 0.196875 0.5795328125 0.2542671875
0 0.59731875 0.24236718750000003 0.609671875 0.222040625 0.641875 0.159375 0.6395375 0.1528484375 0.6168296875 0.1958890625 0.60359375 0.220703125 0.59296875 0.2375 0.5733953125 0.2701234375 0.57640625 0.2740234375 0.59731875 0.24236718750000003
0 0.6298015625 0.27006874999999997 0.6219875 0.2842296875 0.6114390625 0.3030328125 0.59444375 0.33013906249999997 0.5799875 0.3484515625 0.5659234375 0.3606625 0.5585 0.3648125 0.5526390625000001 0.36603281249999997 0.5534203125 0.37165 0.5567421875 0.3709171875 0.5626015625 0.368475 0.5731515625 0.36139375 0.5821375 0.352359375 0.601671875 0.32745156249999996 0.6133921875 0.3091390625 0.6342953125 0.27299843749999997 0.6407421875 0.2588359375 0.6389828125 0.253953125 0.6298015625 0.27006874999999997
0 0.6272625 0.2607890625 0.61280625 0.2864296875 0.5950296875000001 0.3152421875 0.581746875 0.3333125 0.5723703125 0.34381249999999997 0.5626015625 0.352846875 0.5532250000000001 0.35821875 0.5536156250000001 0.3616390625 0.55928125 0.3584625 0.5678765625 0.3538234375 0.5758859375000001 0.34674218749999997 0.5852625 0.33770625 0.595615625 0.32232343750000003 0.6122203125000001 0.2969296875 0.6329281250000001 0.2610328125 0.641328125 0.24540625 0.638396875 0.2424765625 0.6272625 0.2607890625
0 0.5589062499999999 0.3400390625 0.566875 0.332421875 0.5759375 0.3224609375 0.56984375 0.321484375 0.55859375 0.334765625 0.5589062499999999 0.3400390625
0 0.631696875 0.1211203125 0.626915625 0.12138125 0.6179734375 0.1660859375 0.6090328125 0.21001093750000002 0.6148546875 0.2014328125 0.621925 0.1689453125 0.631696875 0.1211203125
0 0.635384375 0.39181093749999996 0.55234375 0.393359375 0.5519375 0.39901718750000004 0.635709375 0.3981578125 0.635384375 0.39181093749999996
0 0.6359375 0.385546875 0.5522875 0.3865375 0.551771875 0.3916859375 0.635709375 0.391365625 0.6359375 0.385546875