0 0.7523890625 0.345615625 0.7520453125000001 0.33961874999999997 0.6520015625 0.3323390625 0.4844609375 0.309640625 0.48417031250000003 0.3163671875 0.629046875 0.3353375 0.675984375 0.3400484375 0.7523890625 0.345615625
0 0.22895781249999997 0.2678671875 0.3382921875 0.2919859375 0.3390640625 0.2871625 0.184709375 0.252753125 0.1056125 0.2358328125 0.0002578125 0.21030625 0.0002578125 0.21706093750000002 0.10393125 0.24182031249999997 0.22895781249999997 0.2678671875
0 0.21714843749999999 0.192540625 0.177390625 0.1844859375 0.176721875 0.19054374999999998 0.2173625 0.19867812499999998 0.21714843749999999 0.192540625
0 0.44240781250000005 0.2368609375 0.394634375 0.227828125 0.39403125 0.23309843749999998 0.44120312500000003 0.2411265625 0.44240781250000005 0.2368609375
0 0.282225 0.21202187499999997 0.315546875 0.21804375 0.3169515625 0.21829375 0.31675156250000003 0.21302343750000002 0.2832296875 0.2065 0.282225 0.21202187499999997
0 0.22244999999999998 0.11971875000000001 0.1558484375 0.10316406250000001 0.155465625 0.10892187499999999 0.221490625 0.12499687500000001 0.22244999999999998 0.11971875000000001
0 0.22436875 0.10676250000000001 0.1537375 0.0906875 0.1537375 0.096925 0.22264218750000003 0.1134796875 0.22436875 0.10676250000000001
0 0.43533125000000006 0.16781718750000002 0.31082187499999997 0.13979375 0.31018124999999996 0.14661875 0.47758124999999996 0.18137343749999998 0.5858984375 0.202371875 0.58455 0.196703125 0.43533125000000006 0.16781718750000002
0 0.4224640625 0.151203125 0.308296875 0.1262875 0.3071640625 0.13393125 0.46029375000000006 0.1670609375 0.60164375 0.1936765625 0.60255 0.1880140625 0.4224640625 0.151203125
0 0.7239312499999999 0.28262343749999996 0.655128125 0.2710390625 0.6535078125 0.276540625 0.722675 0.2879625 0.7239312499999999 0.28262343749999996
0 0.8245968749999999 0.23245468749999998 0.74244375 0.2212734375 0.6558953125 0.207990625 0.6527999999999999 0.21403750000000002 0.7264359375 0.22568749999999999 0.8250671875 0.2383390625 0.8248328125000001 0.2362796875 0.8245968749999999 0.23245468749999998
0 0.8381624999999999 0.22129062500000002 0.739728125 0.209521875 0.65759375 0.1979328125 0.6573359375 0.20179687500000001 0.65785 0.2040484375 0.7423031250000001 0.21756718749999998 0.8380828125 0.22883124999999999 0.8381624999999999 0.22129062500000002