1 0.1125703125 0.31286562500000004 0.11328125 0.29663125 0.1103515625 0.29296875 0.10535781250000001 0.29197812500000003 0.103515625 0.3015140625 0.103515625 0.345459375 0.102896875 0.35398125 0.099378125 0.4861171875 0.105534375 0.485678125 0.10638281249999999 0.431484375 0.107421875 0.37475625 0.111328125 0.3234859375 0.1201171875 0.31494218749999997 0.14453125 0.3137203125 0.14453125 0.306396875 0.140009375 0.3049515625 0.1357421875 0.30517656249999997 0.125409375 0.3049515625 0.1125703125 0.31286562500000004
1 0.5854171874999999 0 0.5861484375 0.00518125 0.6181640625 0.0122078125 0.62109375 0.0207515625 0.6200390625 0.041448437500000004 0.6005859375 0.0415046875 0.5961453125 0.028953125000000003 0.5880984375 0.0292578125 0.5871234375000001 0.051203125 0.6142578125 0.056153125000000005 0.62109375 0.0769046875 0.6243203125 0.20123281249999997 0.6076484375 0.20492343750000003 0.6083359374999999 0.2160875 0.625 0.21606406250000001 0.6280859375000001 0.4928265625 0.6280859375000001 0.5068453125 0.6471046874999999 0.5068453125 0.64453125 0.21362343749999999 0.6595390625 0.20968749999999997 0.6597828125 0.20176406249999998 0.64453125 0.19897499999999999 0.6393015625 0.062478124999999995 0.6695359375 0.0527265625 0.6697796874999999 0.0307828125 0.6622203125 0.0301734375 0.6572265625 0.0415046875 0.6396484375 0.0415046875 0.6388140625000001 0.0121921875 0.6683171875 0.0060953125 0.6678296875 0 0.6592953125000001 0 0.5854171874999999 0
1 0.541015625 0.4724125 0.5419921875 0.4736328125 0.544921875 0.4724125 0.548828125 0.4650875 0.548828125 0.4309078125 0.55078125 0.4284671875 0.55078125 0.4211421875 0.548828125 0.4187015625 0.548828125 0.4113765625 0.5478515625 0.41015625 0.5439453125 0.41015625 0.541015625 0.416259375 0.541015625 0.4724125
1 0.568453125 0.2610203125 0.56400625 0.2614828125 0.56196875 0.26704062500000003 0.5503453125 0.267190625 0.5503453125 0.253103125 0.5703125 0.2475703125 0.5696875 0.2392578125 0.56703125 0.2357421875 0.56375 0.235546875 0.5621875000000001 0.23984375 0.5509375000000001 0.239453125 0.5510937499999999 0.2240234375 0.5693359375 0.2243765625 0.5703125 0.2182734375 0.568125 0.2107421875 0.55078125 0.2109484375 0.5496875 0.1142578125 0.5565625 0.1107421875 0.55640625 0.1044921875 0.5484375 0.1041015625 0.548828125 0.0913203125 0.5475 0.0857421875 0.54109375 0.0865234375 0.5315624999999999 0.0896484375 0.53171875 0.0953125 0.540625 0.097265625 0.54078125 0.11875 0.5334375 0.1208984375 0.53390625 0.1267578125 0.54171875 0.1287109375 0.54140625 0.2130859375 0.529375 0.21328125 0.52921875 0.2056640625 0.52265625 0.205859375 0.52265625 0.2162109375 0.5232812499999999 0.2203125 0.5421875 0.2224609375 0.54125 0.239453125 0.5296875 0.2404296875 0.5284375 0.2337890625 0.5240625 0.2341796875 0.5231250000000001 0.2384765625 0.5232812499999999 0.24765625 0.54171875 0.2501953125 0.5417734375000001 0.26704062500000003 0.53065625 0.26611562499999997 0.5284328125 0.26194687499999997 0.5234375 0.2615234375 0.523059375 0.26472656250000004 0.523059375 0.2693578125 0.52324375 0.274915625 0.540615625 0.278078125 0.54203125 0.3322265625 0.5337500000000001 0.3322265625 0.5334375 0.3359375 0.53328125 0.33984375 0.5426562500000001 0.3404296875 0.5425046874999999 0.3642828125 0.55030625 0.3645875 0.55030625 0.3545296875 0.55015625 0.339453125 0.55953125 0.3392578125 0.559375 0.331640625 0.5506249999999999 0.3314453125 0.551646875 0.2774890625 0.5756796875 0.2758421875 0.5756796875 0.27121093749999997 0.57030625 0.271440625 0.568453125 0.2610203125
1 0.49953125 0.2650390625 0.5009375 0.2703125 0.5003124999999999 0.2759765625 0.48953125000000003 0.27578125 0.49031250000000004 0.28125 0.50046875 0.28203125 0.501953125 0.2819828125 0.501953125 0.318603125 0.50296875 0.3236328125 0.5046875 0.385546875 0.505 0.3921875 0.509765625 0.3918453125 0.5078125 0.279540625 0.5075000000000001 0.2740234375 0.5175 0.2724609375 0.5170312499999999 0.2658203125 0.5078125 0.267334375 0.5048828125 0.2587890625 0.4990234375 0.2587890625 0.49031250000000004 0.2580078125 0.49093749999999997 0.265234375 0.49953125 0.2650390625
1 0.48687500000000006 0.3056640625 0.48703124999999997 0.311328125 0.49093749999999997 0.311328125 0.49203125 0.4029296875 0.496875 0.401953125 0.49640625 0.305859375 0.48687500000000006 0.3056640625
0 0.1990296875 0.3399390625 0.2331484375 0.3489296875 0.26208437500000004 0.3529015625 0.26258906249999997 0.3482265625 0.236828125 0.3439125 0.20939843749999998 0.3368640625 0.20036718750000002 0.33387656250000003 0.194753125 0.33223437499999997 0.1459390625 0.31371875 0.1435828125 0.317928125 0.1637390625 0.326559375 0.1990296875 0.3399390625
0 0.3182875 0.352740625 0.3003359375 0.352740625 0.28006875 0.35056875 0.27987656250000004 0.35611875 0.29995 0.35853125 0.337203125 0.35853125 0.3759984375 0.3575671875 0.42406249999999995 0.35 0.477140625 0.335609375 0.476175 0.3300609375 0.434096875 0.3418828125 0.39723125000000004 0.34888125 0.371559375 0.3522578125 0.3182875 0.352740625
0 0.4813875 0.3768671875 0.4808078125 0.37107812500000004 0.4553296875 0.37614375 0.4414328125 0.37928125 0.4219375 0.3821765625 0.40379375 0.38458749999999997 0.40263593750000004 0.389896875 0.444328125 0.38458749999999997 0.4813875 0.3768671875
0 0.5265578125 0.226275 0.5268015625 0.22020937499999998 0.42561406249999995 0.22111874999999998 0.3089078125 0.21949375 0.2713734375 0.218953125 0.2709421875 0.22515625 0.29855468749999997 0.22677343749999998 0.43168125 0.2287015625 0.4719609375 0.227790625 0.5265578125 0.226275
0 0 0.1079125 0.05565625 0.11811562499999999 0.155259375 0.1317171875 0.265434375 0.1428515625 0.29453125 0.145703125 0.37631562500000004 0.1504375 0.44974687500000005 0.15325 0.5416562500000001 0.1516421875 0.5409375 0.1470703125 0.5069312499999999 0.146871875 0.4490484375 0.1471796875 0.3871875 0.1455078125 0.3426828125 0.14254375 0.262553125 0.136378125 0.1943 0.12968437500000002 0.0913953125 0.11687812500000001 0 0.10110937499999999 0 0.1079125
0 0.82798125 0 0.7953125 0.037603125 0.72833125 0.11369218750000001 0.680621875 0.16568906249999998 0.6491296875 0.19741718749999998 0.6526546875 0.2012359375 0.6822671875 0.17215156250000002 0.7468984375 0.102528125 0.8157593750000001 0.025265625000000003 0.8383218749999999 0 0.82798125 0
0 0.7708703125 0 0.7349125 0.05287968750000001 0.673571875 0.13601875000000002 0.643959375 0.176265625 0.6448984375 0.18419687499999998 0.6773328125 0.14101406249999998 0.7439234375 0.05173124999999999 0.7804859375000001 0 0.7708703125 0
0 0.68425625 0.092915625 0.73448125 0.0331484375 0.7612 0.0005015625000000001 0.752159375 0 0.72604375 0.0323953125 0.70113125 0.0625296875 0.6754171875 0.0939203125 0.6418671875 0.1290765625 0.64226875 0.1371125 0.68425625 0.092915625
0 0.6537203125 0.074834375 0.6601484375 0.053990625 0.655528125 0.05248437500000001 0.6491 0.0728265625 0.6537203125 0.074834375
0 0.65390625 0.0060546875 0.64328125 0.0357421875 0.6484375 0.0369140625 0.65953125 0.006640625 0.65390625 0.0060546875
0 0.6832812500000001 0 0.6643749999999999 0.0287109375 0.6704687500000001 0.0306640625 0.690625 0 0.6832812500000001 0
0 0.618125 0.01875 0.61125 0.0419921875 0.61609375 0.0421875 0.62171875 0.02109375 0.618125 0.01875
0 0.60109375 0.004296875 0.59140625 0.0279296875 0.5965625 0.0298828125 0.60546875 0.006640625 0.60109375 0.004296875
0 0.5599999999999999 0.335546875 0.57484375 0.3181640625 0.59765625 0.2802734375 0.62390625 0.232421875 0.61984375 0.2287109375 0.6095312500000001 0.248828125 0.5909375 0.283203125 0.57703125 0.3044921875 0.57203125 0.31171875 0.55859375 0.3298828125 0.5599999999999999 0.335546875
0 0.5667187499999999 0.301171875 0.5503125 0.3240234375 0.55203125 0.3294921875 0.5659375 0.3119140625 0.5715625 0.3080078125 0.5795312499999999 0.300390625 0.593125 0.279296875 0.60671875 0.2521484375 0.6209374999999999 0.221484375 0.6168750000000001 0.2197265625 0.58921875 0.2763671875 0.5759375 0.295703125 0.57421875 0.296484375 0.5951562499999999 0.2609375 0.6157812500000001 0.2201171875 0.61046875 0.2189453125 0.59078125 0.258203125 0.5667187499999999 0.301171875
0 0.5803125 0.349609375 0.5828125 0.3451171875 0.57625 0.3408203125 0.5660937500000001 0.3298828125 0.5628124999999999 0.3330078125 0.573125 0.3451171875 0.5803125 0.349609375
0 0.5596875 0.2767578125 0.54953125 0.3017578125 0.5534375 0.306640625 0.5650000000000001 0.2775390625 0.5596875 0.2767578125
0 0.5671875 0.2599609375 0.5709375 0.265234375 0.5823437499999999 0.2462890625 0.60203125 0.2083984375 0.61234375 0.1837890625 0.62296875 0.1564453125 0.6185937499999999 0.15546875 0.60546875 0.187890625 0.59875 0.202734375 0.588125 0.225 0.58125 0.23828125 0.5671875 0.2599609375
0 0.60421875 0.16640625 0.6224999999999999 0.1177125 0.619375 0.1100953125 0.603125 0.152734375 0.590625 0.1859375 0.57515625 0.2171875 0.56546875 0.2333984375 0.5690625 0.2376953125 0.57734375 0.2251953125 0.5900000000000001 0.2005859375 0.60421875 0.16640625
0 0.5962500000000001 0.1554078125 0.60765625 0.124353125 0.61921875 0.0886109375 0.6159375 0.083728125 0.59265625 0.1479859375 0.584375 0.17005625 0.5728125000000001 0.1956421875 0.5650000000000001 0.2083375 0.5696875 0.210290625 0.5746875 0.20169687500000003 0.58484375 0.1827515625 0.5962500000000001 0.1554078125
0 0.57609375 0.1688109375 0.5857812499999999 0.143359375 0.6001562500000001 0.097265625 0.6115625 0.0603515625 0.60734375 0.0563625 0.59078125 0.1090453125 0.5753125 0.1547484375 0.56015625 0.1951171875 0.55265625 0.21021718749999999 0.55671875 0.21099843749999997 0.561875 0.20123281249999997 0.569375 0.1875 0.57609375 0.1688109375
0 0.58015625 0.10078125 0.5912499999999999 0.05390625 0.5856250000000001 0.051953125 0.56984375 0.112890625 0.55671875 0.1681640625 0.5496875 0.1958984375 0.551875 0.2033203125 0.56359375 0.1626953125 0.58015625 0.10078125
0 0.5621875000000001 0.103975 0.5504687500000001 0.152021875 0.5546875 0.1556640625 0.5575 0.146875 0.5701562499999999 0.099609375 0.59078125 0.0058125 0.58390625 0.0036640625000000002 0.5621875000000001 0.103975
0 0.55265625 0.112109375 0.5493750000000001 0.131640625 0.553125 0.1349609375 0.55703125 0.113671875 0.55265625 0.112109375
0 0.5745312499999999 0 0.55390625 0.103515625 0.559375 0.10546875 0.5821875000000001 0 0.57578125 0 0.5745312499999999 0
0 0.5571875000000001 0 0.54125 0.0859375 0.5478125 0.0865234375 0.56375 0 0.5571875000000001 0
0 0.5493750000000001 0 0.53203125 0.08828125 0.538125 0.08828125 0.55640625 0 0.5493750000000001 0
0 0.530625 0.0953125 0.5232812499999999 0.1455078125 0.528125 0.1455078125 0.5346875 0.0962890625 0.530625 0.0953125
0 0.5415625000000001 0.16796875 0.5376562500000001 0.1654296875 0.53015625 0.192578125 0.52546875 0.2052734375 0.52921875 0.2072265625 0.53578125 0.19140625 0.5415625000000001 0.16796875
0 0.52625 0.15234375 0.52171875 0.1525390625 0.51734375 0.1826171875 0.51078125 0.21953125 0.51515625 0.2201171875 0.5215625 0.189453125 0.52625 0.15234375
0 0.5159374999999999 0.2197265625 0.52 0.2197265625 0.52640625 0.1904296875 0.53203125 0.1515625 0.5271874999999999 0.151953125 0.5240625 0.17578125 0.5159374999999999 0.2197265625
0 0.49328125 0.3060546875 0.49421875000000004 0.280859375 0.48921875000000004 0.280859375 0.4884375 0.3060546875 0.49328125 0.3060546875
0 0.50578125 0.25859375 0.51390625 0.2263671875 0.50890625 0.226171875 0.50078125 0.2564453125 0.50578125 0.25859375
0 0.50625 0.259375 0.5092187499999999 0.264453125 0.515 0.2435546875 0.5193749999999999 0.2271484375 0.5142187500000001 0.226953125 0.5109375 0.2416015625 0.50625 0.259375
0 0.51859375 0.2669921875 0.52546875 0.22734375 0.5203125 0.226953125 0.5142187500000001 0.265625 0.51859375 0.2669921875
0 0.51171875 0.3041015625 0.5175 0.2728515625 0.5171875 0.272265625 0.51328125 0.27265625 0.5081249999999999 0.3009765625 0.51171875 0.3041015625
0 0.52015625 0.28515625 0.5259375000000001 0.2490234375 0.5225 0.248046875 0.50984375 0.3134765625 0.5128125 0.3171875 0.52015625 0.28515625
0 0.5298437500000001 0.26328125 0.53578125 0.2494140625 0.53171875 0.2482421875 0.5259375000000001 0.261328125 0.5298437500000001 0.26328125
0 0.5220312500000001 0.2744140625 0.5120312499999999 0.3251953125 0.51625 0.3263671875 0.52640625 0.275390625 0.5220312500000001 0.2744140625
0 0.5198437499999999 0.315625 0.5159374999999999 0.3259765625 0.51734375 0.330078125 0.5198437499999999 0.329296875 0.5231250000000001 0.3275390625 0.5270312500000001 0.3240234375 0.53078125 0.318359375 0.54078125 0.2978515625 0.53703125 0.29609375 0.526875 0.31484375 0.5337500000000001 0.2943359375 0.53796875 0.279296875 0.5328125 0.2791015625 0.5198437499999999 0.315625
0 0.5303125 0.3330078125 0.53421875 0.3271484375 0.54140625 0.3126953125 0.53796875 0.31015625 0.53078125 0.3240234375 0.5276562499999999 0.3294921875 0.5209374999999999 0.336328125 0.52171875 0.3388671875 0.5228125 0.33984375 0.5303125 0.3330078125
0 0.5612812500000001 0.2479046875 0.5548546875 0.2661390625 0.5593703125 0.267440625 0.5659703125 0.249640625 0.5612812500000001 0.2479046875
0 0.560934375 0.22250625 0.5550296875 0.2398734375 0.5598921875 0.24074218749999998 0.565796875 0.2231578125 0.560934375 0.22250625