1 0.3927984375 0 0.3927984375 0.041584375 0.3899921875 0.0486 0.3597484375 0.0477703125 0.3579265625 0.0395796875 0.3497359375 0.0401078125 0.349109375 0.047596875 0.349109375 0.053609375 0.349509375 0.059620312499999994 0.385671875 0.060962499999999996 0.38758750000000003 0.4218578125 0.3871859375 0.430375 0.4004140625 0.4313765625 0.4 0.4169921875 0.39921093750000003 0.11623593750000001 0.41805000000000003 0.106215625 0.41845 0.07114374999999999 0.4000125 0.061625 0.43768906249999995 0.0606234375 0.436609375 0.0442328125 0.428809375 0.043756250000000003 0.4242421875 0.0499390625 0.4153015625 0.050651562500000004 0.4109265625 0.0382875 0.40407656249999996 0.0385234375 0.4002484375 0.048701562500000004 0.40179375000000006 0 0.3927984375 0
0 0.221059375 0.222290625 0.20201406249999998 0.2220234375 0.20222812499999998 0.22764062499999999 0.2208453125 0.22764062499999999 0.221059375 0.222290625
0 0.2653578125 0.2051703125 0.195165625 0.2051703125 0.195165625 0.21025468749999998 0.26514375 0.21025468749999998 0.2653578125 0.2051703125
0 0.34567187499999996 0.100828125 0.244653125 0.10249375000000001 0.244271875 0.10748906250000001 0.3452921875 0.105821875 0.34567187499999996 0.100828125
0 0.3416765625 0.076571875 0.2471265625 0.0777609375 0.24750624999999998 0.08346875000000001 0.341296875 0.081328125 0.3416765625 0.076571875
0 0.336921875 0 0.3418671875 0.0592125 0.350809375 0.15980468750000001 0.3574671875 0.1571890625 0.350428125 0.07633593749999999 0.3458625 0 0.336921875 0
0 0.3761109375 0.11485937500000001 0.37706249999999997 0.11557187499999999 0.386384375 0.11628750000000002 0.386575 0.11129375 0.380296875 0.110815625 0.3761109375 0.10487187499999999 0.372115625 0.105821875 0.374209375 0.1103421875 0.3761109375 0.11485937500000001
0 0.36431562500000003 0.070865625 0.3622234375 0.078 0.375540625 0.0889390625 0.3854328125 0.0894140625 0.384671875 0.08275625 0.375540625 0.08204375 0.36431562500000003 0.070865625
0 0.3665984375 0.1500546875 0.3593703125 0.06040156249999999 0.3536625 0.06111562499999999 0.361271875 0.1507671875 0.3665984375 0.1500546875
0 0.349096875 0 0.350809375 0.039 0.3557546875 0.039474999999999996 0.353853125 0 0.349096875 0
0 0.408071875 0 0.4059796875 0.039474999999999996 0.411115625 0.0397125 0.414540625 0 0.408071875 0
0 0.43870156250000003 0 0.43033124999999994 0.043756250000000003 0.4352765625 0.0449453125 0.44440937500000005 0 0.43870156250000003 0
0 0.4305203125 0.1265125 0.4335640625 0.06159218749999999 0.42804843750000005 0.061829687499999994 0.4244328125 0.1262734375 0.4305203125 0.1265125
0 0.3873359375 0.0998765625 0.362984375 0.100115625 0.36317499999999997 0.10510937499999999 0.3875265625 0.1041578125 0.3873359375 0.0998765625
0 0.3700234375 0.0772875 0.38448125 0.0770484375 0.3882875 0.0770484375 0.38790625 0.07253125 0.3698328125 0.07300625 0.3700234375 0.0772875
0 0.3884765625 0.066346875 0.37744374999999997 0.0580234375 0.372115625 0.060640625000000004 0.3860046875 0.070865625 0.3884765625 0.066346875
0 0.4076921875 0.060876562499999995 0.3981796875 0.065396875 0.3993203125 0.070390625 0.41035468750000004 0.06396874999999999 0.4076921875 0.060876562499999995