1 0.630859375 0.24047812500000001 0.6337890625 0.244140625 0.63671875 0.24292031249999999 0.63671875 0.18432656249999999 0.634765625 0.18188437500000001 0.634765625 0.17211875000000001 0.6298828125 0.1708984375 0.626953125 0.17456093749999999 0.626953125 0.19897499999999999 0.62890625 0.20141562500000001 0.62890625 0.23315468749999999 0.630859375 0.23559531250000001 0.630859375 0.24047812500000001
1 0.552734375 0.3479 0.5546875 0.3503421875 0.5546875 0.3698734375 0.556640625 0.3723140625 0.556640625 0.3991703125 0.560546875 0.3991703125 0.560546875 0.3918453125 0.5625 0.3894046875 0.5625 0.3405765625 0.560546875 0.338134375 0.560546875 0.306396875 0.5576171875 0.302734375 0.5556640625 0.302734375 0.5546875 0.338134375 0.552734375 0.3405765625 0.552734375 0.3479
1 0.5300484375 0.35475625 0.530240625 0.39787343750000004 0.53125 0.4016109375 0.53125 0.435790625 0.5341796875 0.439453125 0.53515625 0.4382328125 0.537109375 0.435790625 0.537109375 0.4309078125 0.5359890625 0.4278140625 0.5363734375 0.4215859375 0.537109375 0.4187015625 0.537109375 0.3869625 0.53515625 0.384521875 0.53515625 0.355225 0.5322265625 0.35400468749999997 0.5300484375 0.35475625
0 0.8804000000000001 0.23228437500000002 0.8320390625 0.2011078125 0.827659375 0.2065828125 0.8776140625 0.23786875 0.8804000000000001 0.23228437500000002
0 0.788546875 0.2289140625 0.7273468750000001 0.2706953125 0.7297 0.2759921875 0.7913718750000001 0.2330328125 0.788546875 0.2289140625
0 0.8426953125000001 0.1836046875 0.7989078125 0.21568281250000002 0.7202890625 0.2642328125 0.721696875 0.26951718750000003 0.7763078125 0.237446875 0.8036125000000001 0.22126406250000002 0.8462171875 0.188603125 0.9533265625 0.10004375000000001 1 0.059143749999999995 0.9994624999999999 0.050317187500000006 0.9799265625 0.0673828125 0.9399109375 0.10210156249999999 0.8878390625 0.146796875 0.8426953125000001 0.1836046875
0 0.8822453124999999 0.1285890625 0.8273999999999999 0.17449375 0.7725593749999999 0.21685781249999997 0.715125 0.2556953125 0.717228125 0.261878125 0.7702093750000001 0.22732812500000002 0.825271875 0.1871421875 0.8834125 0.13800625 0.9286171875000001 0.097990625 0.9895828124999999 0.0426734375 1 0.03208125 0.9997046875000001 0.0211953125 0.987934375 0.0332578125 0.9356781249999999 0.08180625 0.8822453124999999 0.1285890625
0 0.72703125 0.245703125 0.7084374999999999 0.236328125 0.70359375 0.2404296875 0.7223437500000001 0.2501953125 0.72703125 0.245703125
0 0.7859375 0.271484375 0.75515625 0.258984375 0.7501562500000001 0.2630859375 0.7837500000000001 0.2775390625 0.7859375 0.271484375
0 0.9034375000000001 0.0650390625 0.8881265624999999 0.0797015625 0.851875 0.1107421875 0.825646875 0.13348593749999998 0.7623390624999999 0.1875140625 0.69078125 0.2408203125 0.6962421875 0.2443453125 0.7257734375 0.22305625 0.7796796875 0.1810640625 0.8 0.1642578125 0.8540625000000001 0.118359375 0.9064062500000001 0.0722796875 0.9628140625 0.017790624999999997 0.9785953125000001 0.0015796875 0.9729703125 0 0.9531265624999999 0.017790624999999997 0.9034375000000001 0.0650390625
0 0.95464375 0 0.9207796874999999 0.0344546875 0.8749453125000001 0.0765875 0.83109375 0.11640625 0.8058375 0.139053125 0.7661484375 0.17381249999999998 0.722709375 0.208975 0.6750546875000001 0.24236718750000003 0.67875 0.2482421875 0.6884984375000001 0.241015625 0.719375 0.21953125 0.7333484375 0.20928437500000002 0.763746875 0.185265625 0.7906859374999999 0.1626953125 0.8253734375 0.13359375 0.8774046875 0.085546875 0.91650625 0.048717187499999995 0.9636546875 0 0.95464375 0
0 0.6692203125 0.21989687500000002 0.67234375 0.2244140625 0.6951562499999999 0.20390625 0.74875 0.1529296875 0.8403124999999999 0.0615171875 0.8992140624999999 0.0007765625 0.8917140625 0 0.8593703125 0.031440625 0.7951515625 0.0958953125 0.7531234375 0.1386453125 0.709446875 0.180340625 0.6692203125 0.21989687500000002
0 0.6259375 0.1884765625 0.6125 0.2328125 0.6168750000000001 0.23359375 0.62734375 0.2013671875 0.62609375 0.1900390625 0.6259375 0.1884765625
0 0.6659375 0.2166015625 0.63578125 0.17890625 0.63578125 0.1869140625 0.6609375 0.21953125 0.6659375 0.2166015625
0 0.58015625 0.3462890625 0.57625 0.3490234375 0.57078125 0.3505859375 0.5625 0.3498046875 0.5625 0.3533203125 0.56375 0.3537109375 0.57203125 0.3544921875 0.578125 0.35234375 0.58484375 0.34921875 0.5921875 0.343359375 0.5951562499999999 0.3412109375 0.5974999999999999 0.33828125 0.5974999999999999 0.3365234375 0.5923437500000001 0.334375 0.58484375 0.343359375 0.58015625 0.3462890625
0 0.5628124999999999 0.3443359375 0.56328125 0.348828125 0.5709375 0.3484375 0.57609375 0.3478515625 0.5834374999999999 0.3421875 0.5925 0.3330078125 0.58796875 0.331640625 0.58046875 0.337890625 0.5746875 0.3431640625 0.5704687500000001 0.3443359375 0.5634375 0.344140625 0.5628124999999999 0.3443359375
0 0.563125 0.3404296875 0.57140625 0.3380859375 0.5771875 0.335546875 0.5862499999999999 0.32890625 0.58375 0.3248046875 0.57703125 0.3294921875 0.5721875 0.3326171875 0.5684375 0.334375 0.5639062499999999 0.3357421875 0.56078125 0.3359375 0.563125 0.3404296875
0 0.57640625 0.3117203125 0.5678124999999999 0.31796875 0.5603125 0.3209 0.56140625 0.3253921875 0.5703125 0.322071875 0.5779671875 0.316265625 0.5778125000000001 0.314259375 0.57640625 0.3117203125
1 0.41199062499999994 0.33613593750000004 0.41199062499999994 0.3431140625 0.41859375 0.34375 0.41858593749999995 0.34924374999999996 0.41080625 0.348821875 0.41114531249999997 0.353471875 0.4197703125 0.35431875 0.420446875 0.3896234375 0.42467499999999997 0.3894125 0.42552031250000005 0.3547421875 0.43279218750000004 0.3547421875 0.43313125 0.348821875 0.42484374999999996 0.3481875 0.42484374999999996 0.3437484375 0.43346875 0.34395937499999996 0.4341453125 0.3365609375 0.41199062499999994 0.33613593750000004
1 0.4341453125 0.3906796875 0.4338078125 0.3617171875 0.43786718750000003 0.36150625000000003 0.43786718750000003 0.3570671875 0.426534375 0.3570671875 0.426534375 0.3619296875 0.43025624999999995 0.3623515625 0.4312703125 0.3908921875 0.4341453125 0.3906796875