1 0.6854359375 0 0.6854546874999999 0.0646578125 0.65703125 0.04296875 0.63828125 0.037109375 0.60234375 0.033203125 0.581646875 0.033437499999999995 0.581646875 0.0449390625 0.5906343749999999 0.04815 0.646915625 0.050556250000000004 0.68479375 0.0797140625 0.686575 0.1480359375 0.6812 0.1722671875 0.681584375 0.1876234375 0.686575 0.1866625 0.6920531249999999 0.4666234375 0.693634375 0.4913140625 0.70625 0.4951171875 0.6989171875 0.0521625 0.6976328125 0 0.6854359375 0
1 0.5383796875 0.2087484375 0.5611328125 0.21484375 0.5640625 0.2490234375 0.5402078125 0.2501421875 0.5391921875000001 0.2585234375 0.565625 0.2626953125 0.5671875 0.4189453125 0.56875 0.4404296875 0.5765625 0.4404296875 0.5734375 0.2607421875 0.5970921875 0.25826875 0.5984375 0.2509765625 0.5734375 0.2470703125 0.575 0.2138671875 0.5956703125 0.20620937499999997 0.5962796875 0.19605 0.570071875 0.1952890625 0.5383796875 0.19503593749999998 0.5383796875 0.2087484375
1 0.5375 0.2978515625 0.53125 0.3154296875 0.5390625 0.3251953125 0.5389890625 0.43375 0.5453125 0.4326171875 0.5453125 0.3193359375 0.5568671875 0.3161703125 0.5588984375 0.3075375 0.546875 0.3076171875 0.546875 0.2919921875 0.5611328125 0.2851890625 0.5586953125 0.270459375 0.5205015625 0.2689359375 0.519484375 0.28950624999999997 0.5375 0.2978515625
1 0.5296875 0.3212890625 0.5375 0.3134765625 0.53614375 0.310584375 0.52265625 0.310546875 0.512375 0.311853125 0.512375 0.3184578125 0.525 0.3193359375 0.5270015625 0.44238437499999994 0.531878125 0.4434 0.5296875 0.3212890625
0 0.803125 0.0009765625 0.7960515625 0 0.69975625 0.11312343750000001 0.70015625 0.1185546875 0.70125 0.1181640625 0.7034374999999999 0.1171875 0.711353125 0.1076875 0.803125 0.0009765625
0 1 0.305121875 0.9886921875000001 0.3011578125 0.923153125 0.27636875 0.8407015624999999 0.238334375 0.7820546875 0.20796718749999998 0.7204625 0.1705453125 0.7102125 0.1657828125 0.7064796875 0.1690125 0.753559375 0.1984375 0.7903046875 0.218890625 0.8382453125 0.244009375 0.8947984375000001 0.27128125000000003 0.929534375 0.286353125 0.96915 0.3010640625 1 0.312109375 1 0.305121875
0 1 0.077859375 0.91718125 0.0459078125 0.8635796875 0.022334375 0.8606015625 0.026056249999999996 0.8851687500000001 0.0369125 0.9263625 0.05521406250000001 0.9695406249999999 0.072275 0.9998156249999999 0.08468281250000001 1 0.077859375
0 1 0.06235 0.9308296875 0.0384640625 0.8685421874999999 0.0170609375 0.864571875 0.020471875 0.9355437500000001 0.05211249999999999 1 0.0772375 1 0.07103437500000001 0.9410031249999999 0.049320312500000005 0.9417484375 0.0465296875 1 0.0673125 1 0.06235
0 0.8496828125 0.040325 0.87425 0.0080640625 0.879709375 0.0018609375000000002 0.875 0 0.845959375 0.0353609375 0.8496828125 0.040325
0 0.846675 0.0384859375 0.7991578125000001 0.0048109375 0.796525 0.007689062500000001 0.819221875 0.025984374999999997 0.8506171874999999 0.046403125 0.8798890625 0.0676734375 0.9176484374999999 0.09312812499999999 0.960071875 0.11937968750000001 0.9847671874999999 0.1352671875 0.9862515625 0.130759375 0.9618578125000001 0.11485156249999999 0.89885625 0.0740171875 0.846675 0.0384859375
0 0.8460484375 0.18669843749999998 0.7802046875 0.1736875 0.7342109375 0.1655171875 0.7008046875 0.160978125 0.7003203124999999 0.1664265625 0.7400203125 0.172175 0.8104640625 0.18579062500000001 0.8830859375 0.1994078125 0.9656343749999999 0.2124203125 0.9995234375000001 0.218471875 0.999765625 0.2124203125 0.999871875 0.2106046875 0.961034375 0.20455312499999997 0.8930109375 0.193659375 0.8460484375 0.18669843749999998
0 0.8159578125 0.011478125 0.8052890625 0.0269 0.7925921875 0.041425000000000003 0.7709984375000001 0.0667203125 0.7509546874999999 0.087609375 0.7419765625 0.0968609375 0.73503125 0.10187500000000001 0.71436875 0.11287499999999999 0.7015515625 0.11933281250000001 0.70308125 0.12315781249999999 0.7071578125 0.122396875 0.7187781249999999 0.1175546875 0.7385765625 0.10625625000000001 0.7499828125 0.0968421875 0.76676875 0.0801640625 0.7863515624999999 0.0589125 0.80765625 0.0333578125 0.824228125 0.009953125 0.825734375 0.007531250000000001 0.8214296875 0.0040359375000000005 0.8159578125 0.011478125
0 0.7354015625 0.11395312500000002 0.69979375 0.1500140625 0.7016875 0.1555328125 0.7282046875 0.12934218749999998 0.756575 0.1003671875 0.7992250000000001 0.058875 0.8418749999999999 0.01599375 0.8559687500000001 0.0002328125 0.8509625 0.0002328125 0.84818125 0.0030140625000000002 0.8123921875000001 0.0377828125 0.7614484375 0.087990625 0.7354015625 0.11395312500000002
0 0.8440625 0.016796875 0.85625 0.0224609375 0.85859375 0.019140625 0.8451562499999999 0.0130859375 0.8426562499999999 0.015625 0.8440625 0.016796875
0 0.8612500000000001 0.015625 0.84796875 0.008984375 0.8453125 0.0125 0.8590625 0.019921875 0.8612500000000001 0.015625
0 0.8448437500000001 0.0328125 0.8520312499999999 0.0212890625 0.8474999999999999 0.0189453125 0.83984375 0.032421875 0.8426562499999999 0.03515625 0.8448437500000001 0.0328125
0 0.7034374999999999 0.1544921875 0.7046875 0.1591796875 0.73828125 0.1431640625 0.7509375 0.1357421875 0.7603125000000001 0.1279296875 0.773015625 0.11812343750000001 0.7845328125 0.10865781249999999 0.793209375 0.0997828125 0.80546875 0.08828125 0.8130875 0.079078125 0.8201859375 0.0721765625 0.8187656249999999 0.0759234375 0.8146875 0.08125 0.80796875 0.0912109375 0.8009375000000001 0.10234375 0.788125 0.119140625 0.7720703125 0.1366609375 0.776171875 0.138040625 0.7832703125 0.1313359375 0.7927703125 0.12110000000000001 0.8041656250000001 0.10706875 0.817603125 0.0852828125 0.8303593749999999 0.0638078125 0.8393734374999999 0.0493515625 0.8458375 0.0429734375 0.8457437499999999 0.042595312499999996 0.8394328124999999 0.03924375 0.836278125 0.0437796875 0.8280734375 0.055018750000000005 0.8165625000000001 0.069140625 0.7981 0.0871640625 0.775540625 0.10846093750000001 0.7479328125 0.13113906250000001 0.7034374999999999 0.1544921875
0 0.9890125 0.1900390625 0.90995 0.1748046875 0.83916875 0.1580078125 0.754040625 0.1337890625 0.7496875000000001 0.1380859375 0.7853125000000001 0.147265625 0.83375 0.1615234375 0.89323125 0.1796875 0.936825 0.19375 0.9779687499999999 0.20390625 0.979325 0.1994140625 0.927634375 0.186328125 0.926853125 0.185546875 0.9887 0.1970703125 0.9890125 0.1900390625
0 0.721225 0.12530312500000002 0.7006578125 0.12076562500000002 0.69979375 0.12530312500000002 0.719325 0.1298390625 0.721225 0.12530312500000002
0 0.756828125 0.1512265625 0.767371875 0.1443140625 0.7625 0.141796875 0.7564062500000001 0.1453125 0.74828125 0.1484375 0.7434375 0.1490234375 0.730040625 0.1479859375 0.7265828125 0.15144375000000002 0.729003125 0.1525234375 0.74369375 0.154034375 0.756828125 0.1512265625
1 0.512375 0.34334375 0.514609375 0.4073390625 0.5174531250000001 0.407846875 0.51725 0.3430890625 0.5237515625 0.342075 0.5247671875 0.33699375 0.5003875 0.336740625 0.500996875 0.34283593749999997 0.512375 0.34334375
0 0 0.13777187500000002 0.0259171875 0.13456875 0.0845859375 0.1224640625 0.2057625 0.09825625 0.3186015625 0.070753125 0.41361875000000003 0.0438203125 0.509815625 0.014607812500000001 0.545015625 0.0023421875 0.5371078125000001 0.000259375 0.5346484375 0.0009124999999999999 0.4969140625 0.0130859375 0.41048906250000006 0.038951562499999995 0.30624375000000004 0.0678609375 0.21064687499999998 0.089771875 0.1502484375 0.103009375 0.061045312500000004 0.12147812499999999 0 0.1316234375 0 0.13777187500000002
0 0.1791828125 0.18134375 0.2679515625 0.1433265625 0.3513234375 0.10658281249999998 0.43471562500000005 0.0672890625 0.5143328125 0.02970625 0.5520921875 0.0114453125 0.5722765625 0.0015609375 0.566275 0 0.4627078125 0.0482828125 0.3414203125 0.10527968750000001 0.23378593749999999 0.1525609375 0.109534375 0.20300156249999998 0.044559375 0.22865000000000002 0.0450140625 0.23435 0.098134375 0.21497031249999998 0.1791828125 0.18134375
0 0.3472578125 0.19963906250000002 0.2380453125 0.2083625 0.0986859375 0.2147390625 0.0867 0.2211125 0.1323328125 0.2191 0.2634828125 0.213396875 0.489365625 0.1922578125 0.6025343750000001 0.1771578125 0.6609812500000001 0.167384375 0.6626125 0.16178125000000002 0.6033703125 0.1718515625 0.5821562499999999 0.17414687499999998 0.485234375 0.18688906249999998 0.3472578125 0.19963906250000002
0 0.5750171875000001 0.310296875 0.57606875 0.3145640625 0.59471875 0.2919078125 0.6335968750000001 0.23937031250000002 0.678778125 0.1815796875 0.682928125 0.17946562500000002 0.68245625 0.169759375 0.6761515625000001 0.1737015625 0.670109375 0.1815796875 0.6370109375 0.22656562500000002 0.6149453125 0.2541484375 0.5750171875000001 0.310296875
0 0.686659375 0.134296875 0.6861328125 0.1290453125 0.68376875 0.1290453125 0.674575 0.145790625 0.6530343750000001 0.18026718749999998 0.6228265625 0.228534375 0.6018109375 0.2636703125 0.5739671875 0.3007734375 0.5752796874999999 0.3070140625 0.6028625 0.27155 0.6275546875 0.23214843749999997 0.6543484375 0.1891328125 0.6737875 0.155640625 0.6764140624999999 0.15531250000000002 0.6803546875 0.1503875 0.68298125 0.14611875000000002 0.68324375 0.140209375 0.68376875 0.1365953125 0.686659375 0.134296875
0 0.6878859375 0.286109375 0.616753125 0.2636890625 0.6134921875 0.2685296875 0.656090625 0.28228749999999997 0.68768125 0.292734375 0.6878859375 0.286109375
0 0.62021875 0.2262375 0.5741546875 0.24025 0.5745625000000001 0.24534531249999997 0.620421875 0.2315875 0.62021875 0.2262375
0 0.5759890624999999 0.1966828125 0.5959640625 0.1872578125 0.61125 0.1791046875 0.60484375 0.1775390625 0.572728125 0.1938828125 0.5759890624999999 0.1966828125
0 0.62694375 0.1678953125 0.6823828125 0.13146249999999998 0.679325 0.12713125 0.657925 0.1419078125 0.621440625 0.1653484375 0.62694375 0.1678953125
0 0.33490625 0.2984765625 0.411053125 0.2729171875 0.47756406250000005 0.247946875 0.527153125 0.224153125 0.54525 0.21445625000000001 0.5389046875 0.2124 0.5005953125 0.23149531250000002 0.454296875 0.250884375 0.3856703125 0.27703125 0.333965625 0.2955390625 0.33490625 0.2984765625
0 0.4636234375 0.273703125 0.50123125 0.26403906250000003 0.539884375 0.25489843749999996 0.5386296875000001 0.2499359375 0.462996875 0.268478125 0.4636234375 0.273703125
0 0.5815046875000001 0.12150000000000001 0.5669562499999999 0.17451875 0.5715015625000001 0.1741109375 0.5765984375000001 0.1552390625 0.586034375 0.1233890625 0.5815046875000001 0.12150000000000001
0 0.42424531249999997 0.33156093750000004 0.475478125 0.3028515625 0.5060156250000001 0.28550156250000003 0.49970625 0.283609375 0.4224796875 0.3255671875 0.42424531249999997 0.33156093750000004
0 0.39093125 0.32588125 0.45983124999999997 0.2993828125 0.48910625 0.28802500000000003 0.48128281250000005 0.2848703125 0.3884078125 0.32051875 0.39093125 0.32588125
0 0.7011609375 0.06502187499999999 0.7254765625 0.0107734375 0.7199359375000001 0.010003125 0.71378125 0.025392187500000003 0.698390625 0.06002031249999999 0.7011609375 0.06502187499999999