1 0.23807031250000002 0.08906562500000001 0.24671875000000001 0.0880859375 0.24640625 0.0736328125 0.2448109375 0.0734203125 0.2387921875 0.074021875 0.2349421875 0.0788359375 0.213125 0.078125 0.212890625 0.064696875 0.2135171875 0.052959374999999996 0.22555312500000002 0.05265625 0.2467453125 0.0521875 0.2462765625 0.037331249999999996 0.2379890625 0.03576875 0.23564375 0.0431953125 0.2197265625 0.0439453125 0.21046874999999998 0.0371359375 0.20249375 0.0375265625 0.1982421875 0.0439453125 0.16871875 0.0435875 0.16950156249999998 0.053946875000000005 0.200759375 0.0535609375 0.20046875000000003 0.0767578125 0.1748046875 0.078125 0.16859375000000001 0.0783203125 0.16921875 0.0845703125 0.16953125 0.0888671875 0.1943359375 0.0903328125 0.201171875 0.0988765625 0.200775 0.11453906250000001 0.16898437500000002 0.11343906249999999 0.16918906250000001 0.1198171875 0.1696578125 0.124115625 0.1982421875 0.1245125 0.201171875 0.13061562499999999 0.20895625 0.36253125 0.211125 0.42105625 0.218928125 0.41943125 0.2130359375 0.125475 0.24502656250000002 0.1248984375 0.24562499999999998 0.11015625 0.24578125 0.10625 0.23828125 0.1068359375 0.23533125 0.11453906250000001 0.214378125 0.11434375000000001 0.212890625 0.0988765625 0.21421874999999999 0.0900390625 0.23807031250000002 0.08906562500000001
1 0.348175 0.2212203125 0.362940625 0.2198828125 0.36343749999999997 0.208984375 0.35921875000000003 0.20859375 0.35546875 0.2125 0.33203125 0.21362343749999999 0.3327671875 0.218009375 0.33961562500000003 0.22175625000000002 0.33875937500000003 0.23272187500000002 0.330078125 0.23559531250000001 0.3297703125 0.24208593750000001 0.34047031250000004 0.242353125 0.33982812500000004 0.2576 0.330840625 0.2589375 0.33203125 0.2648921875 0.34047031250000004 0.265625 0.341796875 0.3137203125 0.34765625 0.3137203125 0.348175 0.26616093749999997 0.3635828125 0.2637515625 0.363796875 0.256796875 0.356734375 0.2576 0.3483890625 0.25706406249999997 0.34731875 0.24208593750000001 0.362940625 0.2412828125 0.36265625 0.2318359375 0.348603125 0.23379218750000003 0.348175 0.2212203125
0 0.059278125 0 0.053285937500000005 0.0018734375 0.12411875000000001 0.079446875 0.1679890625 0.126259375 0.16970000000000002 0.11984062499999999 0.1305390625 0.07730624999999999 0.059278125 0
0 0.1609015625 0.10613281249999999 0.16948593750000002 0.11529062500000001 0.174725 0.1118921875 0.1587859375 0.09442500000000001 0.12090937500000001 0.0497546875 0.0771203125 0 0.0697640625 0.0018734375 0.1360390625 0.0791609375 0.1609015625 0.10613281249999999
0 0.186178125 0.1385640625 0.17419374999999998 0.12411875000000001 0.16970000000000002 0.126525 0.18425156250000002 0.1425765625 0.186178125 0.1385640625
0 0.19559375 0.13642343750000002 0.1851078125 0.12438750000000001 0.179115625 0.1251890625 0.1925984375 0.139365625 0.19559375 0.13642343750000002
0 0.14072968749999998 0 0.1444828125 0.0041046875 0.1762734375 0.04368125 0.1842 0.0424140625 0.14870468750000002 0 0.14072968749999998 0
0 0.2117203125 0.0353765625 0.1831046875 0 0.1756 0.0005859375 0.20468281250000003 0.0375265625 0.2117203125 0.0353765625
0 0.20890468750000002 0 0.2375203125 0.0371359375 0.24502656250000002 0.0353765625 0.2170359375 0 0.20890468750000002 0
0 0.24359375 0.072265625 0.22562500000000002 0.0533203125 0.220625 0.056640625 0.2375 0.075390625 0.24359375 0.072265625
0 0.24874999999999997 0.115625 0.24562499999999998 0.1228515625 0.25515625000000003 0.1392578125 0.276875 0.1771484375 0.27765625 0.1765625 0.2784375 0.16796875 0.24874999999999997 0.115625
0 0.2496875 0.08359375 0.2459375 0.0892578125 0.26296875000000003 0.1208984375 0.2759375 0.1423828125 0.2765625 0.1404296875 0.27703125 0.13359375 0.2496875 0.08359375
0 0.3046875 0.178515625 0.28718750000000004 0.153125 0.28484375 0.1587890625 0.30062500000000003 0.183203125 0.3046875 0.178515625
0 0.2846875 0.1263671875 0.3046875 0.1611328125 0.30734374999999997 0.1595703125 0.3096875 0.1576171875 0.28890625000000003 0.123828125 0.2846875 0.1263671875
1 0.8203125 0.23803749999999999 0.8271484375 0.244140625 0.8310546875 0.244140625 0.8330078125 0.24658281249999997 0.8359375 0.24536093750000001 0.837890625 0.24292031249999999 0.837890625 0.22338906249999999 0.8359375 0.22094687500000001 0.8359375 0.21362343749999999 0.8330078125 0.2099609375 0.8291015625 0.2099609375 0.82421875 0.21606406250000001 0.82421875 0.22827187499999999 0.822265625 0.23071250000000001 0.8203125 0.23803749999999999
0 0.7872078124999999 0.242490625 0.8196140625 0.233946875 0.820275 0.2281609375 0.75855 0.24551875 0.76009375 0.24910312499999998 0.7872078124999999 0.242490625
0 0.6486 0.2675796875 0.6116671874999999 0.2708796875 0.611290625 0.275353125 0.6342796875000001 0.2737046875 0.6876078125 0.26593125 0.6868531250000001 0.2609859375 0.6486 0.2675796875
0 0.6512390625 0.278653125 0.615059375 0.27982968750000003 0.615059375 0.28383437499999997 0.6508625 0.2833625 0.6512390625 0.278653125
0 0.3848890625 0.2682875 0.35041406249999996 0.26475312500000003 0.34890625000000003 0.268053125 0.35011562500000004 0.26875781249999997 0.3911953125 0.274175 0.4369859375 0.2779453125 0.4861671875 0.27982968750000003 0.56409375 0.2791234375 0.5884015625 0.278415625 0.5882125 0.274175 0.5399734375 0.275825 0.47462499999999996 0.27540624999999996 0.430303125 0.27323437500000003 0.3848890625 0.2682875
0 0.408921875 0.2776296875 0.3608703125 0.2773921875 0.36068125 0.282103125 0.40929843750000006 0.28281093749999997 0.408921875 0.2776296875
0 0.404684375 0.28995625 0.3487171875 0.289015625 0.3479640625 0.2939625 0.404871875 0.2949046875 0.404684375 0.28995625
0 0.40449531250000004 0.3000859375 0.3475875 0.30032187499999996 0.34834062499999996 0.30503281250000003 0.40430625 0.30526718750000004 0.40449531250000004 0.3000859375
0 0.3248390625 0.2323859375 0.2864140625 0.17974375 0.2860796875 0.19001875 0.3234953125 0.24014687499999998 0.3248390625 0.2323859375