1 0.0475921875 0 0.046875 0.091553125 0.0135171875 0.0932828125 0.015609375 0.13248593749999998 0.012970312500000001 0.14313437499999998 0.016234375000000002 0.17385781250000001 0.0247890625 0.17440625 0.04296875 0.17211875000000001 0.040832812499999996 0.2566125 0.027315625 0.259078125 0.028723437499999997 0.2650625 0.041015625 0.267334375 0.0415046875 0.3010921875 0.0452109375 0.491475 0.0459515625 0.5062984375 0.05859375 0.501709375 0.057165625 0.2671734375 0.067021875 0.2636546875 0.067021875 0.255909375 0.059137499999999996 0.2545015625 0.056640625 0.18676718750000001 0.0615234375 0.166015625 0.0771484375 0.1684578125 0.083984375 0.15991249999999999 0.083984375 0.10131874999999999 0.079303125 0.0912546875 0.05885625 0.09433749999999999 0.060403125 0 0.0475921875 0
1 0.303546875 0.18715781250000002 0.2890625 0.18676718750000001 0.2890625 0.17211875000000001 0.30474999999999997 0.16549375 0.30450937499999997 0.15887500000000002 0.28236249999999996 0.1594765625 0.27734375 0.25024375 0.265753125 0.24974687499999998 0.2626234375 0.28675625 0.275390625 0.2941890625 0.2734375 0.4968265625 0.273696875 0.516040625 0.279715625 0.514234375 0.283203125 0.3088375 0.28515625 0.28930625 0.296325 0.2885609375 0.29680625 0.28284375 0.298490625 0.250046875 0.28515625 0.25024375 0.28515625 0.23559531250000001 0.287109375 0.19897499999999999 0.30258281249999996 0.193175 0.303546875 0.18715781250000002
1 0.34984375 0.27109375 0.34078125 0.269921875 0.34109375000000003 0.276953125 0.34953124999999996 0.277734375 0.34735625 0.4408171875 0.34591249999999996 0.5018984375 0.353375 0.501296875 0.35650468750000003 0.287959375 0.36829999999999996 0.2852515625 0.3663734375 0.2804375 0.3574671875 0.2795359375 0.3574671875 0.26960625 0.3673359375 0.266896875 0.3670953125 0.2602765625 0.3544921875 0.2587890625 0.349609375 0.2624515625 0.34984375 0.27109375
1 0.38659374999999996 0.48595156250000004 0.39405625 0.3087234375 0.3880390625 0.30811875 0.3822609375 0.4423203125 0.38105781250000004 0.4871546875 0.38659374999999996 0.48595156250000004
1 0.71875 0.22827187499999999 0.7296671875 0.2212421875 0.7283453125 0.20966562500000002 0.7018875 0.20966562500000002 0.701171875 0.22094687500000001 0.7099609375 0.22216874999999997 0.712890625 0.23559531250000001 0.71484375 0.44555625 0.72265625 0.44555625 0.71875 0.22827187499999999
1 0.66993125 0.2591421875 0.6650390625 0.25634843749999997 0.6532078125 0.25662656250000004 0.6516203125 0.3680734375 0.65729375 0.36758125 0.66105 0.26768125 0.66890625 0.2631984375 0.66993125 0.2591421875
1 0.5927734375 0.36377031249999997 0.59375 0.3625484375 0.5986328125 0.3564453125 0.6005859375 0.3564453125 0.6015625 0.3527828125 0.5947265625 0.3466796875 0.5888671875 0.3466796875 0.5859375 0.3503421875 0.5859375 0.3527828125 0.591796875 0.3601078125 0.591796875 0.3625484375 0.5927734375 0.36377031249999997
1 0.423828125 0.4018625 0.421875 0.4043046875 0.421875 0.4165109375 0.419921875 0.418953125 0.419921875 0.44825 0.41796875 0.450690625 0.41796875 0.46778125 0.419921875 0.46778125 0.421875 0.4653390625 0.421875 0.458015625 0.423828125 0.4555734375 0.423828125 0.4336015625 0.42578125 0.431159375 0.427734375 0.3847734375 0.4296875 0.38233125 0.430240625 0.3633921875 0.425415625 0.3633921875 0.423828125 0.4018625
1 0.5741906250000001 0.4237078125 0.5751953125 0.376209375 0.579215625 0.3769625 0.579215625 0.37093125 0.5679578125 0.37017812499999997 0.5681578125 0.374953125 0.5717765625 0.376209375 0.5703703124999999 0.4237078125 0.5741906250000001 0.4237078125
1 0.408203125 0.389153125 0.408203125 0.4160078125 0.40625 0.41845 0.40625 0.440421875 0.404296875 0.4428640625 0.404296875 0.479484375 0.408203125 0.479484375 0.41015625 0.47704375 0.412109375 0.4062421875 0.4140625 0.4038015625 0.416015625 0.3574140625 0.41796875 0.3549734375 0.418378125 0.34002187500000003 0.4140625 0.340325 0.412109375 0.3476484375 0.412109375 0.369621875 0.408203125 0.389153125
0 0.02769375 0.07206718749999999 0.0468265625 0.0833953125 0.0468265625 0.0764703125 0.0002515625 0.046890625000000005 0 0.05286875 0.02769375 0.07206718749999999
0 0.034490625000000004 0.08874375 0.0007546874999999999 0.06986250000000001 0 0.0752125 0.0319734375 0.0928359375 0.034490625000000004 0.08874375
0 0 0.09220468750000001 0.013846875 0.0988140625 0.013846875 0.09409375 0 0.0871703125 0 0.09220468750000001
0 0.0161125 0.09000312499999999 0.0002515625 0.08150625 0 0.0859125 0.0140984375 0.0944078125 0.0161125 0.09000312499999999
0 0.0161125 0.12115781249999999 0.000503125 0.1136046875 0 0.119584375 0.0151046875 0.1277671875 0.0161125 0.12115781249999999
0 0 0.151684375 0.013595312500000001 0.15608906250000001 0.013595312500000001 0.15074062500000002 0 0.146334375 0 0.151684375
0 0.280840625 0.196909375 0.2751703125 0.18063437499999999 0.269128125 0.1803203125 0.2781921875 0.203609375 0.280840625 0.196909375
0 0.2578125 0.1269703125 0.2360515625 0.1034453125 0.20724062499999998 0.0653671875 0.1812015625 0.0258234375 0.16398437500000002 0 0.15795937499999999 0.0005375 0.2033671875 0.069134375 0.23521718749999998 0.11244375 0.265775 0.14445468749999998 0.2745984375 0.15171874999999999 0.28944843750000004 0.15871249999999998 0.2943984375 0.15575468750000002 0.276965625 0.144725 0.2578125 0.1269703125
0 0.21901874999999998 0.12982812500000002 0.25326875000000004 0.164540625 0.2519734375 0.1654671875 0.19754218750000002 0.129134375 0.1495921875 0.07752656249999999 0.10108593749999999 0.015735937499999998 0.0890515625 0 0.0831265625 0.00069375 0.108490625 0.0358703125 0.1499625 0.087015625 0.197171875 0.137696875 0.234015625 0.1606078125 0.25623125 0.1744921875 0.280484375 0.18305625 0.28233593749999997 0.1740296875 0.267525 0.16778125 0.25937968749999996 0.16245937500000002 0.20994687500000003 0.10992656249999999 0.1671796875 0.050451562500000005 0.13570625 0 0.1275609375 0.0002296875 0.18625 0.088171875 0.21901874999999998 0.12982812500000002
0 0.031809375 0.22294375 0.0311515625 0.21361875000000002 0.026982812499999998 0.2133453125 0.0267640625 0.2240390625 0.0302734375 0.23117031250000003 0.0353203125 0.2336390625 0.03685625 0.22732968750000002 0.031809375 0.22294375
0 0.13776875 0.21252343749999997 0.0811703125 0.170565625 0.07634375 0.175228125 0.12745937499999999 0.21197499999999997 0.160584375 0.2336390625 0.2073125 0.2585921875 0.2404390625 0.2753203125 0.22047500000000003 0.272303125 0.197659375 0.263253125 0.15093281249999999 0.24049375 0.088628125 0.2021015625 0.08797031250000001 0.20895625 0.1511515625 0.24817187500000001 0.197659375 0.270109375 0.22464374999999998 0.28107812499999996 0.24329062499999998 0.2821765625 0.26413125000000004 0.28052968749999996 0.26413125000000004 0.2753203125 0.2437296875 0.2706578125 0.22266875000000003 0.25804375 0.1809875 0.23446093750000002 0.1434734375 0.2067640625 0.11539218749999999 0.18427812500000001 0.0890671875 0.1604203125 0.0846796875 0.1661796875 0.13776875 0.21252343749999997
0 0.1175875 0.16946875 0.1594875 0.20594218749999998 0.12197499999999999 0.17851875 0.0857765625 0.1519203125 0.084240625 0.157678125 0.1077140625 0.175778125 0.1454484375 0.20511875000000002 0.17265 0.22212031250000003 0.2099453125 0.2424125 0.2483359375 0.26215625 0.2283734375 0.2599625 0.23539218750000002 0.26544687499999997 0.26435 0.26818906249999996 0.265009375 0.2594140625 0.2551375 0.2585921875 0.22661718749999998 0.2432359375 0.1790125 0.2111515625 0.136453125 0.177421875 0.0985015625 0.14314375 0.08928749999999999 0.1340953125 0.08665468750000001 0.142046875 0.1175875 0.16946875
0 0.1610234375 0.18290625 0.1980984375 0.2133453125 0.22025625 0.2287015625 0.256234375 0.24954375 0.2382453125 0.2429609375 0.23583125 0.24762343750000002 0.24460625 0.252009375 0.26544687499999997 0.25585 0.2676421875 0.24574375 0.2538203125 0.24163125000000002 0.214771875 0.217225 0.17001875 0.18232187500000002 0.13535625 0.150784375 0.08621562499999999 0.10307031250000001 0.0833640625 0.10992656249999999 0.1156125 0.1417734375 0.1610234375 0.18290625
0 0.33916875 0.3243375 0.28741875 0.3207328125 0.2872390625 0.32591562500000004 0.3380859375 0.329296875 0.33916875 0.3243375
0 0.2870578125 0.314871875 0.34205312499999996 0.318703125 0.3429546875 0.3175765625 0.3431359375 0.31239218750000003 0.28669687499999996 0.3085609375 0.2870578125 0.314871875
0 0.29734375 0.26484375 0.3271875 0.3111328125 0.33218749999999997 0.3103515625 0.29890625000000004 0.257421875 0.29734375 0.26484375
0 0.32328125 0.3087890625 0.299375 0.2703125 0.29671875000000003 0.2771484375 0.31875 0.3107421875 0.32328125 0.3087890625
0 0.31390625 0.3091796875 0.29890625000000004 0.283203125 0.29609375 0.28828125 0.29921875 0.2955078125 0.30703125 0.309765625 0.31390625 0.3091796875
0 0.30046875 0.308203125 0.288125 0.2916015625 0.28500000000000003 0.2953125 0.29515625 0.3087890625 0.30046875 0.308203125
0 0.3375 0.26796875 0.32953125 0.2666015625 0.32078125 0.26015625 0.31234375000000003 0.249609375 0.289375 0.2150390625 0.2875 0.2216796875 0.29500000000000004 0.233203125 0.31546875 0.2623046875 0.3259375 0.271875 0.3409375 0.2751953125 0.34109375000000003 0.273828125 0.3440625 0.267578125 0.33718750000000003 0.2587890625 0.32515625 0.2369140625 0.305 0.191015625 0.30093749999999997 0.1939453125 0.31359375 0.2259765625 0.32703125 0.2517578125 0.3375 0.26796875
0 0.33921875 0.249609375 0.35015625 0.2626953125 0.35328125 0.25859375 0.33968750000000003 0.2408203125 0.33234375 0.2265625 0.31921875 0.1966796875 0.30796875 0.1646484375 0.30390625 0.166796875 0.31015625 0.1880859375 0.32546875000000003 0.225390625 0.33921875 0.249609375
0 0.38125 0.3138671875 0.3678125 0.2859375 0.36359375 0.2880859375 0.3765625 0.315625 0.38125 0.3138671875
0 0.38890625 0.3099609375 0.37859375 0.290625 0.369375 0.2669921875 0.36453125000000003 0.26875 0.37109375 0.28671875 0.38515625 0.3142578125 0.38625 0.3140625 0.38890625 0.3099609375
0 0.40397343750000003 0.32880937499999996 0.403496875 0.334759375 0.4077828125 0.335059375 0.5615640625 0.3404140625 0.6158390625 0.34130625000000003 0.6158390625 0.335059375 0.40397343750000003 0.32880937499999996
0 0.5618015625 0.315121875 0.3992125 0.3157171875 0.3992125 0.320775 0.516809375 0.3231546875 0.6525000000000001 0.317203125 0.6520234375 0.3106578125 0.5618015625 0.315121875
0 0.5076796875 0.30255624999999997 0.60679375 0.28149531250000004 0.605840625 0.27435312500000003 0.5318078125000001 0.291315625 0.47515156249999996 0.3002421875 0.400234375 0.309625 0.40016406250000003 0.3157171875 0.4447234375 0.3110875 0.5076796875 0.30255624999999997
0 0.6714671875 0.26085156249999997 0.7004984375000001 0.224775 0.6979375 0.22029375 0.6975953125000001 0.2200796875 0.6682234375 0.2553015625 0.6714671875 0.26085156249999997
0 0.671809375 0.3336421875 0.68000625 0.336415625 0.7109156249999999 0.3140046875 0.7115984375 0.312509375 0.7115984375 0.3046109375 0.6600265624999999 0.308453125 0.6598546875 0.3152828125 0.7063046875000001 0.311015625 0.671809375 0.3336421875
0 0.6832515625 0.3594703125 0.71330625 0.3351375 0.7126234375 0.32937343750000003 0.67795625 0.3564828125 0.6832515625 0.3594703125
0 0.7129640625 0.335990625 0.6849578125 0.3596828125 0.69008125 0.363953125 0.7134765625 0.3436734375 0.7129640625 0.335990625
0 0.8802671875 0.044975 0.8163890625000001 0.1117875 0.781621875 0.144796875 0.7412015625 0.1811875 0.7127171875 0.205271875 0.7181625 0.2086765625 0.7552328125 0.1780453125 0.7891625 0.1481234375 0.8247671875 0.11304218749999999 0.86309375 0.0716796875 0.895975 0.037121875 0.924878125 0.000209375 0.9185953124999999 0 0.8802671875 0.044975
0 0.789175 0.161984375 0.7529203125 0.18997187499999998 0.72615 0.2094703125 0.728890625 0.214471875 0.7537625 0.19708125 0.793390625 0.16731093749999998 0.8378656250000001 0.130421875 0.8954093750000001 0.07878125 0.952953125 0.025765624999999997 0.97764375 0.0017328125 0.9715796875 0 0.907634375 0.058437499999999996 0.8416593750000001 0.11692968749999999 0.789175 0.161984375
0 0.940209375 0.296421875 0.893825 0.31205625000000003 0.8615109375 0.3202015625 0.837015625 0.32508593750000003 0.802878125 0.3316015625 0.7770796875 0.3345328125 0.721053125 0.33616250000000003 0.721053125 0.34235000000000004 0.7705656249999999 0.34202499999999997 0.8065265625 0.3387671875 0.8552578125 0.3293203125 0.9016421875 0.3172703125 0.9365609375 0.3065203125 0.9865953125000001 0.287953125 1 0.2814375 0.9991031250000001 0.274921875 0.9740859374999999 0.2853453125 0.940209375 0.296421875
0 0.8064359375000001 0.3081484375 0.7863703125 0.31498906249999997 0.7863703125 0.320525 0.80600625 0.31596562499999997 0.85030625 0.3003296875 0.8883515624999999 0.283065625 0.9417734375 0.25896093750000004 1 0.23029687499999998 0.9990109374999999 0.22345625 0.9627890625 0.24137031250000002 0.907284375 0.26677968750000003 0.855165625 0.2902328125 0.8064359375000001 0.3081484375
0 0.870521875 0.23751093750000002 0.7823109374999999 0.28456875 0.78520625 0.2898578125 0.848690625 0.25811562499999996 0.9128437500000001 0.22303125000000001 1 0.1743046875 0.9992734375 0.16623125 0.870521875 0.23751093750000002
0 0.9990500000000001 0.152865625 0.9393515625 0.1879484375 0.8600515625 0.2341703125 0.7778562499999999 0.27955625 0.7816421874999999 0.2848453125 0.8094859375000001 0.269253125 0.908834375 0.2152359375 1 0.161496875 0.9990500000000001 0.152865625
0 0.7492625 0.3010796875 0.7214328125 0.3172328125 0.7220953125 0.32344375 0.7502578125 0.3060515625 0.7492625 0.3010796875