1 0.3828125 0.2551265625 0.38245 0.275509375 0.3662109375 0.2783203125 0.365234375 0.2844234375 0.3837890625 0.28564531249999997 0.38671875 0.29663125 0.38671875 0.4309078125 0.392578125 0.4309078125 0.392578125 0.286865625 0.41113906250000004 0.2858984375 0.41090625000000003 0.2771265625 0.393134375 0.2762515625 0.392578125 0.2551265625 0.408259375 0.24884374999999997 0.40946249999999995 0.24071875 0.36228125 0.24011718750000002 0.36589218749999997 0.25756875 0.3828125 0.2551265625
1 0.423828125 0.4382328125 0.425978125 0.31260781249999997 0.43804687500000006 0.3123609375 0.4384421875 0.30716875 0.41925156250000006 0.3076625 0.4089625 0.30865 0.40797343750000004 0.31260781249999997 0.41925156250000006 0.3145859375 0.4194484375 0.3215125 0.41796875 0.4382328125 0.423828125 0.4382328125
0 0.0579421875 0.000521875 0.0901828125 0.0381859375 0.09128906249999999 0.036475 0.09341875 0.032921875 0.06294374999999999 0 0.0579421875 0.000521875
0 0 0.009379687500000001 0.0587125 0.06731406250000001 0.08962187499999999 0.0974375 0.1183875 0.1242015625 0.1193640625 0.11688281250000002 0.10017499999999999 0.09879218749999999 0.07711718749999999 0.075553125 0.0141734375 0.016153124999999997 0 0 0 0.009379687500000001
0 0 0.033834375 0.0479671875 0.078803125 0.111484375 0.1352375 0.1218140625 0.14352343750000002 0.123684375 0.13661875 0.0705796875 0.089509375 0.019548437499999998 0.043725 0 0.026715625 0 0.033834375
0 0.1716515625 0.180303125 0.157946875 0.16831093749999998 0.154178125 0.173021875 0.16788281249999998 0.18415625 0.1716515625 0.180303125
0 0.16063906249999998 0.1634265625 0.173021875 0.17430625 0.176790625 0.17088125 0.16267343750000002 0.1583734375 0.16063906249999998 0.1634265625
0 0.2282921875 0.22545625 0.25065781249999997 0.2445234375 0.25695625 0.242865625 0.23140156250000002 0.22088281250000003 0.2282921875 0.22545625
0 0.14195156250000002 0.19893125 0.14250000000000002 0.19344531250000002 0.10682968749999999 0.1586890625 0.057203125 0.1093140625 0.0107921875 0.0621953125 0.0001828125 0.0503046875 0 0.057392187500000004 0.061829687499999994 0.12233281250000001 0.1066453125 0.1653203125 0.14195156250000002 0.19893125
0 0.1236578125 0.159375 0.043901562500000005 0.0830015625 0.00073125 0.040701562499999996 0 0.046875 0.023048437499999998 0.07065625 0.0561578125 0.10403906249999999 0.111584375 0.15594531250000002 0.14304843750000001 0.1856703125 0.1441453125 0.180640625 0.1236578125 0.159375
0 0.2194546875 0.13380468750000002 0.18345781249999998 0.0860453125 0.1818796875 0.09117499999999999 0.2241921875 0.14761875 0.25261093749999997 0.1831421875 0.2535578125 0.176828125 0.2194546875 0.13380468750000002
0 0.2493859375 0.14840625000000002 0.2336296875 0.1309 0.191296875 0.081365625 0.18685156249999998 0.085171875 0.2257703125 0.131040625 0.261325 0.17027187500000002 0.26492499999999997 0.1661703125 0.2493859375 0.14840625000000002
0 0.24828125 0.2447265625 0.23140624999999998 0.229296875 0.22562500000000002 0.2318359375 0.24359375 0.2474609375 0.24828125 0.2447265625
0 0.274025 0 0.29550624999999997 0.0473890625 0.30095 0.0456875 0.2988109375 0.0410703125 0.2799828125 0 0.274025 0