1 0.09843125 0.24227343750000002 0.113653125 0.24375156250000002 0.11551249999999999 0.24903749999999997 0.1040125 0.2494609375 0.10249062499999999 0.25051718749999996 0.10249062499999999 0.259396875 0.108071875 0.2602421875 0.115175 0.2602421875 0.11625468750000001 0.48109375 0.1232234375 0.480696875 0.12375 0.2611328125 0.12955 0.259396875 0.13005781249999998 0.251153125 0.12312343750000002 0.25051718749999996 0.12396875 0.24290625000000002 0.139528125 0.24206093750000002 0.139528125 0.23318124999999998 0.1146671875 0.23318124999999998 0.0994484375 0.2333765625 0.09843125 0.24227343750000002
1 0.60859375 0.22265625 0.608125 0.2294921875 0.61203125 0.2328125 0.61234375 0.284375 0.60234375 0.2849609375 0.60203125 0.298046875 0.60484375 0.305859375 0.6125 0.3076171875 0.6144390625 0.46004843749999996 0.6206765625 0.45978906249999996 0.61921875 0.287109375 0.62390625 0.2841796875 0.62453125 0.266796875 0.61890625 0.2666015625 0.6184375 0.2515625 0.6185937499999999 0.23828125 0.621875 0.2314453125 0.61921875 0.2240234375 0.61328125 0.22265625 0.60859375 0.22265625
1 0.47328125 0.4068359375 0.47375 0.3501953125 0.48187499999999994 0.34765625 0.48187499999999994 0.3421875 0.476875 0.3421875 0.46265625000000005 0.3427734375 0.45703125 0.3427734375 0.4578125 0.3482421875 0.46734375000000006 0.349609375 0.46796875 0.407421875 0.47328125 0.4068359375
0 0.8678234375 0.2652109375 0.79525 0.2539828125 0.7940921875 0.261634375 0.8674937500000001 0.27303125 0.8678234375 0.2652109375
0 0.7615031250000001 0.24131249999999999 0.6813625 0.22410156250000002 0.679978125 0.2318890625 0.7607359375 0.2486171875 0.7615031250000001 0.24131249999999999
0 0.60609375 0.2263671875 0.5240625 0.233984375 0.52390625 0.2388671875 0.60640625 0.2314453125 0.60609375 0.2263671875
0 0.6009375 0.23359375 0.52453125 0.241015625 0.5246875 0.2466796875 0.60078125 0.2392578125 0.6009375 0.23359375
0 0.6271875 0.214453125 0.525625 0.1970703125 0.52453125 0.2041015625 0.6265625 0.220703125 0.6271875 0.214453125
0 0.374571875 0.18109375 0.51381875 0.201321875 0.5139765625 0.194871875 0.3727765625 0.1721984375 0.19670937500000002 0.1471796875 0.0335984375 0.1256296875 0.0328359375 0.13311718749999998 0.2190328125 0.1580765625 0.374571875 0.18109375
0 0.51390625 0.269921875 0.35796875 0.274609375 0.3115796875 0.2727546875 0.26123281249999997 0.27011562499999997 0.170703125 0.2624171875 0.1316171875 0.2548640625 0.130625 0.2611328125 0.17038906250000002 0.26873125 0.2728890625 0.2784359375 0.31 0.280078125 0.3634875 0.28342812500000003 0.46749999999999997 0.2818359375 0.5154687499999999 0.2798828125 0.515 0.2751953125 0.4300453125 0.27788124999999997 0.5150187500000001 0.274553125 0.51390625 0.269921875
0 0.36593749999999997 0.2505859375 0.277790625 0.2553296875 0.277790625 0.253084375 0.4247078125 0.2453484375 0.514334375 0.24035781250000002 0.5139359375 0.23486875000000002 0.277790625 0.24734375000000003 0.199359375 0.249590625 0.13390625 0.25 0.13374999999999998 0.253515625 0.134375 0.255078125 0.23609375 0.260546875 0.2978125 0.2609375 0.34796875 0.2578125 0.43624999999999997 0.253515625 0.514734375 0.2468453125 0.5141359375000001 0.2418546875 0.5021578124999999 0.242353125 0.43624999999999997 0.2470703125 0.3975609375 0.2490921875 0.36593749999999997 0.2505859375
0 0.1010265625 0.2580359375 0.061071875 0.275871875 0.0618328125 0.28395625 0.10407031250000001 0.2637421875 0.1010265625 0.2580359375
0 0.028349999999999997 0.17552812499999998 0.0169109375 0.16557968750000002 0.0132625 0.168896875 0.025696875 0.1807078125 0.028349999999999997 0.17552812499999998