1 0 0 0 0.11487812500000001 0.005187499999999999 0.113025 0.0087890625 0 0 0
1 0.333984375 0.17700156250000001 0.3427734375 0.1684578125 0.3623046875 0.166015625 0.36398125000000003 0.149790625 0.35412499999999997 0.15203125 0.3330078125 0.1513671875 0.2929765625 0.149790625 0.2932 0.1688296875 0.3154296875 0.1684578125 0.32421875 0.17700156250000001 0.323875 0.460196875 0.331996875 0.45954375000000003 0.33252187499999997 0.4389078125 0.333965625 0.26318593749999997 0.35990625 0.2452578125 0.38324375 0.2427453125 0.3848109375 0.23518750000000002 0.38033125 0.2321078125 0.3623046875 0.234375 0.3406859375 0.245546875 0.333984375 0.24780312499999999 0.333984375 0.17700156250000001
1 0.415546875 0.257978125 0.4034359375 0.2598203125 0.375121875 0.2590015625 0.374303125 0.26902499999999996 0.392578125 0.2746578125 0.390625 0.2941890625 0.37348593750000003 0.29439375 0.374140625 0.30257812500000003 0.390625 0.3015140625 0.39108125 0.4706796875 0.3976515625 0.47192656250000004 0.3976515625 0.4333453125 0.4001625 0.301759375 0.41407499999999997 0.30114375 0.4160390625 0.2935765625 0.402290625 0.2935765625 0.3984375 0.2917484375 0.3984375 0.2722171875 0.40458125 0.27107187499999996 0.4175109375 0.2684125 0.415546875 0.257978125
1 0.446971875 0.33490000000000003 0.446971875 0.327740625 0.43076875000000003 0.32815 0.43125937499999994 0.3220125 0.44337031250000003 0.321603125 0.44271562500000006 0.3117828125 0.41194687500000005 0.313215625 0.41162031250000003 0.32282968749999996 0.42455 0.3226265625 0.425040625 0.327740625 0.41243749999999996 0.327740625 0.41423750000000004 0.335515625 0.425040625 0.33633437499999996 0.4265125 0.43862500000000004 0.43289687499999996 0.438828125 0.4322421875 0.33592343750000003 0.446971875 0.33490000000000003
0 0.8158265625000001 0.269065625 0.75153125 0.2626671875 0.7508874999999999 0.26878281249999997 0.8156000000000001 0.274459375 0.8158265625000001 0.269065625
0 0.9640515625000001 0.0763734375 0.8609328125 0.049809375 0.8602640625 0.05680468749999999 0.96356875 0.0827125 0.9640515625000001 0.0763734375
0 0.6628125 0 0.68671875 0.0087890625 0.728290625 0.0216765625 0.7739125 0.032771875 0.7773359375 0.027996874999999997 0.739821875 0.0184296875 0.6754453125000001 0 0.6628125 0
0 0.5754984375000001 0.04806875 0.6433984374999999 0.0736125 0.6996875 0.094140625 0.7181421875 0.10007031250000001 0.7200875 0.0944875 0.69635625 0.0865234375 0.6126343750000001 0.055759375 0.5317703125000001 0.0244453125 0.482109375 0.0038453124999999998 0.4715625 0 0.45925625 0.0008234375000000001 0.506940625 0.020050000000000002 0.5754984375000001 0.04806875
0 0.24316718750000002 0.25868437499999997 0.2453125 0.2580078125 0.2464234375 0.25563125000000003 0.24375 0.2521484375 0.23500000000000001 0.2431640625 0.1984 0.208065625 0.17296406250000002 0.18440937500000001 0.1690984375 0.1884796875 0.21569687499999998 0.2322296875 0.24316718750000002 0.25868437499999997
0 0.21953125 0.2244140625 0.24343750000000003 0.24765625 0.25 0.2544921875 0.2553125 0.2517578125 0.22625 0.222265625 0.1784375 0.1748046875 0.17578125 0.1798828125 0.21953125 0.2244140625
0 0.25984375000000004 0.195703125 0.22593749999999999 0.2201171875 0.228125 0.22421875 0.26296875000000003 0.19921875 0.25984375000000004 0.195703125
0 0.14421875 0.15625 0.10718749999999999 0.121484375 0.10328124999999999 0.124609375 0.14078125 0.161328125 0.14421875 0.15625
0 0.008749999999999999 0 0.008125 0.0060546875 0.01015625 0.008203125 0.012656249999999999 0.012109375 0.0128125 0.0232421875 0.01703125 0.027734375 0.0240625 0.0365234375 0.02890625 0.0384765625 0.0328125 0.0373046875 0.039531250000000004 0.0361328125 0.06953125 0.0681640625 0.090625 0.0919921875 0.12437499999999999 0.1265625 0.14140625 0.1435546875 0.1509375 0.1546875 0.1565625 0.15234375 0.15046874999999998 0.14453125 0.10515624999999999 0.09765625 0.0540625 0.0443359375 0.014687500000000001 0 0.008749999999999999 0
0 0.3232015625 0.2245453125 0.32328125 0.2189453125 0.3025 0.2115234375 0.2790625 0.20078125 0.269903125 0.19560781249999998 0.2652375 0.1980765625 0.271159375 0.2018890625 0.290540625 0.21198437499999997 0.3160234375 0.222303125 0.3232015625 0.2245453125
0 0.1419109375 0 0.2090359375 0.115834375 0.22127500000000003 0.13533125 0.24400781249999998 0.1709046875 0.2601984375 0.1946171875 0.2658296875 0.1924734375 0.25153125 0.17049375 0.2172 0.1181796875 0.1480734375 0 0.1419109375 0
0 0.0460859375 0.026540625 0.0442765625 0.032303125 0.13921875 0.0560546875 0.1789140625 0.0643984375 0.1757875 0.057196875 0.11521718750000001 0.043 0.0460859375 0.026540625
0 0.12662500000000002 0.071884375 0.055185937500000004 0.0383984375 0.0534 0.043532812500000004 0.13328125 0.0828125 0.1690390625 0.099375 0.20738906250000003 0.115834375 0.20556562500000003 0.10961406250000001 0.12662500000000002 0.071884375
0 0.29515625 0.151953125 0.296875 0.1466796875 0.265 0.1337890625 0.21484375 0.1125 0.21859375 0.1201171875 0.26125 0.1376953125 0.2875 0.1482421875 0.29515625 0.151953125
0 0.1741625 0 0.2014109375 0.042007812500000005 0.22048593749999998 0.068971875 0.2289140625 0.07039999999999999 0.2123109375 0.0465484375 0.180975 0 0.1741625 0
0 0.2711046875 0.0555140625 0.28886875 0.083521875 0.294925 0.08326875 0.2501109375 0 0.241228125 0.0007578125 0.2711046875 0.0555140625
0 0.276925 0 0.30643125000000004 0.0661109375 0.31854218749999996 0.0900828125 0.32480000000000003 0.0883171875 0.284428125 0 0.276925 0
0 0.255625 0.1146484375 0.2105453125 0.10370937499999999 0.21034375 0.10850156250000001 0.2583875 0.1216234375 0.255625 0.1146484375
0 0.28183437499999997 0.13935312500000002 0.2363953125 0.0774953125 0.22885312500000002 0.078875 0.270428125 0.13544375 0.2741078125 0.1370546875 0.28183437499999997 0.13935312500000002
0 0.435409375 0.1933765625 0.3524453125 0.167125 0.35119687499999996 0.1720640625 0.42522031250000003 0.19623593749999999 0.45890624999999996 0.2068921875 0.5042359375000001 0.2198890625 0.5402078125 0.22846562499999998 0.5545546875 0.231325 0.5553859375 0.2263859375 0.515046875 0.216509375 0.435409375 0.1933765625
0 0.344875 0.1722828125 0.3714984375 0.2332109375 0.37825625 0.2319296875 0.3488234375 0.169321875 0.344875 0.1722828125
0 0.3994875 0.2592921875 0.40519999999999995 0.2581953125 0.3827890625 0.2048328125 0.371540625 0.1778375 0.3660296875 0.1778375 0.384984375 0.2244109375 0.3994875 0.2592921875
0 0.312546875 0.126865625 0.26628281249999997 0.1165546875 0.26987031250000004 0.1230546875 0.3118296875 0.13246875 0.312546875 0.126865625
0 0.3180265625 0.131146875 0.32440156249999996 0.130284375 0.32250625 0.12662500000000002 0.297440625 0.0894328125 0.2911625 0.09060312499999999 0.305696875 0.11336874999999999 0.3180265625 0.131146875
0 0.37376875 0.0989375 0.2709125 0.079084375 0.185628125 0.05988281250000001 0.187425 0.06725624999999999 0.24317812499999997 0.0800609375 0.3697125 0.1067484375 0.4564328125 0.1204171875 0.62810625 0.14742968750000002 0.6903328125 0.1549140625 0.6903328125 0.14905625 0.68903125 0.14677968749999998 0.6366984375 0.14157187499999999 0.5039140625 0.12074218750000001 0.37376875 0.0989375
0 0.607509375 0.1941546875 0.660259375 0.20257187499999998 0.662484375 0.19718750000000002 0.5922796875 0.18502812500000002 0.4992015625 0.1675078125 0.4102765625 0.14948125 0.32487499999999997 0.1305234375 0.3229953125 0.13565 0.4169546875 0.1566375 0.527634375 0.179296875 0.607509375 0.1941546875