1 0.1606328125 0 0.1599390625 0.01273125 0.15892656249999998 0.030898437499999997 0.1444796875 0.035467187500000004 0.14552343750000002 0.0424296875 0.1578828125 0.0454765625 0.157165625 0.1595265625 0.167521875 0.158384375 0.169921875 0.0402828125 0.1748046875 0.029296875 0.1808609375 0.0376421875 0.1881765625 0.043109375 0.1935 0.0266171875 0.1930375 0.022857812499999998 0.1837796875 0.0248828125 0.17578125 0.0183109375 0.1748046875 0 0.1606328125 0
1 0.2939453125 0.263671875 0.308315625 0.26320156250000004 0.30859375 0.25756875 0.308146875 0.25263125 0.302734375 0.2534765625 0.29005000000000003 0.25284375 0.28988125 0.2433296875 0.3056640625 0.244140625 0.30859375 0.24047812500000001 0.30966875 0.2304328125 0.2592703125 0.23275937500000002 0.2594390625 0.24586718749999997 0.280071875 0.24544375000000002 0.280071875 0.2555921875 0.2594390625 0.256859375 0.2592703125 0.26447031249999997 0.2763671875 0.26611406249999997 0.279296875 0.2722171875 0.279296875 0.426025 0.2822265625 0.4296875 0.287109375 0.4284671875 0.2890625 0.3210453125 0.3095703125 0.31005937499999997 0.32049375 0.311190625 0.3240453125 0.30801875 0.3242140625 0.301678125 0.3095703125 0.302734375 0.2890359375 0.31415000000000004 0.28869687499999996 0.30569531250000004 0.2890625 0.269775 0.2939453125 0.263671875
1 0.3427734375 0.3513515625 0.3384203125 0.3528375 0.3297953125 0.3526265625 0.330078125 0.3574546875 0.33030312500000003 0.367215625 0.336053125 0.370384375 0.341796875 0.3745453125 0.34349375000000004 0.4585421875 0.3436640625 0.47038125 0.34907499999999997 0.469959375 0.34856875 0.4657296875 0.349609375 0.43557968750000003 0.3495828125 0.42894531249999995 0.349609375 0.3867515625 0.3495828125 0.382646875 0.349609375 0.379428125 0.349609375 0.372103125 0.36057656250000003 0.3676359375 0.36057656250000003 0.35093593749999996 0.3427734375 0.3513515625
0 0 0.17377499999999999 0.0268828125 0.1827359375 0.066309375 0.1955375 0.1003609375 0.20385781249999999 0.101384375 0.1971390625 0.04915625 0.1833765625 0 0.1676953125 0 0.17377499999999999
0 0.0506921875 0.1699359375 0.0005125 0.1536140625 0 0.160975 0.0506546875 0.1773359375 0.0791109375 0.1856171875 0.1116265625 0.1926578125 0.11265 0.18689687500000002 0.0506921875 0.1699359375
0 0 0.1392578125 0.082171875 0.16545625 0.084078125 0.1601625 0 0.13403437499999998 0 0.1392578125
0 0.14169375 0.011098437499999999 0.1519640625 0.033290625000000004 0.1524859375 0.033290625000000004 0.15579375 0.0295921875 0.1467421875 0.0093546875 0.14169375 0.011098437499999999
0 0.21421406250000002 0.1493265625 0.1729609375 0.0676796875 0.1705984375 0.0765421875 0.20819843750000003 0.15174375 0.21421406250000002 0.1493265625
0 0.1860671875 0.041896875 0.1798375 0.043240625 0.2088421875 0.11011562500000001 0.228825 0.15415937500000002 0.2344109375 0.15362343750000002 0.21872656250000003 0.118171875 0.1860671875 0.041896875
0 0.2763203125 0.2299359375 0.2630109375 0.209078125 0.261025 0.21429375 0.27294375 0.2324203125 0.2763203125 0.2299359375
0 0.24672187499999998 0.1503171875 0.2657921875 0.191446875 0.2832734375 0.223728125 0.2896296875 0.23167343749999997 0.2941984375 0.22944843750000002 0.285259375 0.2167859375 0.262415625 0.172553125 0.2391734375 0.1186703125 0.21593125 0.058390624999999995 0.1986484375 0.0089765625 0.194278125 0.012453124999999999 0.21712343750000002 0.0785546875 0.24672187499999998 0.1503171875
0 0.23758437500000001 0.0712109375 0.27115625 0.1673734375 0.2888359375 0.20784843749999998 0.2955890625 0.2205109375 0.30413125 0.23242968749999998 0.3085015625 0.2291640625 0.30035781250000004 0.21799062500000002 0.2920140625 0.20185 0.274334375 0.158984375 0.252284375 0.09814843749999999 0.2363921875 0.049478125 0.22705625000000002 0.0172 0.22129531249999998 0.018687500000000003 0.23758437500000001 0.0712109375
0 0.22703125000000002 0.038671875 0.20859375 0.033203125 0.20890625 0.03828125 0.22859375 0.0439453125 0.22703125000000002 0.038671875
0 0.390521875 0.0930171875 0.532534375 0.13664218749999998 0.534540625 0.130625 0.44347812500000006 0.101290625 0.327746875 0.0669421875 0.23532812500000003 0.0388609375 0.236225 0.047662500000000003 0.2832125 0.0611765625 0.390521875 0.0930171875
0 0.21662187500000002 0.2915875 0.21261093749999999 0.294846875 0.24369999999999997 0.324934375 0.2790015625 0.34649375 0.279603125 0.340478125 0.25132187500000003 0.3239296875 0.21662187500000002 0.2915875
0 0.276725 0.296828125 0.259409375 0.2818265625 0.2571796875 0.2861140625 0.27466875 0.301328125 0.276725 0.296828125
0 0.2587234375 0.3109734375 0.2775828125 0.3028296875 0.2760390625 0.299828125 0.2585515625 0.3062578125 0.2585515625 0.3094734375 0.2587234375 0.3109734375
0 0.293184375 0.26960937500000004 0.2888984375 0.27218125 0.2950703125 0.2899703125 0.3033 0.305615625 0.3079296875 0.3021859375 0.3029578125 0.2936125 0.293184375 0.26960937500000004
0 0.30004375 0.269396875 0.3135875 0.3030421875 0.31495937500000004 0.3024 0.31770312500000003 0.3002578125 0.3055296875 0.266825 0.30004375 0.269396875
0 0.3384484375 0.3279046875 0.33073281250000003 0.3064734375 0.3197609375 0.269825 0.30895937500000004 0.23660625 0.305871875 0.2428203125 0.3130734375 0.266825 0.3259328125 0.308615625 0.33313281250000004 0.328546875 0.34170625 0.3433359375 0.3471875 0.3515625 0.35233593750000003 0.35019374999999997 0.34410625 0.3375484375 0.3384484375 0.3279046875
0 0.3209375 0.3107421875 0.31625000000000003 0.312109375 0.32234375000000004 0.326171875 0.339375 0.35234375 0.3440625 0.350390625 0.32890625 0.3267578125 0.3209375 0.3107421875
0 0.33671875 0.3515625 0.32296874999999997 0.3341796875 0.32125 0.3400390625 0.3325 0.353125 0.33671875 0.3515625
0 0.33234375 0.4208984375 0.32875 0.41796875 0.3228125 0.41171875 0.31734375 0.4025390625 0.30859375 0.3884765625 0.29921875 0.3677734375 0.289375 0.3458984375 0.2884375 0.357421875 0.30046875 0.3845703125 0.31296875 0.406640625 0.32515625 0.421484375 0.32984375 0.4248046875 0.3334375 0.4259765625 0.34234375 0.42578125 0.3428125 0.4208984375 0.33234375 0.4208984375
0 0.37734375 0.352734375 0.43046875 0.379296875 0.4325 0.3755859375 0.34296875 0.32734375 0.3415625 0.3333984375 0.37734375 0.352734375