1 0.25593750000000004 0.162890625 0.23578125 0.16328125 0.23343750000000002 0.14765625 0.2568359375 0.1489265625 0.2578125 0.14038124999999999 0.254375 0.1365234375 0.23609375 0.1365234375 0.23578125 0.1205078125 0.25734375 0.12109375 0.25640625 0.108203125 0.22421875 0.104296875 0.22265625 0.269775 0.216796875 0.2771 0.22265625 0.2844234375 0.22265625 0.435790625 0.232421875 0.435790625 0.232421875 0.318603125 0.240234375 0.2771 0.234375 0.269775 0.234375 0.21850624999999999 0.24328124999999998 0.217578125 0.244140625 0.21118125000000001 0.2440625 0.1833984375 0.23296875 0.17578125 0.2578125 0.17456093749999999 0.25593750000000004 0.162890625
1 0.341796875 0.3015140625 0.35546875 0.299071875 0.355690625 0.29221875 0.3427734375 0.29052812499999997 0.3203125 0.2941890625 0.3210015625 0.30038906249999997 0.333984375 0.3015140625 0.3348265625 0.44618437499999997 0.3413625 0.44586875 0.341796875 0.3015140625
1 0.380859375 0.3527828125 0.380859375 0.3405765625 0.3583984375 0.33935624999999997 0.35546875 0.3527828125 0.3671875 0.364990625 0.3671875 0.4504390625 0.373046875 0.45288125 0.37109375 0.357665625 0.380859375 0.3527828125
1 0.396484375 0.41381875 0.4026921875 0.3824375 0.3818359375 0.380859375 0.392578125 0.3918453125 0.3932265625 0.4165296875 0.396484375 0.41381875
1 0.016865625000000002 0.3048171875 0.016865625000000002 0.306890625 0.013853124999999999 0.37362656250000004 0.0197140625 0.374071875 0.021484375 0.3039546875 0.031257812499999996 0.30169999999999997 0.03125 0.29663125 0.0289328125 0.2919171875 0.0146484375 0.2880859375 0.008846875 0.290646875 0.005806250000000001 0.2920296875 0.0069125 0.2958296875 0.016865625000000002 0.29825 0.016865625000000002 0.3048171875
1 0.9568031250000001 0 0.961621875 0.2488375 0.96365 0.4488578125 0.9798796875000001 0.45107656250000006 0.9817875 0.23274218750000003 0.9773765624999999 0 0.9568031250000001 0
0 0.154115625 0 0.20750000000000002 0.0697265625 0.20953125 0.0724609375 0.22127500000000003 0.08615937500000001 0.2451359375 0.11024062500000001 0.2518515625 0.10803125 0.21685781249999997 0.0676015625 0.16224531250000002 0 0.154115625 0
0 0.1260140625 0 0.1664875 0.054125 0.17532343749999998 0.06406875 0.2232203125 0.11907656250000001 0.224609375 0.10864218750000001 0.1743546875 0.0510140625 0.132553125 0 0.1260140625 0
0 0.0927875 0 0.1494140625 0.0708015625 0.2041015625 0.1293953125 0.220921875 0.144925 0.22265625 0.14282187500000001 0.22516406249999998 0.13918124999999998 0.209434375 0.12283124999999999 0.1669921875 0.078125 0.10621875 0.005743750000000001 0.1005859375 0 0.0927875 0
0 0.62525625 0 0.5543078125 0.027025 0.5275000000000001 0.0369140625 0.3951078125 0.0830078125 0.3186390625 0.10229531249999999 0.2585984375 0.11431406250000001 0.260521875 0.122059375 0.314153125 0.11217812499999999 0.398765625 0.0908109375 0.4320984375 0.07932343750000001 0.54203125 0.041015625 0.6407812500000001 0 0.62525625 0
0 0.7151562499999999 0 0.6817734375 0.012912499999999999 0.6546875 0.0220703125 0.4423828125 0.09765625 0.34984375 0.1240234375 0.31390625 0.1318359375 0.2792671875 0.138884375 0.26484375 0.140625 0.265478125 0.1475546875 0.2895234375 0.1450296875 0.34265625 0.1349609375 0.35890625 0.130078125 0.4638671875 0.1000984375 0.6571875 0.03046875 0.6803125 0.0212890625 0.7306250000000001 0 0.7151562499999999 0
0 0.78234375 0 0.6940984375 0.0357734375 0.5470312500000001 0.0919921875 0.4809375 0.1140625 0.39890625 0.139453125 0.38093750000000004 0.14375 0.3521875 0.15 0.2728125 0.166796875 0.275 0.174609375 0.3916015625 0.1513671875 0.5340625 0.105859375 0.55984375 0.0962890625 0.72859375 0.0314453125 0.75890625 0.01875 0.79765625 0 0.78234375 0
0 0.252371875 0.175734375 0.26368749999999996 0.1924515625 0.2678015625 0.192021875 0.2575140625 0.1740203125 0.252371875 0.175734375
0 0.3741171875 0.338478125 0.37971875 0.338478125 0.36851406249999996 0.3170828125 0.3563765625 0.29840625 0.35388593749999997 0.303075 0.3601109375 0.31396875 0.3741171875 0.338478125
0 0.351084375 0.301128125 0.34454843749999997 0.302296875 0.3454828125 0.3050203125 0.36695781250000004 0.3415921875 0.37256093749999997 0.3400359375 0.35699843750000004 0.3112453125 0.351084375 0.301128125
0 0.9213953125 0 0.90321875 0.09741562499999999 0.8701734374999999 0.271434375 0.8465484375000001 0.391078125 0.8392781250000001 0.4274265625 0.84351875 0.42894062499999996 0.86956875 0.2994515625 0.89444375 0.18334062499999998 0.9213953125 0.041525 0.92808125 0 0.9213953125 0
0 0.7776562499999999 0.1775390625 0.6278125 0.18984375 0.51484375 0.1951171875 0.45359375 0.194921875 0.3671875 0.1947265625 0.30859375 0.1927734375 0.24312499999999998 0.1919921875 0.24413749999999998 0.19999375 0.2927953125 0.20185312500000002 0.24328750000000002 0.20291562500000002 0.2452 0.21008749999999998 0.2647484375 0.209290625 0.48734374999999996 0.204296875 0.49984375 0.204296875 0.666875 0.1990234375 0.8746875 0.1873046875 0.9396875 0.1806640625 0.9615625 0.178515625 0.96171875 0.17109375 0.8003125000000001 0.183984375 0.96171875 0.1615234375 0.96171875 0.151953125 0.92890625 0.1568359375 0.7776562499999999 0.1775390625
0 0 0.1876953125 0.04875 0.221875 0.10296875000000001 0.259375 0.13015625 0.273828125 0.1496875 0.2828125 0.17609375 0.2935546875 0.19796875 0.2986328125 0.2234375 0.3025390625 0.2234375 0.2970703125 0.19171875 0.2892578125 0.1708984375 0.283203125 0.1220703125 0.26123124999999997 0.08140625 0.233203125 0.055937499999999994 0.214453125 0.035625000000000004 0.2013671875 0 0.177734375 0 0.1876953125
0 0.1528921875 0.2462875 0.1638265625 0.24181406249999998 0.12974687499999998 0.2232265625 0.0962328125 0.205271875 0.092403125 0.20826562499999998 0.0986265625 0.213053125 0.1528921875 0.2462875
0 0.16517500000000002 0.251353125 0.21313437500000001 0.275365625 0.2187015625 0.2691515625 0.1717796875 0.245790625 0.16517500000000002 0.251353125
0 0 0.320790625 0.015984375000000002 0.31835 0.0165890625 0.31103749999999997 0 0.31324375 0 0.320790625
0 0.1628453125 0.306890625 0.0763078125 0.315875 0.0216671875 0.3227890625 0.0212890625 0.3310828125 0.0898546875 0.32313281250000003 0.1426625 0.316565625 0.17765625000000002 0.3119140625 0.19353437499999998 0.31103749999999997 0.22265625 0.309765625 0.22145781250000002 0.3027421875 0.20234375 0.304296875 0.1628453125 0.306890625
0 0.33375 0.4052734375 0.32375 0.404296875 0.31906249999999997 0.402734375 0.31328125 0.4 0.30953125 0.397265625 0.30265624999999996 0.3916015625 0.2879734375 0.3740640625 0.26984375 0.3521484375 0.2523375 0.327234375 0.2371078125 0.3028671875 0.23284375000000002 0.305153125 0.2377171875 0.3142890625 0.23925000000000002 0.3159140625 0.2400734375 0.317715625 0.25546875 0.343359375 0.26937500000000003 0.3625 0.29203125 0.3904296875 0.2978125 0.3970703125 0.30625 0.4064453125 0.31484375 0.409765625 0.31843750000000004 0.4103515625 0.3334375 0.4119140625 0.33375 0.4052734375
0 0.31453125000000004 0.369921875 0.3015625 0.3583984375 0.2771734375 0.33580625 0.2503125 0.30625 0.2381859375 0.292021875 0.23500000000000001 0.2962890625 0.23696718749999998 0.298875 0.240625 0.3041015625 0.2534375 0.3193359375 0.2631625 0.3300953125 0.27625 0.34453125 0.2925 0.359375 0.310678125 0.373878125 0.31453125000000004 0.369921875
1 0.505859375 0.4479984375 0.505859375 0.4016109375 0.5009765625 0.400390625 0.5 0.4016109375 0.5 0.4504390625 0.5029296875 0.4541015625 0.50390625 0.45288125 0.50390625 0.4504390625 0.505859375 0.4479984375
0 0.2671875 0.1685546875 0.25859375 0.148828125 0.2528125 0.1501953125 0.27203125 0.191796875 0.2790625 0.191015625 0.2578125 0.1208984375 0.25265624999999997 0.1224609375 0.2671875 0.1685546875
0 0.32390625 0.29140625 0.306875 0.266015625 0.30843750000000003 0.2642578125 0.32296874999999997 0.2828125 0.333125 0.2912109375 0.33828125 0.290234375 0.34125 0.289453125 0.3278125 0.278515625 0.3175 0.266015625 0.3090625 0.25546875 0.30125 0.244140625 0.29765625 0.2345703125 0.28500000000000003 0.207421875 0.27921874999999996 0.208203125 0.28203125 0.2166015625 0.27640625 0.2076171875 0.27125 0.2087890625 0.28828125 0.2376953125 0.29359375 0.25078125 0.30671875000000004 0.276171875 0.31843750000000004 0.29375 0.32390625 0.29140625
0 0.8831187500000001 0.3740453125 0.887796875 0.37646250000000003 0.9251156249999999 0.2860296875 0.9617796875 0.18823125000000002 0.9592265624999999 0.180675 0.9198546875 0.2858421875 0.8831187500000001 0.3740453125
0 0.9224359375000001 0.2754203125 0.9571734375000001 0.18138125 0.9518140624999999 0.17939687499999998 0.8874984375 0.3520921875 0.8908734375 0.3555640625 0.9224359375000001 0.2754203125
0 0.9996953124999999 0.173446875 0.9799 0.173696875 0.9798015625 0.18286875 1 0.182125 0.9996953124999999 0.173446875
0 1 0.153175 0.9796171875 0.1525828125 0.9796171875 0.1617859375 1 0.162771875 1 0.1612015625 1 0.153175
0 0.23921874999999998 0.28203125 0.25906250000000003 0.3123046875 0.26484375 0.310546875 0.24343750000000003 0.2794921875 0.23921874999999998 0.28203125
0 0.1895859375 0.3267203125 0.188575 0.3207171875 0.15773593749999998 0.3358828125 0.10111250000000001 0.362425 0.0887265625 0.362109375 0.0889796875 0.3681140625 0.0988375 0.36779687499999997 0.1109703125 0.3636890625 0.15065781250000002 0.3463109375 0.1895859375 0.3267203125
0 0 0.28046875 0.105625 0.2623046875 0.099375 0.256640625 0.02578125 0.2697265625 0 0.2734375 0 0.28046875
0 0 0.2552734375 0.07734375 0.2419921875 0.06999999999999999 0.2375 0 0.248046875 0 0.2552734375
0 0.10625 0.2298828125 0.08671875 0.2349609375 0.09109375 0.2392578125 0.11109374999999999 0.2349609375 0.10625 0.2298828125
0 0.10640625 0.302734375 0.02203125 0.310546875 0.021406249999999998 0.316796875 0.1340625 0.30625 0.19125 0.2990234375 0.179375 0.2947265625 0.10640625 0.302734375
0 0.1359375 0.2849609375 0.15484375 0.2970703125 0.16312500000000002 0.294921875 0.12562500000000001 0.2712890625 0.12234375 0.2744140625 0.1359375 0.2849609375
0 0.18848125 0.2231734375 0.215121875 0.2283953125 0.21571875000000001 0.2221796875 0.157465625 0.20826406249999999 0.1465296875 0.21224062500000002 0.18848125 0.2231734375
0 0.15269375000000002 0.2507625 0.18430625 0.24305625000000003 0.221484375 0.2313765625 0.219496875 0.22516250000000002 0.151103125 0.24603906250000002 0.15269375000000002 0.2507625
0 0.17078593749999998 0.27859531249999997 0.14016718749999998 0.2539921875 0.13360624999999998 0.2574703125 0.16700781250000002 0.282325 0.17078593749999998 0.27859531249999997
0 0.1214171875 0.2404234375 0.1324140625 0.24653437500000003 0.16766406250000002 0.26616249999999997 0.18052812499999998 0.2728796875 0.2187015625 0.29052500000000003 0.2218828125 0.284809375 0.1892765625 0.2686546875 0.1691953125 0.2589625 0.12784062499999999 0.2353515625 0.11611093750000001 0.22864218749999998 0.093046875 0.207021875 0.0843 0.207765625 0.1097484375 0.2313765625 0.1214171875 0.2404234375
0 0.13937187499999998 0.24827499999999997 0.113128125 0.2539921875 0.1180984375 0.2587125 0.145734375 0.254240625 0.13937187499999998 0.24827499999999997
0 0.09707656249999999 0.2009390625 0.0348640625 0.19911406250000002 0.041128125 0.2058984375 0.1628390625 0.207725 0.22484375 0.2079859375 0.2242171875 0.20224375 0.09707656249999999 0.2009390625
0 0 0.16205624999999999 0.011690625 0.1633609375 0.027140625 0.1719734375 0.051565625000000004 0.1858046875 0.053653125 0.194415625 0.06116875000000001 0.20015624999999998 0.06450937500000001 0.20041875 0.0684765625 0.20015624999999998 0.07202499999999999 0.1972859375 0.0734859375 0.1941546875 0.0726515625 0.188153125 0.15574062500000002 0.1936328125 0.22400781250000001 0.1972859375 0.2242171875 0.18971875 0.07181562500000001 0.1782359375 0.0674328125 0.1766703125 0.0615859375 0.17275625 0.052609375 0.1719734375 0 0.1356984375 0 0.14404999999999998 0.041753125 0.172234375 0.042589062500000004 0.17484375000000002 0 0.14692031249999998 0 0.1508359375 0.003340625 0.15683750000000002 0 0.15579218749999998 0 0.16205624999999999