1 0.20826250000000002 0.259709375 0.21321093750000003 0.27680625000000003 0.22388750000000002 0.2767984375 0.224375 0.2853515625 0.21303125 0.2862953125 0.2128125 0.29453125 0.22779375000000002 0.298771875 0.241921875 0.4687984375 0.24986562499999998 0.465490625 0.2390625 0.2955078125 0.24937499999999999 0.294140625 0.24986562499999998 0.28976562499999997 0.24984375 0.2845703125 0.23859375 0.2859375 0.23786718750000002 0.2720390625 0.25111249999999996 0.26789843750000003 0.250928125 0.2449046875 0.20942656249999997 0.2467625 0.20826250000000002 0.259709375
1 0.279296875 0.299071875 0.289375 0.29453125 0.291015625 0.2917484375 0.2896875 0.2876953125 0.259484375 0.2903359375 0.2596921875 0.2976078125 0.271484375 0.299071875 0.274234375 0.3240953125 0.279296875 0.325928125 0.279296875 0.299071875
1 0.3297046875 0.344871875 0.3365609375 0.34175625 0.3361453125 0.3272125 0.31953125 0.3279296875 0.3146875 0.3287109375 0.314453125 0.338134375 0.32421875 0.345459375 0.32421875 0.37475625 0.330078125 0.37475625 0.3297046875 0.344871875
0 0.0333484375 0 0 0.042725 0.0028125 0.0515625 0.008906250000000001 0.0435546875 0.0402828125 0 0.0333484375 0
0 0 0.3091890625 0.015890625 0.31676875 0.068371875 0.34296875 0.0741984375 0.3454609375 0.0775203125 0.3405796875 0 0.3015140625 0 0.3091890625
0 0.08203125 0.1888671875 0.14703125 0.2412109375 0.147915625 0.242334375 0.1082359375 0.2155015625 0.06044375 0.17872656250000002 0.000834375 0.1271421875 0.00041875 0.135478125 0.0587984375 0.1864328125 0.08171874999999999 0.205859375 0.11343906249999999 0.2289171875 0.0796625 0.20778124999999997 0.00041875 0.14577656249999998 0.00041875 0.16305624999999999 0.075875 0.21407812499999998 0.121303125 0.24073281249999998 0.15089999999999998 0.256884375 0.18661875 0.26306875 0.2100921875 0.26313906249999997 0.2109265625 0.2563625 0.19442500000000001 0.2529046875 0.1725765625 0.246465625 0.121303125 0.21207343750000002 0.09265625 0.1869140625 0.030553124999999997 0.1284375 0.00041875 0.09556875000000001 0.00041875 0.10796874999999999 0.08203125 0.1888671875
0 0.30953125 0.33203125 0.313396875 0.330628125 0.3039375 0.3145984375 0.291434375 0.29255624999999996 0.2911140625 0.29295781249999997 0.28774687499999996 0.296965625 0.30953125 0.33203125
0 0.2784375 0.3103515625 0.2971875 0.3314453125 0.30078125 0.3287109375 0.2817125 0.3070390625 0.2803125 0.308203125 0.2784375 0.3103515625
0 0.280625 0.2990234375 0.30171875 0.3306640625 0.30625 0.3291015625 0.28515625 0.2962890625 0.280625 0.2990234375
0 0 0.3420578125 0.0213265625 0.3541453125 0.053317187499999995 0.36878125 0.0719265625 0.3753140625 0.11499843750000001 0.38864375 0.1566078125 0.3928265625 0.16852499999999998 0.3933484375 0.196334375 0.3883828125 0.21855000000000002 0.3785078125 0.2337609375 0.3698265625 0.2318796875 0.36198437499999997 0.2201703125 0.369303125 0.1994703125 0.3755765625 0.1603703125 0.376359375 0.1202265625 0.3672125 0.086353125 0.356234375 0.034290625000000005 0.3311453125 0 0.31272812499999997 0 0.3193375 0.0560359375 0.34839375 0.0895625 0.363540625 0.0625171875 0.35362031250000003 0.024671875 0.3350640625 0 0.3224609375 0 0.328125 0.037009375 0.3478703125 0.0715078125 0.36381406250000003 0.0443265625 0.35231406249999997 0.0098265625 0.3345421875 0 0.3301 0 0.33558750000000004 0.016309375 0.3439515625 0.04328125 0.35728125 0.10718749999999999 0.3822265625 0.10703125 0.3833984375 0.0577078125 0.364859375 0.0368 0.355971875 0.01338125 0.34290625 0 0.3364828125 0 0.3420578125
1 0.34203125 0.3873046875 0.3421875 0.390234375 0.3459375 0.3896484375 0.34671875 0.3546875 0.35281250000000003 0.3544921875 0.35296875 0.3474609375 0.33609374999999997 0.3474609375 0.33609374999999997 0.3544921875 0.34171874999999996 0.3544921875 0.34203125 0.3873046875