1 0.28359375 0.048828125 0.3124140625 0.049853125 0.312096875 0.0267078125 0.30703125 0.02734375 0.30421875 0.0275390625 0.30078125 0.037109375 0.28359375 0.037109375 0.28092968749999997 0.025384374999999997 0.27578125 0.025390625 0.273125 0.025 0.27109375 0.037890625 0.25546875 0.0390625 0.2225 0.038671875 0.22218749999999998 0.0302734375 0.21375000000000002 0.0294921875 0.2125 0.0341796875 0.21219375000000001 0.04946875 0.25234375 0.052734375 0.25625 0.0615234375 0.254221875 0.41628125000000005 0.254565625 0.4552546875 0.265625 0.4560546875 0.26861250000000003 0.1880125 0.2919109375 0.16959531249999998 0.3114390625 0.15931718749999998 0.3409046875 0.157603125 0.34364531249999997 0.1528921875 0.3405625 0.14689687499999998 0.307328125 0.1490390625 0.26861250000000003 0.174734375 0.267390625 0.05239843749999999 0.28359375 0.048828125
1 0.3934375 0.2240234375 0.39234375 0.218359375 0.3878125 0.2185546875 0.38734375 0.224609375 0.3746875 0.225 0.36265625 0.225390625 0.3621875 0.217578125 0.3566953125 0.218378125 0.3566953125 0.23204687499999999 0.37421875 0.232421875 0.3759375 0.2423828125 0.37596250000000003 0.2619890625 0.356175 0.2623140625 0.357215625 0.2711015625 0.3765625 0.2724609375 0.3765625 0.4384765625 0.38302187499999996 0.43955312500000004 0.384375 0.2724609375 0.4046015625 0.2704515625 0.4064234375 0.2613375 0.384553125 0.2623140625 0.38468749999999996 0.2337890625 0.4065625 0.23359375 0.40765624999999994 0.2193359375 0.40062499999999995 0.2197265625 0.40078125 0.2234375 0.3934375 0.2240234375
1 0.4251828125 0.30590625 0.4241671875 0.31182656249999996 0.410975 0.312459375 0.41199062499999994 0.319225 0.4228140625 0.318590625 0.4253078125 0.4384390625 0.43131718750000003 0.4378828125 0.4312703125 0.31901406250000003 0.44446250000000004 0.31711093749999997 0.44446250000000004 0.3107671875 0.42991718749999996 0.31182656249999996 0.43093281250000004 0.3054828125 0.4480140625 0.30527187499999997 0.4480140625 0.299775 0.41080625 0.3014671875 0.412328125 0.3075984375 0.4251828125 0.30590625
0 0.2034109375 0.21962968749999998 0.13348125 0.164103125 0.1308421875 0.1696 0.2005515625 0.2251265625 0.2034109375 0.21962968749999998
0 0.07302031249999999 0.13510781249999998 0.028739062500000002 0.09715 0.0253046875 0.1003125 0.0699484375 0.138946875 0.07302031249999999 0.13510781249999998
0 0.088021875 0.128328125 0.033800000000000004 0.084271875 0.03145 0.0878875 0.08531093749999999 0.1323953125 0.088021875 0.128328125
0 0.044643749999999996 0.099634375 0.0386796875 0.10483281250000001 0.041571875 0.108671875 0.048259375 0.10325 0.044643749999999996 0.099634375
0 0.0531390625 0.1000875 0.0867578125 0.072071875 0.11856875 0.0460890625 0.11477343749999999 0.042475 0.0498859375 0.09534375 0.0531390625 0.1000875
0 0.08234375000000001 0 0.11468750000000001 0.039453125 0.11468750000000001 0.041796875 0.11750000000000001 0.044921875 0.11953125 0.046484375 0.12296875 0.0470703125 0.1337234375 0.055625 0.17528593750000002 0.08199218750000001 0.1763796875 0.09 0.1796609375 0.0921484375 0.1826296875 0.08882812500000001 0.1829421875 0.0874609375 0.20372343750000002 0.1015234375 0.2556359375 0.1325703125 0.2554796875 0.124953125 0.2376671875 0.115578125 0.18563593750000001 0.0829609375 0.1834484375 0.077296875 0.1775109375 0.077296875 0.1667296875 0.070265625 0.1262609375 0.04409375 0.125621875 0.036212499999999995 0.119996875 0.0356265625 0.088903125 0 0.08234375000000001 0
0 0.2240625 0.0515625 0.2503125 0.0958984375 0.2546875 0.1033203125 0.25609375 0.094921875 0.230625 0.050390625 0.2240625 0.0515625
0 0.1978125 0.0166015625 0.21171875 0.0318359375 0.2165625 0.0283203125 0.1909375 0 0.18484375 0.0013671875 0.1978125 0.0166015625
0 0.27546875000000004 0.0216796875 0.25875 0 0.2528125 0.003125 0.27109375 0.0263671875 0.27546875000000004 0.0216796875
0 0.30953125 0.0267578125 0.29203125 0 0.28484375 0.0001953125 0.30484374999999997 0.0294921875 0.30953125 0.0267578125
0 0.27296875 0.0599609375 0.28390624999999997 0.05 0.27875 0.0486328125 0.268125 0.057421875 0.268125 0.0640625 0.27296875 0.0599609375
0 0.2575 0.0595703125 0.24343750000000003 0.048828125 0.238125 0.0513671875 0.25578124999999996 0.0634765625 0.2575 0.0595703125
0 0.312571875 0.1483734375 0.269365625 0.13155624999999999 0.2681 0.1376890625 0.309565625 0.1519328125 0.312571875 0.1483734375
0 0.3358375 0.145009375 0.327765625 0.13155624999999999 0.30893281250000004 0.09357499999999999 0.2882 0.04846875 0.28329375 0.0506453125 0.29991093750000003 0.0894203125 0.32016875 0.12918281250000002 0.33061406249999997 0.1471859375 0.3358375 0.145009375
0 0.35862656249999997 0.14738437499999998 0.327290625 0.07497812499999999 0.313521875 0.0431265625 0.3111484375 0.049853125 0.3116234375 0.049062499999999995 0.32871562499999996 0.0906046875 0.352771875 0.1483734375 0.35862656249999997 0.14738437499999998
0 0.333846875 0.161625 0.4047625 0.1867890625 0.5068953125 0.2171734375 0.5558890625 0.23107031249999999 0.5713421875 0.2327203125 0.5705875 0.22659531249999998 0.5500484375 0.22424062500000003 0.49069062499999994 0.2068109375 0.410415625 0.182078125 0.33880937499999997 0.157109375 0.333846875 0.161625
0 0.336875 0.2046875 0.30343749999999997 0.166015625 0.2990625 0.168359375 0.3121875 0.1833984375 0.33515625 0.209375 0.35546875 0.224609375 0.3571875 0.2201171875 0.336875 0.2046875
0 0.38484375000000004 0.216796875 0.35625 0.18203125 0.34984375 0.1720703125 0.348125 0.166015625 0.3428125 0.165625 0.34578125000000004 0.177734375 0.36171875 0.19765625 0.38078124999999996 0.21953125 0.38484375000000004 0.216796875
0 0.398125 0.2158203125 0.37765624999999997 0.1830078125 0.3725 0.1865234375 0.3934375 0.2197265625 0.398125 0.2158203125