1 0.07042343749999999 0 0.0703125 0.0085453125 0.06640625 0.0964359375 0.0595890625 0.32653906250000003 0.056640625 0.435790625 0.05859375 0.552978125 0.06640625 0.5554203125 0.078125 0.5432125 0.08203125 0.5261234375 0.0800546875 0.3393296875 0.08848125 0.06846875 0.0893 0 0.07042343749999999 0
1 0.38079843750000003 0.27503125 0.3956578125 0.2749171875 0.396484375 0.2941890625 0.3792546875 0.295296875 0.3794484375 0.3054296875 0.39453125 0.306396875 0.396484375 0.3210453125 0.3956828125 0.44936875 0.400965625 0.4497 0.40234375 0.3112796875 0.4072265625 0.302734375 0.4180484375 0.30229531249999997 0.41901406249999995 0.2962609375 0.404296875 0.29663125 0.404296875 0.2771 0.42157968749999997 0.27371249999999997 0.4222953125 0.2646578125 0.38067656250000004 0.2634859375 0.38079843750000003 0.27503125
1 0.4278921875 0.3189421875 0.4269265625 0.4330546875 0.43426093750000005 0.4335375 0.433296875 0.31918125 0.4278921875 0.3189421875
0 0.675440625 0.06490625 0.5260546875000001 0.022443750000000002 0.44793281250000005 0 0.43186875 0.0003953125 0.47628281250000004 0.01575 0.5399140625000001 0.03425625 0.6085843750000001 0.05394375 0.660875 0.0693 0.7084406249999999 0.0803265625 0.7256625 0.084590625 0.7263015625 0.0784703125 0.675440625 0.06490625
0 0.682890625 0.13346875 0.5111 0.06970156250000001 0.38510468750000004 0.017203125 0.34358125 0.000296875 0.3364625 0.0026703125 0.3628 0.0157203125 0.439915625 0.0468625 0.5094390625 0.07563281250000001 0.574928125 0.101734375 0.6306890625 0.1210125 0.670890625 0.1357875 0.6798625 0.1387125 0.682890625 0.13346875
0 0.13374999999999998 0 0.11581875 0.0105515625 0.08745 0.029599999999999998 0.08721562499999999 0.038390625 0.09073125 0.0375125 0.12918125 0.0105515625 0.137175 0.0052328125000000005 0.13374999999999998 0
0 0.0534546875 0.0694546875 0.03891875 0.070921875 0.026257812499999998 0.0744375 0.0126609375 0.0802984375 0.0157078125 0.083815625 0.0241484375 0.08000625 0.039153125 0.075903125 0.0555640625 0.0750234375 0.0534546875 0.0694546875
0 0 0.058318749999999996 0.03798125 0.055975 0.0339953125 0.049820312500000005 0 0.0521640625 0 0.058318749999999996
0 0 0 0 0.0058609375 0.0354015625 0.033996874999999996 0.0522828125 0.0465984375 0.0518140625 0.0465984375 0.038684375 0.047184375 0.0077375 0.0211 0.001875 0.01611875 0 0.01611875 0 0.0213921875 0.032823437500000004 0.049528125 0.0522828125 0.0659390625 0.056032812499999994 0.0741453125 0.05814375000000001 0.078834375 0.060253125 0.08235 0.0642390625 0.083815625 0.06775624999999999 0.084109375 0.06892812499999999 0.08352343749999999 0.0691625 0.08000625 0.066584375 0.0794203125 0.0644734375 0.0770765625 0.0649421875 0.0761953125 0.06587968749999999 0.07678125 0.0691625 0.0761953125 0.069396875 0.0744375 0.069396875 0.0718015625 0.0656453125 0.071215625 0.0649421875 0.0691625 0.0635359375 0.0671109375 0.060253125 0.06564687500000001 0.0440765625 0.051578124999999996 0.059315625000000004 0.05040625 0.06775624999999999 0.055975 0.069396875 0.050112500000000004 0.047828125 0.036046875 0.001171875 0 0 0
0 0.11180937500000002 0.09709218750000001 0.1513890625 0.14038124999999999 0.17785625 0.1685203125 0.184040625 0.1654265625 0.1399 0.1179375 0.0893 0.06060624999999999 0.0885578125 0.070809375 0.11180937500000002 0.09709218750000001
0 0.1680953125 0.1676453125 0.1449609375 0.1425640625 0.1402609375 0.1466328125 0.16574687500000002 0.1735171875 0.1680953125 0.1676453125
0 0.26678437499999996 0.263440625 0.27040000000000003 0.259375 0.2360578125 0.222546875 0.19828125000000002 0.1836859375 0.1937625 0.187978125 0.2402140625 0.236328125 0.26678437499999996 0.263440625
0 0.26140625 0.2669921875 0.26515625 0.2626953125 0.23298437500000002 0.2311328125 0.1906890625 0.1902375 0.18765625 0.1955078125 0.22828125 0.23515625 0.26140625 0.2669921875
1 0.34375 0.25756875 0.345703125 0.18920937499999999 0.373046875 0.17944374999999999 0.3732203125 0.16659531249999998 0.3720828125 0.1637515625 0.363440625 0.16545937500000002 0.3525390625 0.166015625 0.34020937500000004 0.1662734375 0.3350109375 0.16745000000000002 0.3063546875 0.164890625 0.306640625 0.17456093749999999 0.3115234375 0.18310625 0.3330078125 0.185546875 0.3359375 0.20141562500000001 0.3331578125 0.45034375000000004 0.3433953125 0.45103593750000004 0.34375 0.423584375 0.3428421875 0.38635312499999996 0.34375 0.269775 0.3642578125 0.25634843749999997 0.3892375 0.2549265625 0.392578125 0.25024375 0.3916015625 0.244140625 0.3681640625 0.244140625 0.3468140625 0.25944531249999997 0.34375 0.25756875
0 0.167675 0.000378125 0.161621875 0.00226875 0.2049015625 0.08550156249999999 0.2394046875 0.1464125 0.26725 0.19294687500000002 0.27723749999999997 0.209215625 0.28147500000000003 0.2039171875 0.24545937499999998 0.14527812499999998 0.1952171875 0.0541015625 0.167675 0.000378125
0 0.27334375 0.21092343750000003 0.2472484375 0.2330390625 0.2503015625 0.2379671875 0.27776718749999996 0.21479374999999998 0.27334375 0.21092343750000003
0 0.2858953125 0.2157890625 0.33380624999999997 0.2362921875 0.336409375 0.23043593750000002 0.3059453125 0.2177421875 0.2885 0.21025624999999998 0.2864171875 0.21448593749999997 0.2858953125 0.2157890625
0 0.1268046875 0.09601562500000001 0.125503125 0.10219843749999999 0.1908578125 0.13344375 0.2450171875 0.157203125 0.24163125000000002 0.148090625 0.19866875 0.1285625 0.1268046875 0.09601562500000001
0 0.1849296875 0.1101109375 0.2223640625 0.11912343750000001 0.2184578125 0.110009375 0.1268046875 0.0885296875 0.125503125 0.09406250000000001 0.1849296875 0.1101109375
0 0.20826093750000002 0.043584374999999995 0.243834375 0.0971796875 0.2633890625 0.1228015625 0.27187031250000004 0.1228015625 0.2287578125 0.0621359375 0.18870625000000002 0 0.18258125 0.0008828124999999999 0.20826093750000002 0.043584374999999995
0 0.4596796875 0.1664609375 0.5444234375 0.1811484375 0.6127875 0.1900484375 0.67545625 0.1958359375 0.6761671875 0.18960468749999998 0.626246875 0.1852109375 0.49457500000000004 0.166015625 0.294465625 0.12862968749999998 0.2307296875 0.1130515625 0.23144218749999998 0.1215078125 0.26776093749999996 0.1299625 0.356065625 0.1468765625 0.4596796875 0.1664609375
0 0.3358640625 0.2095265625 0.323240625 0.1852109375 0.31703281250000004 0.18753906250000002 0.3333796875 0.21521718750000002 0.3358640625 0.2095265625
0 0.25495 0.161671875 0.30544375 0.18262499999999998 0.3068921875 0.17641562500000002 0.288475 0.16865625 0.25101874999999996 0.1539125 0.25495 0.161671875
0 0.3087546875 0.1596015625 0.246671875 0.1446 0.24936250000000001 0.1521015625 0.30751249999999997 0.165553125 0.3087546875 0.1596015625
0 0.25022500000000003 0 0.2594828125 0.022232812499999997 0.28652812499999997 0.07522656250000001 0.3169828125 0.1318734375 0.3272171875 0.133396875 0.2838484375 0.0560390625 0.25655937500000003 0 0.25022500000000003 0
0 0.2836046875 0 0.2950546875 0.027715625 0.32136875 0.0877125 0.34313125 0.1364609375 0.3525953125 0.1375609375 0.31503437500000003 0.0566484375 0.2896953125 0 0.2836046875 0
0 0.5871421875 0.22334375 0.587865625 0.216109375 0.4796 0.198025 0.376396875 0.1775296875 0.376784375 0.183015625 0.400996875 0.188671875 0.516009375 0.2118890625 0.5871421875 0.22334375
0 0.38680781249999996 0.20848593750000002 0.387990625 0.21476875 0.48291874999999995 0.24434218749999997 0.5516609375 0.262540625 0.5536046875 0.25605781250000004 0.477890625 0.2351015625 0.38680781249999996 0.20848593750000002
0 0.41180000000000005 0.263140625 0.37325624999999996 0.1733671875 0.370290625 0.18036875000000002 0.3837984375 0.214959375 0.4058703125 0.26437499999999997 0.41180000000000005 0.263140625
0 0.38709375 0.242103125 0.36025 0.18463125 0.3531796875 0.1866328125 0.36479062500000003 0.21275624999999998 0.379759375 0.24312031250000002 0.38709375 0.242103125
0 0.3584671875 0.1974515625 0.346078125 0.19215312499999998 0.34542656250000003 0.196228125 0.35977187499999996 0.203359375 0.3584671875 0.1974515625