1 0.27221759218749997 0.221454021875 0.2720533078125 0.2180040703125 0.264421875 0.2170015625 0.23512499999999997 0.2170015625 0.23219531249999997 0.22066406249999998 0.23219531249999997 0.22554687499999998 0.249217915625 0.226218240625 0.249217915625 0.231475309375 0.24527511406250002 0.23180387656249998 0.2365625 0.23234375 0.235746678125 0.23706094531250002 0.24872506562500002 0.2373895109375 0.248232215625 0.24987505 0.23171875000000003 0.24921875 0.23195468749999998 0.25341562500000003 0.23180387656249998 0.25710351875000004 0.24625 0.25765625000000003 0.24586718749999997 0.3305265625 0.244103125 0.3909546875 0.24391406249999997 0.40621093750000004 0.249734375 0.404221875 0.251086021875 0.376332709375 0.2546875 0.26859375 0.25546875 0.2578125 0.26734375 0.2572265625 0.268125 0.2501953125 0.255625 0.2498046875 0.25611781875 0.23771807812499998 0.25661066875 0.227203940625 0.262524871875 0.226711090625 0.2712578125 0.22554687499999998 0.27221759218749997 0.221454021875
1 0.2734375 0.3869625 0.279296875 0.3869625 0.279296875 0.3137203125 0.28125 0.3112796875 0.28125 0.29663125 0.279296875 0.2941890625 0.279296875 0.286865625 0.283203125 0.2819828125 0.2822265625 0.27587968749999997 0.2763671875 0.27587968749999997 0.2734375 0.279540625 0.2734375 0.3869625
0 0.1947109375 0 0.1942390625 0.007071875 0.219215625 0.0078984375 0.320021875 0.023571875 0.4367828125 0.0418921875 0.4543640625 0.0463578125 0.4803171875 0.050209375 0.495403125 0.055867187500000005 0.5194093750000001 0.056153125000000005 0.9051578125 0.12636562499999998 0.9691640625 0.13700937500000002 1 0.14205937500000002 1 0.13554375000000002 0.5271046875 0.04711875 1 0.12069218749999999 1 0.11364062500000001 0.9393234375 0.103484375 0.9191671875 0.1009546875 0.4376078125 0.02953125 0.3760734375 0.0223203125 0.2353421875 0 0.1947109375 0
0 0.394171875 0.013851562500000001 0.37086874999999997 0 0.35890625 0.000515625 0.40310468750000006 0.025571875 0.411584375 0.023524999999999997 0.394171875 0.013851562500000001
0 0.3577625 0.015609375 0.33456562500000003 0 0.32539843749999997 0.001978125 0.34653125 0.01565625 0.35002187500000004 0.01736875 0.3577625 0.015609375
0 0.66335625 0.14180781250000002 0.7582390625000001 0.174296875 0.82070625 0.18710312499999998 0.8242453125000001 0.1871875 0.8228171874999999 0.1818265625 0.7912421875 0.17481249999999998 0.7458640625 0.1639828125 0.66170625 0.13459062500000002 0.5354703125 0.08302343749999999 0.49124999999999996 0.0615234375 0.4581953125 0.046171875 0.45203906250000003 0.047490624999999995 0.47441562499999995 0.060334374999999996 0.5527968750000001 0.0979765625 0.66335625 0.14180781250000002
0 0.3892765625 0.03745 0.40703125 0.05 0.43515625 0.0654296875 0.44828124999999996 0.0724609375 0.49942343749999996 0.101390625 0.5608906250000001 0.1292390625 0.633496875 0.15966249999999998 0.6830078125 0.179346875 0.702803125 0.1849296875 0.754571875 0.2002953125 0.776646875 0.20349374999999997 0.801778125 0.20744531249999998 0.8013999999999999 0.20143125 0.768809375 0.195759375 0.7538671875 0.1939203125 0.7259046875 0.18544531250000001 0.6824375 0.1724515625 0.654538984375 0.1615867515625 0.5373765625 0.1117046875 0.50203125 0.094921875 0.42125 0.051171875 0.393090625 0.0347484375 0.3892765625 0.03745
0 0 0.1015625 0.055176562500000005 0.1602375 0.08734375 0.190234375 0.11328125 0.2126953125 0.1476953125 0.24239687499999998 0.15203125 0.2462890625 0.1534375 0.2443359375 0.15531250000000002 0.240234375 0.15109375 0.23671875 0.0978125 0.191015625 0.019375 0.11484375 0.015349999999999999 0.1099375 0 0.0958984375 0 0.1015625
0 0 0.1629375 0.008010937499999999 0.1738609375 0.016384375 0.185921875 0.021562500000000002 0.183203125 0 0.1552015625 0 0.1629375
0 0.0750546875 0.081090625 0.1886234375 0.1191296875 0.23440625 0.13294999999999998 0.334540625 0.15969843749999998 0.3874515625 0.1716328125 0.40431875 0.1746734375 0.4040796875 0.170609375 0.3157109375 0.14913125 0.23157812500000002 0.12493593750000001 0.1760671875 0.1082203125 0.071065625 0.0735859375 0.0238765625 0.056740625 0.00069375 0.047875 0 0.0530390625 0.0750546875 0.081090625
0 0.0029437499999999998 0.1173921875 0.00703125 0.11484375 0.00984375 0.1134765625 0.00695625 0.11003437499999999 0 0.1140625 0.0029437499999999998 0.1173921875
1 0.2144 0.22605625 0.21475312500000002 0.21501718749999998 0.23294375 0.2145765625 0.23828125 0.21362343749999999 0.238771875 0.20596718749999998 0.2165625 0.20640624999999999 0.216796875 0.16967812499999999 0.21765625000000002 0.16234375 0.22703125000000002 0.16218749999999998 0.22711562500000002 0.1644640625 0.22781250000000003 0.1703125 0.23140624999999998 0.170625 0.234375 0.16921875 0.2346875 0.16375 0.240625 0.16265625 0.24018437499999998 0.148128125 0.2355921875 0.1485703125 0.23523906249999998 0.1549734375 0.2246875 0.15562499999999999 0.22376093749999998 0.14835 0.2175796875 0.148128125 0.2171875 0.15375 0.20765625000000001 0.15359375 0.20546875 0.15390625 0.18755625 0.15386875 0.18614375 0.1485703125 0.1819046875 0.148790625 0.1826171875 0.1611328125 0.18843749999999998 0.16296875 0.18828125 0.17109375 0.19484375 0.17124999999999999 0.196875 0.1625 0.20046875000000003 0.16218749999999998 0.203125 0.16723593750000001 0.20249531250000002 0.1896171875 0.20671875 0.19171875 0.20640624999999999 0.19624999999999998 0.20640624999999999 0.20484375 0.1826171875 0.205078125 0.1808453125 0.205525 0.181640625 0.21118125000000001 0.18843749999999998 0.21328125 0.20656249999999998 0.21375000000000002 0.2039796875 0.3874296875 0.21122187499999998 0.3887546875 0.21281093750000002 0.2872078125 0.21328125 0.25203125000000004 0.21669531250000001 0.248575 0.21875 0.2440625 0.225584375 0.24032499999999998 0.235415625 0.2375359375 0.2355921875 0.23290000000000002 0.224290625 0.23378281250000002 0.22265625 0.2340625 0.22075781249999998 0.23444531249999997 0.21390625000000002 0.2396875 0.2144 0.22605625
0 0.06870625 0.161803125 0.09078125000000001 0.145703125 0.094375 0.142578125 0.0907046875 0.139484375 0.06567656250000001 0.1588125 0.06870625 0.161803125
0 0.01578125 0.109765625 0.039218750000000004 0.099609375 0.052031249999999994 0.0939453125 0.0471875 0.090625 0.012968750000000001 0.1052734375 0.01578125 0.109765625
0 0.48492499999999994 0.222734375 0.451621875 0.21557656249999999 0.332725 0.1851671875 0.24214531250000002 0.15626562500000002 0.2412578125 0.161978125 0.2505 0.1653484375 0.267828125 0.1706421875 0.3151953125 0.1860453125 0.370646875 0.2019296875 0.4589921875 0.22359218749999998 0.546859375 0.2397109375 0.58900625 0.24410156249999998 0.5884437499999999 0.23891093749999998 0.5449578125000001 0.23519687500000003 0.48492499999999994 0.222734375
0 0.4503640625 0.1778890625 0.39293125 0.1622171875 0.3152859375 0.13838124999999998 0.2620609375 0.12031875 0.1901359375 0.0935484375 0.1250734375 0.0703859375 0.0294046875 0.0311046875 0.0105515625 0.0223765625 0.000309375 0.021212500000000002 0.0002328125 0.026476562500000002 0.01085 0.028304687499999998 0.0237421875 0.03404375 0.0609859375 0.050335937500000004 0.11809531250000001 0.07312031249999999 0.15223124999999998 0.086125 0.27801875 0.1326796875 0.319375 0.1462421875 0.3755296875 0.1625109375 0.4502484375 0.182296875 0.4503640625 0.1778890625
0 0.46027968750000003 0.18744687499999999 0.5002515625 0.19720312499999998 0.5695546874999999 0.21228125000000003 0.571209375 0.20636875 0.4614625 0.1827171875 0.46027968750000003 0.18744687499999999
0 0.43770468749999997 0.241509375 0.433125 0.2404296875 0.4092171875 0.2355375 0.359659375 0.22140468750000003 0.2707125 0.189853125 0.2170734375 0.16841250000000002 0.2172625 0.173828125 0.2662546875 0.1940859375 0.3361640625 0.2195234375 0.364375 0.2287109375 0.395 0.2376953125 0.41735 0.2437859375 0.4338828125 0.2470859375 0.436271875 0.24748437499999998 0.43826406249999994 0.247590625 0.4392984375 0.24250625 0.43770468749999997 0.241509375
0 0.0491921875 0.08631093749999999 0.0003578125 0.057914062499999995 0 0.06283125 0.0461515625 0.08921875 0.0491921875 0.08631093749999999
0 0.18049375 0.15205156250000001 0.132553125 0.13013593750000002 0.11453125 0.1208984375 0.07244843749999999 0.09749218750000001 0.066365625 0.10084531249999999 0.11287499999999999 0.1267828125 0.1801359375 0.1585359375 0.18049375 0.15205156250000001
0 0 0.0563484375 0.0447203125 0.078709375 0.10661406250000001 0.10777812499999999 0.2159125 0.15138125 0.21680625 0.14735625000000002 0.2162703125 0.1462359375 0.166540625 0.1265609375 0.0762046875 0.0872046875 0.025401562500000002 0.0641734375 0 0.05321875 0 0.0563484375
0 0 0.12504375 0.029751562500000002 0.155259375 0.0714578125 0.1947734375 0.11794374999999999 0.23794062500000002 0.14814687499999998 0.258771875 0.1494484375 0.25429843750000003 0.11900625000000001 0.23096875 0.052331249999999996 0.167878125 0 0.11740625 0 0.12504375
0 0.030815625000000003 0.185771875 0.0183328125 0.192109375 0.018723437500000002 0.1957671875 0.027500000000000004 0.19284218749999998 0.0388125 0.185771875 0.0514890625 0.17626406249999998 0.048759375 0.17260625000000002 0.030815625000000003 0.185771875
0 0.041875 0.174609375 0.00125 0.1390625 0 0.1447265625 0.039218750000000004 0.17890625 0.041875 0.174609375