1 0.06 0.0869140625 0.0517578125 0.08545 0.046875 0.0869140625 0.046875 0.23071250000000001 0.052734375 0.4699703125 0.05653125 0.535340625 0.0733203125 0.536625 0.072265625 0.52368125 0.0605390625 0.170659375 0.07079375 0.1828578125 0.07305625 0.18676874999999998 0.0781 0.18676874999999998 0.0843375 0.17483437500000001 0.08499999999999999 0.1548828125 0.0609578125 0.13308124999999998 0.060546875 0.0964359375 0.06 0.0869140625
1 0.7592187499999999 0 0.781446875 0.509115625 0.8030687500000001 0.509115625 0.8025781249999999 0.4870609375 0.8011890625 0.4626984375 0.7928124999999999 0.3796390625 0.7810937499999999 0.0207515625 0.78046875 0 0.7592187499999999 0
1 0.5084375 0.174609375 0.4915625 0.17421875 0.4915625 0.1685546875 0.5231921875000001 0.16771875 0.5227578125 0.1543765625 0.47178906249999997 0.15655468749999998 0.46721406249999997 0.1674453125 0.4794921875 0.17578125 0.49203125 0.1810546875 0.5079687500000001 0.182421875 0.5084375 0.174609375
1 0.49574687500000003 0.24025625 0.49613125 0.2340296875 0.509928125 0.2299578125 0.51171875 0.20629843750000001 0.4794921875 0.185546875 0.45957968749999994 0.17835937500000001 0.44806718749999996 0.1774140625 0.4495765625 0.1882671875 0.47411250000000005 0.1899171875 0.47581093750000003 0.200771875 0.4639203125 0.1953453125 0.450709375 0.1972328125 0.44901093750000004 0.206434375 0.448821875 0.230734375 0.47390156250000004 0.2335484375 0.47286406249999996 0.2482421875 0.44458593750000003 0.24638437500000002 0.44734687500000003 0.265359375 0.46484375 0.267334375 0.466796875 0.2844234375 0.47265625 0.4650875 0.4921875 0.4675296875 0.494140625 0.435790625 0.478515625 0.4113765625 0.478515625 0.3869625 0.4988140625 0.3557125 0.49609375 0.2819828125 0.49609375 0.2640625 0.51171875 0.2623046875 0.5107015625 0.2549984375 0.4970703125 0.2535296875 0.49574687500000003 0.24025625
1 0.46432031250000005 0.41703437499999996 0.46355312499999995 0.3763140625 0.4691109375 0.37224218750000004 0.470703125 0.355225 0.46875 0.3015140625 0.4521484375 0.2978515625 0.4453125 0.3039546875 0.4470734375 0.3940390625 0.45722968750000004 0.39882968750000003 0.457421875 0.4182328125 0.46432031250000005 0.41703437499999996
0 0 0.0658203125 0.30874999999999997 0.021875 0.44109375 0.00546875 0.47234375 0 0.418125 0.0013671875 0.4078125 0.001953125 0.11953125 0.0404296875 0.01109375 0.05703125 0 0.0587890625 0 0.0658203125
0 0 0.0982421875 0.04609375 0.0931640625 0.044921875 0.086475 0 0.0900390625 0 0.0982421875
0 0.34078125 0.0607421875 0.49812500000000004 0.0447265625 0.53203125 0.0423828125 0.53125 0.0354 0.46953125 0.041015625 0.16890624999999998 0.070703125 0.0594671875 0.08513593750000001 0.060084375 0.0907953125 0.080625 0.0890625 0.34078125 0.0607421875
0 0.21027187500000002 0.28215625 0.21339999999999998 0.28215625 0.21744687499999998 0.2787078125 0.13989374999999998 0.2141734375 0.0927109375 0.1676359375 0.0874921875 0.1626375 0.085175 0.1710875 0.137421875 0.22121875000000002 0.21027187500000002 0.28215625
0 0.00140625 0.2216796875 0.046718749999999996 0.1685546875 0.045 0.1611328125 0.03234375 0.1765625 0 0.21640625 0.00140625 0.2216796875
0 0 0.089765625 0.05678593750000001 0.0818515625 0.2547203125 0.053793749999999994 0.525 0.0197265625 0.5246875 0.014453125 0.5219 0.014417187500000001 0.48734374999999996 0.0173828125 0.44541718750000003 0.0219609375 0.2658296875 0.0441421875 0.03605625 0.07778281249999999 0 0.0820484375 0 0.089765625
0 0.347190625 0.0816734375 0.5333484375 0.058643749999999994 0.5315390625 0.05161249999999999 0.49109375 0.05625 0.37886875 0.069615625 0.26 0.0814453125 0.15234375 0.0873046875 0.059878125000000004 0.09182343750000001 0.060289062500000004 0.09825468750000001 0.2288078125 0.09161875 0.347190625 0.0816734375
0 0.6609375 0.0009765625 0.57109375 0.00703125 0.5721875 0.01328125 0.66125 0.0060546875 0.6609375 0.0009765625
0 0.499375 0.269921875 0.52125 0.2927734375 0.5246875 0.287109375 0.5028125 0.2654296875 0.499375 0.269921875
1 0.31453125000000004 0.3666015625 0.31296875 0.3095703125 0.30703125 0.3080078125 0.306875 0.3548828125 0.3071875 0.366015625 0.31453125000000004 0.3666015625
0 0.8006078125 0.0239375 0.7944125 0.0133765625 0.7806140625 0.012671874999999999 0.78046875 0.019921875 0.7904687499999999 0.019921875 0.7977921875 0.0281609375 0.8265156250000001 0.029568749999999998 0.8374984375000001 0.025343749999999998 0.9749234375 0.0404796875 0.9749234375 0.033440625 0.8377796875 0.01865625 0.8293312500000001 0.0190078125 0.8231359375 0.0239375 0.8006078125 0.0239375
0 0.759028125 0.0129453125 0.5704890625 0.029315625 0.5710984375 0.0361703125 0.759028125 0.0197984375 0.759028125 0.0129453125
0 0.6071875 0.07421875 0.5772203124999999 0.1295765625 0.57984375 0.1376953125 0.60638125 0.0879203125 0.62953125 0.0453125 0.6246875000000001 0.043359375 0.6071875 0.07421875
0 0.652540625 0.0317140625 0.5717515625 0.044512499999999997 0.5730859374999999 0.0514671875 0.666115625 0.034775 0.7023921875 0.0278203125 0.6979421875 0.025317187499999998 0.652540625 0.0317140625
0 0.56140625 0.157421875 0.5346875 0.19921875 0.538375 0.201990625 0.551875 0.1826171875 0.56375 0.1619140625 0.56140625 0.157421875
0 0.550115625 0.064328125 0.54940625 0.06410625 0.5357421875 0.11135312500000001 0.5194156249999999 0.15261249999999998 0.5231421875 0.156828125 0.5407109375 0.11534843749999998 0.5554390625 0.0656578125 0.550115625 0.064328125
0 0.54355 0.06543750000000001 0.545159375 0.057878125 0.5405328125 0.056342187499999995 0.5100109374999999 0.1510609375 0.5156890625 0.15128124999999998 0.5249171875 0.12333281250000001 0.54355 0.06543750000000001
0 0.5318375 0.06920937499999999 0.5340625 0.0603515625 0.5282890625000001 0.060335937500000006 0.49989531249999997 0.14928593750000002 0.5050421875 0.15128124999999998 0.5226109375 0.096715625 0.5318375 0.06920937499999999
0 0.4940390625 0.06388437500000001 0.48921875000000004 0.064453125 0.48215 0.0991546875 0.47062499999999996 0.1537109375 0.47558437500000006 0.15394375 0.4848125 0.1071390625 0.4940390625 0.06388437500000001
0 0.4801984375 0.15549531249999998 0.5023796875000001 0.06321875 0.49741093750000004 0.063440625 0.47913281249999995 0.141521875 0.47576093750000004 0.154609375 0.4801984375 0.15549531249999998
0 0.49828124999999995 0.0376953125 0.503125 0.022265625 0.49749999999999994 0.02265625 0.49312500000000004 0.0376953125 0.49828124999999995 0.0376953125
0 0.50703125 0.0212890625 0.50234375 0.0353515625 0.5021875 0.0375 0.5071875 0.037890625 0.5120312499999999 0.022265625 0.50703125 0.0212890625
0 0.500625 0 0.496875 0.0140625 0.500625 0.015234375 0.505 0 0.500625 0
0 0.510625 0 0.50890625 0.0138671875 0.5134375 0.014453125 0.51515625 0 0.510625 0
0 0.495625 0.0552734375 0.49671875 0.0451171875 0.49203125 0.0455078125 0.49093749999999997 0.05625 0.495625 0.0552734375
0 0.503125 0.055078125 0.5042187499999999 0.0451171875 0.5 0.0453125 0.49828124999999995 0.0548828125 0.503125 0.055078125
0 0 0.031640625 0.10171875 0.0177734375 0.2001171875 0.0057265625 0.1968796875 0 0.1539109375 0.0048828125 0 0.0255859375 0 0.031640625
0 0.00015937499999999998 0.0234375 0.11109687500000001 0.0091796875 0.187346875 0.0001953125 0.140471875 0 0 0.01875 0.00015937499999999998 0.0234375
0 0 0.1337890625 0.04375 0.15390625 0.046875 0.15546875 0.0471875 0.147265625 0.000625 0.1255859375 0 0.1337890625
0 0.0465625 0.1291015625 0.00046875 0.1068359375 0 0.11796875 0.0459375 0.1388671875 0.0465625 0.1291015625
0 0.0421875 0.2259765625 0.00015625 0.2701171875 0.000625 0.2771484375 0.0465625 0.2306640625 0.0421875 0.2259765625
0 0.31515624999999997 0.2357421875 0.415284375 0.20103749999999998 0.44875 0.1875 0.44828124999999996 0.1818359375 0.38275468749999997 0.2064046875 0.23183281249999999 0.25656093750000003 0.23249375 0.2625453125 0.2628765625 0.25222500000000003 0.31515624999999997 0.2357421875
0 0.25015624999999997 0.312109375 0.22796875 0.2830078125 0.226875 0.2880859375 0.22593749999999999 0.2919921875 0.2375 0.3083984375 0.25328125 0.325 0.26734375 0.3392578125 0.2784375 0.348046875 0.28359375 0.3521484375 0.29453125 0.35390625 0.29546875 0.348828125 0.28515625 0.346484375 0.27171875 0.334375 0.25015624999999997 0.312109375
1 0.23046875 0.455321875 0.22855937499999998 0.28265625 0.228515625 0.25756875 0.22751562500000003 0.25308593749999997 0.2191671875 0.25286718750000003 0.21875 0.25756875 0.22265625 0.4113765625 0.2221234375 0.4265921875 0.22265625 0.45288125 0.222471875 0.4565984375 0.23046875 0.455321875