1 0.16796875 0.3430171875 0.179296875 0.36273125 0.187940625 0.362421875 0.19921875 0.3479 0.19781875 0.298828125 0.1875 0.299071875 0.18796875 0.21796875 0.181875 0.2181640625 0.1796875 0.3015140625 0.171146875 0.302225 0.169665625 0.3176609375 0.16796875 0.3308109375 0.16796875 0.3430171875
1 0.25703125 0.376171875 0.263125 0.3759765625 0.26234375 0.291015625 0.2568359375 0.29052812499999997 0.25140625 0.2908203125 0.251953125 0.29663125 0.25 0.3625484375 0.2493875 0.445909375 0.25859375 0.4451171875 0.25703125 0.376171875
1 0.2749390625 0.3532765625 0.274725 0.4017546875 0.2818515625 0.4017546875 0.28125 0.3527828125 0.2749390625 0.3532765625
1 0.3262421875 0.3982328125 0.326171875 0.455321875 0.33203125 0.4577640625 0.331428125 0.3979234375 0.3262421875 0.3982328125
0 0 0.15546875 0.02491875 0.1839234375 0.06046875 0.222265625 0.06265625 0.2146484375 0 0.1461015625 0 0.15546875
0 0 0 0 0.0029437499999999998 0.027682812499999997 0.052212499999999995 0.03046875 0.0439453125 0.0037671875 0 0 0
0 0.00032031249999999996 0.06853125 0.01779375 0.093178125 0.0484375 0.1337890625 0.0925 0.1810546875 0.13353593749999998 0.21585937500000002 0.145625 0.2251953125 0.14832499999999998 0.2202640625 0.145953125 0.217296875 0.1299328125 0.20246406249999999 0.11427812500000001 0.18755468749999998 0.1011578125 0.17485781250000001 0.07475625 0.1409109375 0.0328125 0.0845703125 0.0177984375 0.062296874999999995 0.0122859375 0.063475 0.030156250000000002 0.09140625 0.07781249999999999 0.157421875 0.0709375 0.15078125 0.049062499999999995 0.1232421875 0.02491875 0.09047812499999999 0.00609375 0.0658203125 0.0029484375 0.0667515625 0.00032031249999999996 0.06853125
0 0.13921875 0.279296875 0.1248359375 0.269946875 0.1153125 0.2623046875 0.11234375 0.2662109375 0.1140625 0.2693359375 0.11921875 0.27421875 0.136459375 0.285528125 0.1738375 0.30406875 0.17515624999999999 0.298046875 0.13921875 0.279296875
0 0 0.1771484375 0.02588125 0.20537343749999998 0.036784375 0.21581406250000001 0.051617187499999995 0.2313890625 0.054584375 0.2254546875 0 0.165853125 0 0.1771484375
0 0 0.1978515625 0.00828125 0.2064453125 0.045375 0.24263906249999997 0.0483234375 0.2450953125 0.0496875 0.2384765625 0 0.1883765625 0 0.1978515625
0 0.038906249999999996 0.25078125 0.04328125 0.24765625 0.042717187499999996 0.246025 0.00032812499999999997 0.2062015625 0 0.2146484375 0.020624999999999998 0.234765625 0.038906249999999996 0.25078125
0 0.11921875 0.29609375 0.0975 0.2826171875 0.0953125 0.2890625 0.11609375 0.3009765625 0.11921875 0.29609375
0 0.25984375000000004 0.315625 0.2746671875 0.352684375 0.2785703125 0.34943124999999997 0.2751546875 0.34150468749999996 0.26359374999999996 0.3119140625 0.25984375000000004 0.315625
0 0.28453125 0.347265625 0.264096875 0.2963765625 0.26035624999999996 0.30125625 0.2790578125 0.3473984375 0.2800328125 0.349228125 0.28453125 0.347265625
0 0.221815625 0.3380484375 0.223278125 0.3390640625 0.22734375 0.3359375 0.1993734375 0.30633750000000004 0.1975 0.3123046875 0.19872343750000002 0.3140625 0.221815625 0.3380484375
0 0.23015625 0.2845703125 0.2459375 0.2966796875 0.25171875 0.2986328125 0.25296875 0.2990234375 0.2534375 0.29296875 0.23984375 0.2849609375 0.2265625 0.27109375 0.21296875 0.25 0.196875 0.21953125 0.19171875 0.2232421875 0.21609375000000003 0.2666015625 0.23015625 0.2845703125
0 0.1975 0.323828125 0.21000000000000002 0.339453125 0.21640625 0.3376953125 0.19953125 0.3181640625 0.1975 0.323828125
0 0.0495046875 0.085584375 0.0804453125 0.128003125 0.09609375 0.1482421875 0.116375 0.1714203125 0.12828124999999999 0.1857421875 0.13921875 0.1947265625 0.1607859375 0.2096 0.1710453125 0.2154109375 0.177778125 0.2140078125 0.1596921875 0.2018609375 0.13093749999999998 0.1787109375 0.10679374999999999 0.151209375 0.0770515625 0.11378124999999999 0.052298437499999996 0.07884687500000001 0.0409203125 0.059884375000000004 0.0347328125 0.0611328125 0.0495046875 0.085584375
0 0.01125 0.0537109375 0.00015625 0.0376953125 0 0.044921875 0.0073437500000000005 0.056640625 0.01125 0.0537109375
0 0.026875 0.2501953125 0.000625 0.228125 0 0.235546875 0.0228125 0.2533203125 0.026875 0.2501953125
0 0.04953125 0.2673828125 0.04 0.26015625 0.03515625 0.2634765625 0.04828125 0.273828125 0.04953125 0.2673828125
0 0.15125 0.3041015625 0.16375 0.3044921875 0.16421875 0.2998046875 0.1546875 0.2986328125 0.1340625 0.2892578125 0.1084375 0.2736328125 0.09640625 0.266015625 0.095625 0.273046875 0.13093749999999998 0.2953125 0.14109375 0.301171875 0.15125 0.3041015625
0 0.19453125 0.24765625 0.19734374999999998 0.2576171875 0.191875 0.248828125 0.18734375 0.249609375 0.18937500000000002 0.25625 0.19375 0.263671875 0.21046874999999998 0.2830078125 0.2225 0.2951171875 0.23203125 0.3033203125 0.23562500000000003 0.305078125 0.2421875 0.30625 0.25125000000000003 0.30546875 0.25078125 0.2998046875 0.2453125 0.3001953125 0.2375 0.2994140625 0.23109375000000001 0.294921875 0.22453125 0.2875 0.21671875 0.2759765625 0.2071875 0.2603515625 0.1996875 0.2458984375 0.19453125 0.24765625