1 0.6140625 0.4189453125 0.6137390625 0.430975 0.6234375 0.4306640625 0.6223171875 0.3227109375 0.6214875 0.30714687500000004 0.6142937500000001 0.3064546875 0.6140625 0.4189453125
1 0.6188359375 0.014276562500000001 0.6088796875 0.014276562500000001 0.6088796875 0.020134375 0.5626046875 0.020867187500000002 0.5623125 0.0285546875 0.6094640625000001 0.0281890625 0.61034375 0.16107812500000002 0.6115140625000001 0.1618109375 0.6203015625 0.16107812500000002 0.6211796875 0.157053125 0.6182515625 0.027821875000000003 0.659253125 0.027821875000000003 0.660425 0.02489375 0.66013125 0.0190375 0.6191296875 0.020867187500000002 0.6188359375 0.014276562500000001
0 0.52923125 0.141709375 0.56196875 0.035778125 0.5561921875 0.03519375 0.5253421875 0.14002187500000002 0.52923125 0.141709375
0 0.6268828125 0.093303125 0.65550625 0.0605640625 0.6515765625000001 0.057056249999999996 0.6234375 0.090625 0.6268828125 0.093303125
0 0.6081765625 0.09751093749999999 0.5915265625 0.10803437499999999 0.593396875 0.11130781249999999 0.609859375 0.10289062499999999 0.6081765625 0.09751093749999999
0 0.6828671875000001 0.1473265625 0.7582765625000001 0.06280625 0.7555234375000001 0.057931250000000004 0.6798109375 0.143396875 0.6828671875000001 0.1473265625
0 0.705834375 0.1388828125 0.6879140625 0.1534421875 0.6921703124999999 0.1587625 0.7087453125 0.1436421875 0.705834375 0.1388828125
0 0.725321875 0.1162015625 0.7105375 0.1318828125 0.712778125 0.1374828125 0.7286828125 0.11816249999999999 0.725321875 0.1162015625
0 0.39190468749999996 0.21572968750000002 0.308234375 0.2504984375 0.30953906249999996 0.2546171875 0.39139375 0.22257031249999998 0.48834062500000003 0.1738375 0.4817296875 0.1724125 0.39190468749999996 0.21572968750000002
0 0.484465625 0.2259875 0.3305765625 0.24793125 0.331715625 0.2516375 0.4869734375 0.2294078125 0.484465625 0.2259875
0 0.34744687500000004 0.241946875 0.4404640625 0.23225781250000002 0.44000781250000004 0.227984375 0.351778125 0.23767343749999997 0.34927031249999996 0.23795937500000003 0.34744687500000004 0.241946875
0 0.48264218750000004 0.2513515625 0.32168437499999997 0.2744359375 0.32122968749999997 0.2792796875 0.48287031249999995 0.256196875 0.48264218750000004 0.2513515625
0 0.44935625 0.2849796875 0.4475328125 0.27985000000000004 0.3241921875 0.314046875 0.3251046875 0.31889218750000003 0.32953125 0.318359375 0.3721875 0.3078125 0.4169828125 0.29438437500000003 0.44935625 0.2849796875