0 0.8972125 0.2124640625 0.9213125 0.24488906250000003 0.9260640625000001 0.24251406250000002 0.8747484375000001 0.1688640625 0.873796875 0.1771796875 0.8972125 0.2124640625
0 0.8897703124999999 0.17088125 0.9294437500000001 0.207625 0.9486421875 0.2261171875 0.9499812500000001 0.21960937500000002 0.8964546875 0.1682671875 0.8726046875 0.1450796875 0.872075 0.1534625 0.8897703124999999 0.17088125
0 0.7803093750000001 0.14280781250000002 0.7538640625 0.189809375 0.7596499999999999 0.1895515625 0.7850609375000001 0.1451328125 0.7803093750000001 0.14280781250000002
0 0.8096875000000001 0.0939453125 0.7892187500000001 0.127734375 0.79371875 0.1300046875 0.8121875 0.1 0.8096875000000001 0.0939453125
0 0.6396875 0.1559375 0.5974999999999999 0.15687500000000001 0.5971875 0.16140625 0.639375 0.16015625 0.6396875 0.1559375
0 0.33261093750000004 0.029857812500000004 0.2770765625 0.03695 0.203125 0.044375 0.205134375 0.0503609375 0.23865625000000001 0.0476703125 0.28109843749999996 0.043056250000000004 0.3586 0.0330609375 0.4287203125 0.023451562500000002 0.5034375 0.013593749999999998 0.5471171874999999 0.0078890625 0.5454687500000001 0.00390625 0.48375 0.010624999999999999 0.42785624999999994 0.01716875 0.33261093750000004 0.029857812500000004
0 0.501990625 0.081765625 0.55336875 0.065121875 0.5516984375 0.0596953125 0.34589375 0.1180015625 0.260953125 0.14032968750000002 0.22473125 0.1474265625 0.22646562499999998 0.153 0.2599223296875 0.15162135937500001 0.4172885453125 0.148178640625 0.5277917984375 0.1433010234375 0.5278116265625 0.1381771 0.392564071875 0.14212366875 0.275856265625 0.14365439062500002 0.336790625 0.1272671875 0.42840156250000005 0.10313593750000001 0.501990625 0.081765625
0 0.3352078125 0.1619125 0.3061140625 0.1663375 0.22177508437500001 0.16857245 0.221615625 0.1793046875 0.3501328125 0.176459375 0.516522821875 0.1688664640625 0.5155859375 0.162228125 0.3726484375 0.1666546875 0.4652421875 0.15495468750000002 0.534519546875 0.1456557359375 0.533005803125 0.14178728125 0.47363343125 0.147169478125 0.4202109375 0.15274062500000002 0.3352078125 0.1619125
0 0.13828125 0.1421875 0.09078125000000001 0.141796875 0.0906390625 0.14711093749999998 0.138078125 0.1476171875 0.13828125 0.1421875
0 0.0503046875 0.184115625 0.000603125 0.18788906249999998 0.000403125 0.193925 0.050103125000000005 0.1896484375 0.0503046875 0.184115625
0 0.0745750484375 0.1696753375 0.013854539062499999 0.1671096828125 0.0128282765625 0.1730962109375 0.0750546875 0.1750609375 0.0745750484375 0.1696753375
0 0.142865625 0.166759375 0.089140625 0.17279687500000002 0.0899453125 0.1795875 0.144475 0.17355156249999998 0.142865625 0.166759375
0 0 0.2782796875 0.0643140625 0.2971578125 0.0650953125 0.29064843749999997 0 0.2707953125 0 0.2782796875
0 0 0.257775 0.037234375 0.257125 0.0374953125 0.2493125 0 0.2502890625 0 0.257775
0 0.3314734375 0.23547812499999998 0.2112296875 0.246 0.106215625 0.250509375 0.1070171875 0.258525 0.19546406249999998 0.253959375 0.3234578125 0.2444953125 0.4453046875 0.23096875 0.53829375 0.21794375000000002 0.64330625 0.19990625 0.6397 0.1933921875 0.5916859375 0.20099999999999998 0.5250671875 0.2114296875 0.4481109375 0.2224515625 0.3314734375 0.23547812499999998
0 0.4272421875 0.3318421875 0.4663640625 0.3244671875 0.5185265625000001 0.3143765625 0.5644796875 0.303896875 0.611365625 0.291865625 0.6620674265625001 0.2758183578125 0.6574158984375 0.26996087812499997 0.608259375 0.284878125 0.56044375 0.2976875 0.5017609375000001 0.31010781249999997 0.466053125 0.31748125 0.42475781250000005 0.32524375 0.3878078125 0.329125 0.365453125 0.3302890625 0.3657640625 0.337275 0.3884296875 0.3365 0.4272421875 0.3318421875
1 0.6274195921875 0.37883278593749997 0.6279526578125 0.36319616093749996 0.630440303125 0.36106389375000003 0.630440303125 0.358220871875 0.6313287484375001 0.3514686921875 0.6306179921874999 0.3475595359375 0.63046875 0.34453125 0.6318618140625001 0.34453882343750003 0.6325725703125 0.3420511796875 0.6338163921875 0.3420511796875 0.63399408125 0.345782646875 0.6387916828125 0.3456049578125 0.63932475 0.3351213109375 0.628841103125 0.3344105546875 0.6286634140625 0.3274806875 0.64359375 0.32671875 0.643766971875 0.31877392968749996 0.6204897234375 0.31877392968749996 0.6201343453125 0.3139763296875 0.6146259890625 0.3139763296875 0.6146259890625 0.3178854859375 0.61053914375 0.3178854859375 0.6025431421875 0.318063175 0.6028985203125 0.3260591765625 0.6192459015625 0.326236865625 0.6190682125 0.3351213109375 0.60751843125 0.335654378125 0.607873809375 0.34436113437500004 0.6098283875 0.34436113437500004 0.6178799046875 0.34378573125 0.617101228125 0.351183159375 0.6163225515625 0.35896992499999997 0.6198265953125001 0.3655886765625 0.6206052734374999 0.37960485624999996 0.6274195921875 0.37883278593749997
0 0.1500587125 0.1857220171875 0.150448475 0.184357846875 0.1508382375 0.178706284375 0.0898403453125 0.18201926875000002 0.090424990625 0.1878657125 0.1494740671875 0.1857220171875 0.1500587125 0.1857220171875