1 0.7471578125 0 0.7471578125 0.02045 0.746903125 0.0242828125 0.746903125 0.0332296875 0.7484375 0.0419921875 0.73833125 0.5882265624999999 0.7453125 0.5849609375 0.7564953125 0.5617375 0.75885 0.48479218749999997 0.7642328125 0 0.7471578125 0
1 0.5390625 0.5068359375 0.546875 0.5107421875 0.55 0.2841796875 0.574565625 0.2844140625 0.573775 0.26166093749999997 0.556165625 0.2636390625 0.5128359375 0.26166093749999997 0.5126375000000001 0.28738125000000003 0.5260921875 0.287134375 0.53671875 0.279296875 0.5390625 0.2861328125 0.5390625 0.5068359375
1 0.4793984375 0.422415625 0.4796875 0.5068359375 0.4859375 0.5087890625 0.48513593750000006 0.42291249999999997 0.4793984375 0.422415625
1 0.47109375 0.4453125 0.4703125 0.5107421875 0.475 0.5107421875 0.4765625 0.4462890625 0.47109375 0.4453125
0 0.814728125 0 0.8007843749999999 0.0168921875 0.7636734374999999 0.0616734375 0.76581875 0.0707890625 0.8218062500000001 0.0016093750000000001 0.818803125 0 0.814728125 0
0 0.5859375 0.3119140625 0.6475 0.2326171875 0.7032812500000001 0.1544921875 0.74734375 0.0943359375 0.7465625 0.0830078125 0.6404687499999999 0.2271484375 0.6092187499999999 0.2681640625 0.5490625 0.3455078125 0.54859375 0.354296875 0.5859375 0.3119140625
0 0.8780906249999999 0 0.83359375 0.048828125 0.7632328125 0.109790625 0.7634734375 0.137240625 0.7703125 0.1298828125 0.83296875 0.0627390625 0.9063234375 0 0.8915234375000001 0 0.8705015625 0.019039062500000002 0.8880921875000001 0 0.8780906249999999 0
0 0.5953125 0.3349609375 0.6 0.3388671875 0.6030593750000001 0.3403828125 0.62260625 0.318825 0.674921875 0.24720312500000002 0.7368171875 0.169353125 0.746875 0.1533203125 0.7467828125 0.12144531249999999 0.7375 0.1376953125 0.6881437499999999 0.2129484375 0.6639984375 0.2498375 0.5953125 0.3349609375
0 1 0.09652031250000001 0.9779890625000001 0.08324843750000001 0.8742296875 0.027446875 0.8696453125 0.0331796875 0.9567546874999999 0.0811375 1 0.10647500000000001 1 0.09652031250000001
0 0.7031921875 0 0.7458796875 0.0386625 0.74818125 0.030353124999999998 0.7146953125 0 0.7031921875 0
0 0.7397453125 0 0.7320781249999999 0.0132828125 0.7317453125 0.0141140625 0.7354 0.0182125 0.745625 0 0.7397453125 0
0 1 0.1559390625 0.9789546874999999 0.15895781250000002 0.9652 0.16197187500000002 0.948309375 0.16468750000000001 0.9263515625000001 0.16649843749999998 0.8964296875000001 0.1692109375 0.8532375 0.1692109375 0.824521875 0.16589375 0.77191875 0.157146875 0.76275 0.15563906249999998 0.7625078125 0.16257656250000002 0.778675 0.165290625 0.8218687499999999 0.1806734375 0.8438265625 0.1864046875 0.8607171875 0.1894203125 0.8802625000000001 0.192134375 0.9398640625000001 0.1936421875 1 0.1888171875 1 0.18519687499999998 0.9683375 0.18580000000000002 0.94251875 0.18791249999999998 0.88701875 0.1870078125 0.8414140625 0.179165625 0.825246875 0.17524375 0.85130625 0.1758484375 0.9056 0.18218125000000002 0.9654421875000001 0.1855 1 0.1839921875 0.9992234375000001 0.1785625 0.9215249999999999 0.1773546875 0.9215249999999999 0.1740375 0.957478125 0.1725296875 1 0.1628765625 1 0.1559390625
0 0.8602046874999999 0.01930625 0.8245953125 0 0.820090625 0.0037531250000000004 0.8561296875 0.0246703125 0.8602046874999999 0.01930625
0 0.540759375 0.2144171875 0.518903125 0.262890625 0.52219375 0.26761875 0.5449890625 0.2200296875 0.5724859375 0.15099374999999998 0.6124375 0.043740625 0.6288890625 0.00055625 0.622575 0 0.62183125 0.0018578125 0.6159625 0.0173 0.5936375 0.07458437500000001 0.56355625 0.1607421875 0.540759375 0.2144171875
0 0.6650328125 0.1267140625 0.6358671874999999 0.1749125 0.6068749999999999 0.219140625 0.58546875 0.2505859375 0.57859375 0.2580078125 0.5760953125 0.26029375 0.5751921875 0.2620984375 0.5772890625 0.26663125 0.5871765625 0.2576703125 0.6141171875 0.21812499999999999 0.6435296875 0.17456093749999999 0.7095234375 0.064725 0.7309375 0.0275390625 0.72703125 0.023046875 0.7253421875 0.0254859375 0.721875 0.0310546875 0.7092765625 0.051131249999999996 0.6650328125 0.1267140625
0 0.5502578125 0.38394531249999997 0.5591171875 0.37691718750000003 0.5780265625000001 0.36179843749999996 0.5751296875 0.35903125 0.54940625 0.379259375 0.5502578125 0.38394531249999997
0 0.58058125 0.3443375 0.5654203125 0.3353921875 0.562353125 0.339865625 0.57785625 0.349659375 0.58058125 0.3443375
0 0.5358234375 0.32385156249999997 0.51056875 0.3483546875 0.5133953124999999 0.352771875 0.53865 0.3278265625 0.5358234375 0.32385156249999997
0 0.4842546875 0.3382015625 0.533528125 0.32694375 0.533528125 0.3220859375 0.473128125 0.3342265625 0.38323593749999996 0.3512265625 0.33953125 0.3576171875 0.34137968750000003 0.3627046875 0.4118453125 0.3518890625 0.4842546875 0.3382015625
0 0.351446875 0.4728625 0.42668125 0.46977343749999995 0.46571093750000003 0.4671234375 0.46518125 0.46292968749999996 0.351446875 0.46845 0.351446875 0.4728625