1 0.10173281249999999 0 0.096484375 0.30489375 0.1046 0.3077125 0.115871875 0.2981328125 0.119140625 0.0500484375 0.2700609375 0.0021109375 0.26640625 0 0.2562625 0 0.1247515625 0.0362578125 0.119140625 0.0378421875 0.11956249999999999 0 0.10173281249999999 0
0 0 0.08824375 0.099990625 0.083615625 0.099990625 0.07811718749999999 0 0.0830375 0 0.08824375
0 0.0988328125 0.1171765625 0.051384375 0.085640625 0.044209375 0.088821875 0.0972140625 0.1229625 0.0988328125 0.1171765625
0 0 0.058732812499999995 0.03518125 0.082746875 0.0395796875 0.07840625 0 0.052078124999999996 0 0.058732812499999995
0 0.027775 0.0315375 0.0324046875 0.032115624999999995 0.0814734375 0.07609218749999999 0.085409375 0.0694375 0.0358765625 0.023725 0.013425000000000001 0.0043390625 0.0060171875 0 0.0011578125 0.002025 0.0090265625 0.008968750000000001 0.007174999999999999 0.014178125 0.0224515625 0.029223437499999998 0.027775 0.0315375
0 0.3735765625 0.06365156250000001 0.23741093750000003 0.0697265625 0.1173859375 0.075803125 0.1171546875 0.0830375 0.1708171875 0.08014218749999999 0.244421875 0.07609218749999999 0.37515312500000003 0.0700171875 0.548971875 0.065678125 0.7893453125 0.061915624999999995 0.8116265625000001 0.0613375 0.8113953125 0.0558390625 0.6844281249999999 0.0569984375 0.4624484375 0.060757812499999994 0.3735765625 0.06365156250000001
0 1 0.053525 0.8489968749999999 0.054971875 0.849228125 0.0616265625 1 0.059890624999999996 1 0.053525
0 0.196734375 0.2567953125 0.20596406250000002 0.266025 0.2092671875 0.262540625 0.183746875 0.2322359375 0.159503125 0.19714375 0.11969062500000001 0.13334375 0.11788125 0.139771875 0.12869375 0.15789999999999998 0.1289578125 0.16845000000000002 0.12948593749999998 0.17240625 0.1310671875 0.1740546875 0.1358140625 0.1753734375 0.13845156249999999 0.176690625 0.1410890625 0.178009375 0.1606046875 0.2089953125 0.1822296875 0.23800625000000003 0.196734375 0.2567953125
0 0.1199453125 0.106228125 0.1398515625 0.1387671875 0.1722625 0.1885328125 0.20084531249999998 0.23255468750000002 0.2102890625 0.2453140625 0.215903125 0.24180625 0.1908921875 0.20607812499999997 0.15082656249999998 0.143871875 0.1230078125 0.0988046875 0.11969062500000001 0.104865625 0.1199453125 0.106228125
0 0.23016406250000002 0 0.11809531250000001 0.014945312499999999 0.1187234375 0.0215 0.23262343749999997 0.0036703125000000004 0.23016406250000002 0
0 0.17482031250000002 0.069609375 0.1536140625 0.039868749999999994 0.14878750000000002 0.042240625 0.1696484375 0.07305625 0.17482031250000002 0.069609375
0 0.202578125 0.06723749999999999 0.1808546875 0.029740625 0.17499375 0.033187499999999995 0.19844062499999998 0.0711171875 0.202578125 0.06723749999999999
0 0.22516406249999998 0.068315625 0.20137187499999998 0.023921875000000002 0.195509375 0.0260765625 0.21826718750000002 0.07025624999999999 0.22516406249999998 0.068315625
0 0.25395625 0.0676703125 0.23085312500000002 0.01486875 0.225853125 0.01745625 0.248265625 0.0693953125 0.25395625 0.0676703125
0 0.264128125 0.0661625 0.23734375000000002 0.0125 0.232059375 0.0153015625 0.2578125 0.06875 0.264128125 0.0661625
0 0.2809375 0.065234375 0.25875 0.0060546875 0.2534375 0.0087890625 0.27546875000000004 0.0669921875 0.2809375 0.065234375
0 0.305 0.0642578125 0.28015625 0 0.27484375 0.0017578125 0.29984375 0.0671875 0.305 0.0642578125
0 0.29828125 0 0.31984375 0.065625 0.325625 0.06484375 0.30421875 0 0.29828125 0
0 0.43307812500000004 0.2611609375 0.497909375 0.25098750000000003 0.496334375 0.24344375000000001 0.42756718749999995 0.254596875 0.43059531250000005 0.2584046875 0.43307812500000004 0.2611609375
0 0.14609375 0.02890625 0.13921875 0.01796875 0.1340625 0.0197265625 0.14156249999999998 0.03125 0.14609375 0.02890625