1 0.8557859375 0 0.8482828124999999 0.0349109375 0.8595375000000001 0.0349109375 0.8653734375000001 0.024490625 0.8728765624999999 0.026574999999999998 0.869140625 0.5261234375 0.87109375 0.5505375 0.893575 0.556084375 0.892478125 0.5416859374999999 0.89453125 0.474853125 0.89453125 0.0085453125 0.8916015625 0 0.8557859375 0
1 0.72265625 0.13305625000000001 0.72265625 0.14526406249999999 0.7294921875 0.153809375 0.7529296875 0.153809375 0.75390625 0.15258750000000001 0.7607421875 0.14404375 0.763671875 0.14282187500000001 0.7613609375 0.1332515625 0.7548671875 0.1315609375 0.7490234375 0.126953125 0.7470703125 0.126953125 0.7412109375 0.134278125 0.7314453125 0.134278125 0.7255859375 0.1293953125 0.72265625 0.13305625000000001
0 0.0471984375 0.048703125 0.1941796875 0.035240625 0.337359375 0.0221734375 0.5326390625 0.0079203125 0.589975 0.00435625 0.5874406249999999 0 0.46326718749999996 0.0071265625 0.3291015625 0.01663125 0.20330625000000002 0.0277171875 0.0471390625 0.043159375 0.0471984375 0.048703125
0 0.7303140625 0.13115625 0.7441125000000001 0.029615625 0.7381249999999999 0.030918750000000002 0.724325 0.1321328125 0.7303140625 0.13115625
0 0.7534859375 0.1292046875 0.774575 0.0250609375 0.768846875 0.025384374999999997 0.7487984375 0.1272515625 0.7534859375 0.1292046875
0 0.9319203125 0.076134375 0.9168984375000001 0.0450125 0.9115500000000001 0.0444984375 0.9290390625 0.079478125 0.9319203125 0.076134375
0 0.91093125 0.03678125 0.8979687500000001 0.0110609375 0.8946765624999999 0.015176562499999999 0.9064046875 0.036009374999999996 0.91093125 0.03678125
0 1 0.08508750000000001 0.9780125 0.0745890625 0.9302734375 0.050412500000000006 0.973896875 0.0666171875 0.9994125 0.0758765625 1 0.06991562500000001 0.9973546875 0.06893125 0.894059375 0.030607812499999998 0.8940578125 0.033971875 0.8948828125 0.0357515625 0.9212203125 0.049384375 0.976571875 0.079734375 1 0.0907953125 1 0.08508750000000001
0 0.8654265625 0.0453 0.8652203125 0.0453 0.8581796875000001 0.0714453125 0.8420265625000001 0.13020625 0.8482390625 0.12943125 0.86045625 0.0828359375 0.86956875 0.045560937499999996 0.8654265625 0.0453
0 0.8385046875000001 0.12891406249999998 0.8652203125 0.04323125 0.86025 0.0411578125 0.833121875 0.12787656249999999 0.8385046875000001 0.12891406249999998
0 0.8258734375 0.1325375 0.841196875 0.0877546875 0.8546578125 0.033653125 0.8501031250000001 0.0323578125 0.8360203125 0.0621265625 0.8240093749999999 0.091896875 0.8080640625 0.127359375 0.8146906250000001 0.130984375 0.8368484374999999 0.0748109375 0.8451640625 0.05594687499999999 0.8190390624999999 0.1312421875 0.8258734375 0.1325375
0 0.805578125 0.12347656250000001 0.831878125 0.033653125 0.8262875 0.0274390625 0.7989015625 0.1218140625 0.805578125 0.12347656250000001
0 0.72648125 0.008540625 0.7738937499999999 0.0025875 0.7745265625 0 0.7260187499999999 0.0002578125 0.5939265625 0.01553125 0.45654218750000003 0.034428125 0.2901734375 0.053584375 0.1478625 0.07377500000000001 0.062040625 0.08378593749999999 0.062665625 0.08930625 0.23020000000000002 0.06937499999999999 0.0637 0.0918953125 0.0641140625 0.09733125000000001 0.1575125 0.0854234375 0.4178703125 0.052031249999999994 0.5873171875 0.02795625 0.6490296875 0.0209671875 0.72648125 0.008540625
0 0.7392515625 0.018378125000000002 0.6221671875 0.02795625 0.5484093750000001 0.034428125 0.47487812500000004 0.046853125 0.347496875 0.067821875 0.2004625 0.09163750000000001 0.0884265625 0.1105328125 0.09028125000000001 0.11417812499999999 0.25051875 0.08956562500000001 0.35135937500000003 0.07325781249999999 0.4413609375 0.05720937499999999 0.5371312500000001 0.0421953125 0.604021875 0.035465625 0.6814734375 0.028734375 0.739665625 0.0238140625 0.7392515625 0.018378125000000002
0 0.1753890625 0.11404687499999999 0.1003578125 0.124553125 0.0997578125 0.1300546875 0.10495937500000001 0.12955468750000002 0.213940625 0.11554843749999999 0.3231578125 0.097540625 0.447859375 0.07903281250000001 0.57014375 0.059275 0.69325625 0.0400171875 0.7358734375 0.0310140625 0.7742890625000001 0.0260125 0.820109375 0.0192578125 0.8553124999999999 0.0146484375 0.8565234374999999 0.0092546875 0.8307125 0.0107546875 0.7892 0.0180078125 0.7411890624999999 0.024759375 0.6907421874999999 0.0302609375 0.575871875 0.0475203125 0.47566875 0.060775 0.321053125 0.082034375 0.18127500000000002 0.10154218749999999 0.09263906250000001 0.11529843749999999 0.0938546875 0.11979999999999999 0.14053125 0.113296875 0.29638749999999997 0.0912875 0.4511015625 0.0700296875 0.5893578125000001 0.051271875 0.5075968750000001 0.06377812499999999 0.4442015625 0.07428125 0.2730296875 0.099790625 0.1753890625 0.11404687499999999
0 0.744375 0.0236328125 0.7464062499999999 0.0056640625 0.7415625 0.0060546875 0.73921875 0.0244140625 0.744375 0.0236328125
0 0.7715625 0.0017578125 0.76953125 0.019921875 0.7746875 0.0197265625 0.7770312500000001 0.001953125 0.7715625 0.0017578125
0 0.8456250000000001 0.0201171875 0.8459375 0.01875 0.8446875 0.0162109375 0.8426562499999999 0.016015625 0.84140625 0.0173828125 0.8409375000000001 0.02421875 0.8396874999999999 0.026953125 0.838125 0.0291015625 0.8364062499999999 0.0298828125 0.83375 0.0287109375 0.8318749999999999 0.02734375 0.8301562499999999 0.023828125 0.83109375 0.018359375 0.8270312499999999 0.0197265625 0.8267187500000001 0.024609375 0.82734375 0.02734375 0.8284375 0.0298828125 0.8306250000000001 0.0318359375 0.8334374999999999 0.034765625 0.8375 0.034765625 0.84015625 0.033203125 0.8423437500000001 0.02890625 0.8451562499999999 0.0234375 0.8456250000000001 0.0201171875
0 0.5689 0.2528359375 0.500934375 0.2623140625 0.50120625 0.267390625 0.5559140625000001 0.25975625 0.6162859375 0.249453125 0.6149312499999999 0.244375 0.5689 0.2528359375