1 0.166412621875 0.129673053125 0.161115625 0.1306 0.1600609375 0.1453296875 0.200077728125 0.14481647343749998 0.19807497031250001 0.30115046093750003 0.201171875 0.5065921875 0.2109375 0.5090328125 0.2090750484375 0.28407455000000004 0.213215146875 0.2785013390625 0.21401132031249998 0.2659218046875 0.20939351718750002 0.253979209375 0.2109375 0.15258750000000001 0.2106348609375 0.1431400859375 0.2521466046875 0.1431623703125 0.251171875 0.1295 0.244779928125 0.1287186375 0.2427713953125 0.1327347375 0.2393021015625 0.1325521890625 0.21173042031249997 0.1321870828125 0.210540625 0.1273 0.20014401249999997 0.1257386734375 0.1982421875 0.134278125 0.1720345234375 0.13332640625 0.166412621875 0.129673053125
1 0.312659375 0.499071875 0.31359375 0.30890625 0.3315375 0.3086875 0.331703125 0.3024546875 0.33187500000000003 0.3003125 0.3125 0.29984375 0.3025 0.30015625 0.2875 0.30203125000000003 0.28703124999999996 0.30484374999999997 0.2883296875 0.309725 0.30656249999999996 0.31015625 0.3060171875 0.5020609375 0.312659375 0.499071875
0 0.1967140625 0.2167875 0.1975171875 0.21528125 0.1989328125 0.213046875 0.190290625 0.2047421875 0.133853125 0.14730937500000002 0.05140625 0.0583984375 0.04609375 0.0525390625 0.016534375 0.018687500000000003 0.014621875000000001 0.025724999999999998 0.045625 0.0634765625 0.109596875 0.1339859375 0.19269843749999999 0.21528125 0.1967140625 0.2167875
0 0.193875 0.267053125 0.1973953125 0.2609609375 0.07013125 0.1685578125 0.0687734375 0.1761109375 0.1264515625 0.22000625000000001 0.193875 0.267053125
0 0.0392625 0.19732812500000002 0.0969375 0.234559375 0.09849843750000001 0.2288765625 0.045028125 0.1941390625 0.0392625 0.19732812500000002
0 0.17703125 0.27328125000000003 0.19671875 0.27984375 0.197265625 0.2771 0.1975 0.27640625 0.19718750000000002 0.274609375 0.17859375 0.268125 0.17703125 0.27328125000000003
0 0.42484374999999996 0.2971875 0.42874999999999996 0.29812500000000003 0.4328125 0.2986328125 0.4346875 0.2990234375 0.43610468750000003 0.2942609375 0.3095703125 0.26123124999999997 0.2517 0.2409703125 0.236396875 0.23459375 0.2096578125 0.22113437500000002 0.209375 0.22999999999999998 0.224375 0.2496875 0.253125 0.2915625 0.25875 0.2890625 0.226875 0.2396875 0.2355171875 0.24250937499999997 0.29484374999999996 0.272265625 0.346275 0.29535 0.3603125 0.30078125 0.3703125 0.3046875 0.4290625 0.32640625 0.4303125 0.320703125 0.3746875 0.29859375 0.34328125 0.2859375 0.3196875 0.27578125 0.2789625 0.25657968750000004 0.31515624999999997 0.2693359375 0.34890625000000003 0.2783203125 0.381875 0.2869140625 0.40750000000000003 0.29312499999999997 0.41875 0.29578125 0.42484374999999996 0.2971875
0 0.24796875 0.141796875 0.26625 0.1982421875 0.28375 0.2505859375 0.2859375 0.251171875 0.28875 0.251171875 0.278125 0.21953125 0.25328125 0.1390625 0.24796875 0.141796875
0 0.21171875 0.279296875 0.22015625 0.289453125 0.24562499999999998 0.3220703125 0.2553125 0.333984375 0.25890625 0.33187500000000003 0.2571875 0.3291015625 0.23718750000000002 0.3013671875 0.21531250000000002 0.2740234375 0.21171875 0.279296875
0 0.239471875 0.12824843749999998 0.24396093749999997 0.1268609375 0.2236703125 0.09709218750000001 0.160909375 0 0.1560125 0.00055625 0.21009531250000002 0.0837390625 0.239471875 0.12824843749999998
0 0.29 0.333125 0.296875 0.33609374999999997 0.30578125 0.336875 0.30593750000000003 0.33265625 0.29859375 0.33140625 0.28609375 0.3225 0.2690625 0.30593750000000003 0.2659375 0.3109375 0.27625 0.32203125 0.29 0.333125