1 0.814453125 0.4968265625 0.8232421875 0.5102546875 0.8359375 0.5090328125 0.80859375 0.0183109375 0.806640625 0.0012203125 0.7939453125 0 0.814453125 0.4968265625
1 0.14097500000000002 0.513571875 0.12709062499999998 0.287728125 0.14808749999999998 0.2802296875 0.14666718750000002 0.2676 0.0969359375 0.27766406250000003 0.09740937499999999 0.289109375 0.1109859375 0.289109375 0.119140625 0.2917484375 0.134765625 0.5163578125 0.14097500000000002 0.513571875
1 0.12105312500000001 0.325490625 0.119140625 0.3210453125 0.0888671875 0.322265625 0.0908203125 0.32959062499999997 0.103515625 0.3332515625 0.10554531250000002 0.36310312499999997 0.111328125 0.3625484375 0.111328125 0.3308109375 0.12105312500000001 0.325490625
1 0.3330078125 0.36377031249999997 0.333984375 0.435790625 0.33984375 0.4382328125 0.337890625 0.364990625 0.3330078125 0.36377031249999997
1 0.47626406250000003 0.31201406249999997 0.48828125 0.474853125 0.49609375 0.474853125 0.486328125 0.3161625 0.482640625 0.3101921875 0.4768109375 0.308140625 0.47626406250000003 0.31201406249999997
0 0 0.2252515625 0.10124999999999999 0.219621875 0.2993953125 0.2018890625 0.4027375 0.189546875 0.595634375 0.166184375 0.73456875 0.1476703125 0.7338640625 0.1419390625 0.5463625000000001 0.167634375 0.643203125 0.1511640625 0.697540625 0.1419390625 0.7404453125 0.13759062500000002 0.739903125 0.1321578125 0.6683921875000001 0.14053125 0.57623125 0.1569265625 0.414375 0.1789671875 0.27190781249999996 0.1948359375 0.1467109375 0.2067390625 0.08128437499999999 0.2125078125 0 0.21599374999999998 0 0.2252515625
0 0.3684140625 0.38936875 0.40594374999999994 0.371384375 0.43847031249999996 0.3545765625 0.47725 0.33542031250000004 0.476625 0.3297515625 0.36810156250000003 0.383503125 0.3684140625 0.38936875
0 0.67353125 0.207015625 0.616525 0.25535312499999996 0.6091671875 0.2618890625 0.5939046875 0.2725609375 0.56254375 0.294 0.5309375000000001 0.3117625 0.51280625 0.32003125 0.5137796875 0.324634375 0.5448953125 0.3108515625 0.5747859375 0.2927828125 0.61423125 0.265525 0.652453125 0.23275625 0.6884718750000001 0.2006015625 0.721303125 0.1693625 0.755165625 0.1377203125 0.7504640625000001 0.1350484375 0.7193484375 0.1641421875 0.67353125 0.207015625
0 0.618575 0.2723296875 0.6198421875 0.278896875 0.6575875 0.248828125 0.6920984375 0.220128125 0.7332734375000001 0.1842359375 0.7619374999999999 0.15981406250000002 0.7736875000000001 0.1489453125 0.7695890624999999 0.14439375000000002 0.7572375 0.1554078125 0.7261015625 0.1816734375 0.66181875 0.23795937500000003 0.618575 0.2723296875
0 0.82645 0.07198125 0.8637546875 0.044751562499999994 0.9223390625000001 0.0003125 0.9073171875 0 0.8244468749999999 0.0657203125 0.82645 0.07198125
0 0.8853671875 0.064203125 0.8494125 0.07945156249999999 0.8517671874999999 0.08399999999999999 0.8718843749999999 0.07731249999999999 0.899490625 0.06687968749999999 0.9384421875 0.048954687499999996 0.9827421875000001 0.026484374999999998 1 0.01631875 0.9996484375 0.008293749999999999 0.9769640624999999 0.0214 0.9489281249999999 0.0355796875 0.9172546875 0.050293750000000005 0.8853671875 0.064203125
0 1 0.041999999999999996 0.9990062500000001 0.0329046875 0.9326625 0.0652734375 0.8541203124999999 0.1005859375 0.856046875 0.1080765625 0.9084796875000001 0.08587343750000001 0.972040625 0.056178125 1 0.041999999999999996
0 0.9765359374999999 0.09469999999999999 1 0.08774375 0.9998625000000001 0.07945156249999999 0.9557765625 0.094165625 0.9271296875000001 0.104275 0.8840828125 0.11529843749999999 0.8853671875 0.12038125 0.930309375 0.11021718750000001 0.9765359374999999 0.09469999999999999