1 0.7118765625 0 0.7239453124999999 0.1518515625 0.728515625 0.20385781249999999 0.7342328124999999 0.2690796875 0.7437296875 0.4313203125 0.7437296875 0.44442812500000006 0.7565906250000001 0.44269687500000005 0.7397734375 0.176090625 0.738784375 0.163721875 0.7241421875 0 0.7118765625 0
1 0.30708125000000003 0.3204828125 0.31640625 0.3210453125 0.323909375 0.42670312499999996 0.330765625 0.42332656249999995 0.32421875 0.3137203125 0.3295640625 0.3111859375 0.3282734375 0.2921734375 0.34011562500000003 0.288796875 0.3403234375 0.28230468750000004 0.3154296875 0.283203125 0.29336875 0.2851625 0.2954453125 0.2942515625 0.3081203125 0.29606875 0.30708125000000003 0.3204828125
1 0.376475 0.3669703125 0.3747125 0.3619296875 0.3440640625 0.36359375 0.345725 0.36930625 0.3584 0.3695671875 0.3665640625 0.4623984375 0.3716765625 0.461 0.364009375 0.3682671875 0.376475 0.3669703125
0 0.2661484375 0 0.302721875 0.017559375 0.35988125000000004 0.0400015625 0.405209375 0.052926562499999996 0.4623453125 0.06480625 0.4710875 0.0665859375 0.4830828125 0.06785624999999999 0.5131734375 0.068109375 0.563009375 0.0663515625 0.609746875 0.057181249999999996 0.6362125 0.0469484375 0.6560875 0.037096875 0.6847765625 0.0205265625 0.7080734375 0.000478125 0.6988749999999999 0 0.6860359375 0.0105390625 0.6766453125 0.0177265625 0.66660625 0.023139062499999998 0.65035 0.0319046875 0.6248484375000001 0.0439453125 0.6109171875 0.049584375 0.5873828125 0.054640625 0.5674171875 0.057487500000000004 0.5350046875000001 0.061035937500000005 0.484303125 0.060740625000000006 0.4334421875 0.051270312500000005 0.40896875 0.045753125 0.36898906249999996 0.0341796875 0.30905312500000004 0.011871875 0.2801765625 0 0.2661484375 0
0 0.644565625 0.143534375 0.6282375 0.14994375 0.5929265625 0.1621296875 0.5820265625000001 0.16594375 0.5728515625 0.16865312500000001 0.5502015625000001 0.17548125 0.4938640625 0.19140625 0.4580640625 0.20051718749999997 0.41841875 0.20966562500000002 0.3781625 0.2177984375 0.2492625 0.2371125 0.2484484375 0.24245156250000002 0.30481250000000004 0.23640781249999998 0.319796875 0.234921875 0.45074531249999994 0.2117 0.5754875 0.177115625 0.5873765625 0.1724875 0.631140625 0.1585140625 0.648771875 0.1517234375 0.6674765625 0.14231875 0.7073437499999999 0.1259765625 0.7220890625 0.1189921875 0.7210734375000001 0.11264531250000001 0.644565625 0.143534375
1 0.21484375 0.3430171875 0.21875 0.3479 0.21875 0.3503421875 0.2177734375 0.3515625 0.2099609375 0.3515625 0.20703125 0.355225 0.20703125 0.357665625 0.2080078125 0.35888749999999997 0.2216796875 0.35888749999999997 0.22265625 0.3601078125 0.224040625 0.37438906250000004 0.224040625 0.3810984375 0.2241984375 0.386821875 0.228515625 0.3869625 0.228515625 0.3601078125 0.2333984375 0.3564453125 0.2412109375 0.3564453125 0.2421875 0.3527828125 0.2392578125 0.34912187499999997 0.2333984375 0.34912187499999997 0.232421875 0.345459375 0.2255859375 0.33935624999999997 0.2177734375 0.33935624999999997 0.21484375 0.3430171875
0 1 0.1406703125 0.8328453124999999 0.12621875 0.8321890625 0.1339046875 0.90955625 0.1391734375 1 0.14789687499999998 1 0.1406703125
0 1 0.0491 0.9389046875 0.0399921875 0.7840046875 0.0087109375 0.7451156250000001 0.0007421875 0.7423453125 0.005440625 0.7463015625 0.0059359375 0.828034375 0.0229640625 0.9449234375 0.045534375 1 0.0534546875 1 0.0491
0 1 0.0403203125 0.8810296875000001 0.0192578125 0.78626875 0.00049375 0.7827078125 0.006184375000000001 0.8071296875 0.01053125 0.9243593750000001 0.0327984375 1 0.045735937500000004 1 0.0403203125
0 1 0.0334 0.89138125 0.0123359375 0.82485 0 0.8236625 0.0046984375 0.89234375 0.0180546875 1 0.0382140625 1 0.0334
0 0.34109375000000003 0.37578125 0.33406250000000004 0.3525390625 0.32625000000000004 0.32734375 0.3234375 0.3326171875 0.33671875 0.3779296875 0.34109375000000003 0.37578125
1 0.2986328125 0.27099687499999997 0.301875 0.267578125 0.3015625 0.2624515625 0.2849609375 0.26123124999999997 0.27484375 0.2673828125 0.2537109375 0.28076249999999997 0.248828125 0.23071250000000001 0.24844062500000003 0.2173765625 0.23929843750000002 0.218415625 0.24906406250000002 0.35554375 0.2546875 0.3942875 0.255871875 0.42586874999999996 0.25592031249999997 0.449815625 0.2557125 0.47189218750000006 0.264453125 0.4699703125 0.263815625 0.4277421875 0.2627765625 0.3963171875 0.257790625 0.3451546875 0.25546875 0.324609375 0.25906250000000003 0.3232421875 0.25968749999999996 0.3162109375 0.25890625 0.3099609375 0.252734375 0.28930625 0.2830078125 0.2685546875 0.2986328125 0.27099687499999997
0 0.67959375 0.08246875000000001 0.6561234375 0.13744375 0.6631015625 0.1361234375 0.712790625 0.0243203125 0.7094078125000001 0.0161265625 0.67959375 0.08246875000000001
0 0.6490625 0.1509765625 0.6386437500000001 0.16965312500000002 0.63473125 0.1807078125 0.6126890625 0.2348125 0.616078125 0.23995468749999999 0.6395125 0.18471875 0.643575 0.17751875 0.6540625 0.150390625 0.6490625 0.1509765625
0 0.28609375 0.35078125 0.26171875 0.3185546875 0.25890625 0.3224609375 0.28171875 0.3537109375 0.28609375 0.35078125
0 0.2953125 0.3453125 0.265 0.3119140625 0.2603125 0.3146484375 0.29171874999999997 0.3494140625 0.2953125 0.3453125
0 0.2678125 0.2701171875 0.254375 0.2416015625 0.2496875 0.2443359375 0.26296875000000003 0.2744140625 0.2678125 0.2701171875
0 0.26609375 0.279296875 0.2646875 0.2806640625 0.2821875 0.3130859375 0.2915625 0.3251953125 0.299375 0.3318359375 0.3090625 0.334375 0.31656249999999997 0.3337890625 0.3159375 0.3291015625 0.3096875 0.3298828125 0.30765625 0.3298828125 0.30453125000000003 0.3279296875 0.2975 0.3234375 0.29 0.314453125 0.28515625 0.306640625 0.26828124999999997 0.2787109375 0.26609375 0.279296875
0 0.26796875 0.2783203125 0.28453125 0.3044921875 0.2915625 0.3140625 0.29734375 0.319921875 0.30375 0.326171875 0.3103125 0.32890625 0.3153125 0.3287109375 0.31656249999999997 0.32890625 0.31640625 0.325 0.31359375 0.325 0.3103125 0.3234375 0.30390625 0.3201171875 0.30046875 0.31640625 0.28890625000000003 0.302734375 0.271875 0.2763671875 0.26796875 0.2783203125
0 0.0230640625 0.17443124999999998 0.0032609375000000004 0.1581234375 0 0.16278281249999998 0.0193359375 0.179090625 0.0230640625 0.17443124999999998
0 0.2186140625 0.24488125 0.2397234375 0.24428125 0.23924375000000003 0.23888281249999999 0.2149359375 0.2400828125 0.21445625000000001 0.24488125 0.2186140625 0.24488125
0 0.0484328125 0.1500078125 0.0043046874999999995 0.09282968750000001 0.0005375 0.097875 0.0325578125 0.142271875 0.04735625 0.15942343750000001 0.07336406250000001 0.187078125 0.076625 0.18055625 0.0484328125 0.1500078125