1 0.14659843749999998 0 0.138671875 0.072021875 0.11328125 0.426025 0.11328125 0.4724125 0.12109375 0.4724125 0.1337890625 0.46875 0.1346921875 0.44625624999999997 0.138671875 0.3430171875 0.1646515625 0 0.14659843749999998 0
1 0.450203125 0.1209625 0.4481109375 0.12052812500000001 0.443228125 0.12118124999999999 0.44295 0.1288390625 0.432078125 0.128296875 0.42772812499999996 0.1185109375 0.42142187499999995 0.1187828125 0.41903125 0.12313281250000001 0.40837500000000004 0.12313281250000001 0.40663593750000004 0.12639375 0.3846734375 0.1261234375 0.38010625 0.11606406250000001 0.3748875 0.11660937499999999 0.3738 0.136721875 0.3784375 0.13671875 0.38206406249999997 0.1353625 0.40467812500000006 0.1372671875 0.403565625 0.20983593749999999 0.39 0.20957187500000002 0.3868203125 0.21089687499999998 0.38618437499999997 0.219109375 0.3876953125 0.2197265625 0.40271718749999996 0.21937500000000001 0.3997828125 0.3437578125 0.396484375 0.435790625 0.40234375 0.435790625 0.412109375 0.22827187499999999 0.4169921875 0.2197265625 0.4453125 0.21850624999999999 0.4465921875 0.21063125 0.415221875 0.21089687499999998 0.4140625 0.20874062499999999 0.416015625 0.14770468750000001 0.4208984375 0.1391609375 0.450203125 0.1377453125 0.450203125 0.1209625
0 0.9996171875 0.12731874999999998 0.9368000000000001 0.127678125 0.937065625 0.134153125 1 0.1339390625 0.9996171875 0.12731874999999998
0 0.460215625 0.1877046875 0.5245015625 0.218425 0.5509625 0.2309171875 0.5568953125 0.23403281250000002 0.5610265625 0.2283234375 0.545125 0.22121249999999998 0.491615625 0.196478125 0.4386640625 0.16965468749999998 0.4218578125 0.1606859375 0.416425 0.1580109375 0.4154375 0.1648 0.460215625 0.1877046875
1 0.4592359375 0.3167359375 0.47120468750000005 0.31863281250000003 0.470703125 0.435790625 0.4765625 0.435790625 0.478515625 0.3308109375 0.48046875 0.32836875 0.48046875 0.3210453125 0.48789531249999996 0.318 0.4907609375 0.31610312500000004 0.49025625 0.311046875 0.4833984375 0.31005937499999997 0.4619140625 0.31005937499999997 0.458984375 0.3137203125 0.4592359375 0.3167359375
1 0.958984375 0.279540625 0.9560546875 0.27587968749999997 0.9521484375 0.27587968749999997 0.94921875 0.279540625 0.947265625 0.423584375 0.9501953125 0.42724687499999997 0.955078125 0.426025 0.95703125 0.4211421875 0.958984375 0.279540625
0 1 0.1478140625 0.939328125 0.14575625 0.9382984375 0.1527015625 0.9994125 0.1545015625 1 0.1478140625
0 0.7941625 0.1313109375 0.7418890625000001 0.1249609375 0.7407390625 0.13018749999999998 0.7938031249999999 0.135584375 0.7941625 0.1313109375
0 0.7961421875 0.123890625 0.747215625 0.11737187499999999 0.7457765625 0.123440625 0.7963203125 0.1288609375 0.7961421875 0.123890625
0 0.29121406250000004 0 0.331696875 0.069990625 0.3642921875 0.1199375 0.3725265625 0.1323890625 0.3745453125 0.1268375 0.33011875 0.0568484375 0.319340625 0.0351609375 0.2998046875 0 0.29121406250000004 0
0 0.352778125 0.230671875 0.3556703125 0.226071875 0.33726875 0.2057 0.2878484375 0.1498375 0.2221296875 0.07097656249999999 0.20057343749999998 0.043703124999999995 0.1958421875 0.04731875 0.2794359375 0.1478671875 0.317290625 0.1932125 0.352778125 0.230671875
0 0.3206390625 0.180953125 0.35672187499999997 0.22410156250000002 0.357509375 0.22541562499999998 0.36145312500000004 0.21949999999999997 0.3254390625 0.17744218750000001 0.286796875 0.1297953125 0.22396875 0.0492890625 0.2065359375 0.027684375 0.2047796875 0.032859375 0.2594578125 0.10515000000000001 0.3206390625 0.180953125
0 0.4040390625 0.19391875 0.3945328125 0.1661 0.38610625 0.14287343749999998 0.38296874999999997 0.1369140625 0.3779328125 0.13835312500000002 0.380625 0.1462890625 0.3941 0.1804140625 0.40141406249999995 0.19904375000000002 0.4040390625 0.19391875
0 0.2777890625 0.048746875 0.210628125 0.027079687499999998 0.20798125 0.030390624999999998 0.255403125 0.048145312499999995 0.2852515625 0.058374999999999996 0.3319515625 0.07281875 0.330265625 0.0667984375 0.2777890625 0.048746875
0 0.311971875 0.034921875000000005 0.26406874999999996 0.022884375000000002 0.1978703125 0.007539062500000001 0.1966671875 0.012954687500000001 0.210146875 0.016565625 0.24986562499999998 0.032814062500000005 0.3206421875 0.0576640625 0.32018749999999996 0.052834375 0.2366265625 0.0222828125 0.2782703125 0.0322125 0.314378125 0.0409390625 0.311971875 0.034921875000000005
0 0.48556875 0.09544375000000001 0.39063593750000003 0.07332968749999999 0.389603125 0.0787421875 0.50355625 0.10480468750000001 0.3767671875 0.078115625 0.34086249999999996 0.06987656249999999 0.3415484375 0.0758421875 0.42699218749999995 0.0957265625 0.5106171875000001 0.11163281249999998 0.586465625 0.1247015625 0.6873625 0.1360625 0.6865921875 0.13095 0.6368265625 0.1258359375 0.6954546875000001 0.128109375 0.6948296875 0.123346875 0.5968312499999999 0.11390625000000001 0.5432015625 0.10595312500000001 0.48556875 0.09544375000000001
0 0.5019390625 0.07463906249999999 0.488771875 0.0737125 0.4885859375 0.07649375 0.4903015625 0.0771890625 0.5192296875 0.08066562499999999 0.5796828125 0.09109843749999999 0.6421765625 0.101296875 0.7085171875 0.1128875 0.7307703125 0.11659531249999999 0.7307703125 0.1126546875 0.694609375 0.10593125 0.6295203125 0.0955015625 0.5310515625 0.07834687500000001 0.5019390625 0.07463906249999999
0 0.321859375 0.0370921875 0.32335625 0.0432234375 0.3307171875 0.0447203125 0.3619296875 0.051712499999999995 0.43496562499999997 0.06804218749999999 0.44784687500000003 0.06982031250000001 0.45230781249999996 0.0710609375 0.4916390625 0.08469375 0.533690625 0.0925953125 0.58778125 0.10207031250000001 0.4911796875 0.08582656250000001 0.448078125 0.077975 0.4096203125 0.0703953125 0.3591328125 0.0614109375 0.3322578125 0.056703125 0.33381249999999996 0.063084375 0.3923421875 0.0731796875 0.45402343749999996 0.08528593749999999 0.515103125 0.095571875 0.566003125 0.1053203125 0.6608921875 0.1202109375 0.7057265625 0.12400156250000001 0.7304203125 0.1241046875 0.73079375 0.1188578125 0.7058859375 0.11533750000000001 0.6341921875 0.1045078125 0.5612 0.09232343750000001 0.49788750000000004 0.080140625 0.47998593749999996 0.074890625 0.47263593750000005 0.0723015625 0.44958593750000003 0.06443750000000001 0.41889374999999995 0.057667187499999994 0.384671875 0.05008749999999999 0.321859375 0.0370921875