1 0.61625 0.39859374999999997 0.6171875 0.3466796875 0.6173437500000001 0.34249999999999997 0.62170625 0.340365625 0.625 0.3330078125 0.6211984375 0.33085156250000003 0.61171875 0.328125 0.60671875 0.3318359375 0.60625 0.3388671875 0.61015625 0.34421875 0.61203125 0.39890625 0.61625 0.39859374999999997
0 0.8423437500000001 0 0.83671875 0.005859375 0.69921875 0.15625 0.652940625 0.2017515625 0.6103125 0.23984375 0.5665625000000001 0.2734375 0.56640625 0.28046875 0.60046875 0.257421875 0.62046875 0.2421875 0.6407812500000001 0.2240234375 0.6821421875 0.1851390625 0.728121875 0.138971875 0.8402406250000001 0.016725 0.8546875 0 0.8423437500000001 0
0 0.8887499999999999 0 0.84859375 0.0392578125 0.825465625 0.0630171875 0.74936875 0.1365 0.67109375 0.208984375 0.615625 0.252734375 0.6084375 0.2576171875 0.6055453125 0.25944531249999997 0.600265625 0.262959375 0.5963703125 0.2653109375 0.58984375 0.26953125 0.5821078125 0.27452187499999997 0.567115625 0.2839375 0.567115625 0.28917031249999997 0.5811265624999999 0.2818515625 0.61515625 0.2619140625 0.68735 0.2064140625 0.7450796875 0.1542828125 0.8564468749999999 0.0466390625 0.90296875 0 0.8887499999999999 0
0 0.7890625 0 0.7546875 0.0419921875 0.5921875 0.24765625 0.5978125000000001 0.2494140625 0.65828125 0.1765625 0.71328125 0.107421875 0.7892187500000001 0.01015625 0.7964578125 0 0.7890625 0
0 0.6984375 0 0.66125 0.0662109375 0.6440625 0.0990234375 0.606390625 0.16511718749999998 0.5984765624999999 0.1794859375 0.59953125 0.18828125 0.64640625 0.1103515625 0.70546875 0 0.6984375 0
0 0.66671875 0 0.6305109375 0.06736718750000001 0.59421875 0.13125 0.6015625 0.1318359375 0.634090625 0.07513906249999999 0.6381249999999999 0.0669921875 0.67375 0 0.66671875 0
0 0.6259375 0 0.5765625 0.1201171875 0.57325625 0.12776875000000001 0.57921875 0.130625 0.6092171875 0.0591234375 0.6315625 0 0.6259375 0
0 0.5262249999999999 0.132853125 0.5325 0.1328125 0.536875 0.11984375 0.5740624999999999 0.0001953125 0.5685687500000001 0.00023593749999999998 0.5568500000000001 0.034415625 0.5262249999999999 0.132853125
0 0.62421875 0.333125 0.6234375 0.33838124999999997 0.72390625 0.33796875000000004 0.72335 0.3324109375 0.62421875 0.333125
0 0.5271640625 0.15814062499999998 0.52890625 0.14937499999999998 0.5246875 0.14921875 0.5159374999999999 0.187890625 0.504715625 0.24684218750000003 0.5087109375 0.24707812499999998 0.5163203125 0.2125984375 0.5271640625 0.15814062499999998
0 0.5353125000000001 0.2916015625 0.54890625 0.2646484375 0.5432812499999999 0.2630859375 0.533125 0.28515625 0.524375 0.299609375 0.51453125 0.3126953125 0.51609375 0.3173828125 0.5234375 0.3099609375 0.5353125000000001 0.2916015625
0 0.5253125 0.25859375 0.50734375 0.2939453125 0.49640625 0.3130859375 0.5021875 0.31328125 0.5114062500000001 0.29765625 0.5192187500000001 0.2837890625 0.5271874999999999 0.2658203125 0.53015625 0.2587890625 0.5253125 0.25859375
1 0.59328125 0.1319203125 0.5906640624999999 0.1390046875 0.58 0.13968750000000002 0.5778125000000001 0.1284375 0.57140625 0.12828124999999999 0.5703125 0.13968750000000002 0.5675 0.13999999999999999 0.5650000000000001 0.135 0.55796875 0.13546875 0.55703125 0.13968750000000002 0.5325 0.13984375 0.53046875 0.1315625 0.5246875 0.13203125 0.52421875 0.14171875 0.5237499999999999 0.15 0.55546875 0.1509375 0.5549999999999999 0.15578125 0.535625 0.15796875 0.533125 0.1628125 0.52515625 0.16609374999999998 0.52535625 0.1967265625 0.538125 0.19828125000000002 0.5378125 0.2209375 0.5545312499999999 0.22567343750000002 0.5564843749999999 0.2525296875 0.555209375 0.258690625 0.54361875 0.250240625 0.5242578124999999 0.2464265625 0.49642656250000006 0.247159375 0.494940625 0.25 0.4960984375 0.2565203125 0.5379296874999999 0.2561921875 0.5545312499999999 0.26961875 0.5543750000000001 0.4928125 0.563125 0.4925 0.5678124999999999 0.22546875000000002 0.5860937500000001 0.2225 0.58828125 0.19609375 0.59765625 0.19515625 0.59921875 0.18625 0.59853125 0.1635015625 0.56859375 0.16296875 0.5684375 0.15687500000000001 0.56875 0.14937499999999998 0.5857812499999999 0.1496875 0.59546875 0.14984375 0.600171875 0.14935156249999998 0.6000078125 0.132740625 0.59328125 0.1319203125
0 0.60640625 0.3341796875 0.5671875 0.3337890625 0.56734375 0.3384765625 0.6068749999999999 0.33828125 0.60640625 0.3341796875
0 0.54453125 0.305859375 0.5253125 0.3427734375 0.5298437500000001 0.3462890625 0.54765625 0.3154296875 0.55515625 0.296875 0.5545312499999999 0.28515625 0.54453125 0.305859375
0 0.49109375 0.310546875 0.50484375 0.265234375 0.50578125 0.258984375 0.5009375 0.2591796875 0.48546875 0.308984375 0.49109375 0.310546875
1 0.8857960609375001 0.3599687609375 0.8861804375 0.336521784375 0.8963664203124999 0.3363295953125 0.8963664203124999 0.3240295421875 0.8900242046875 0.3240295421875 0.8902163921874999 0.3261436140625 0.8702288062499999 0.3257592375 0.8700366171875 0.33575303125 0.8767632093750001 0.33594521875 0.8769553968749999 0.35074372187499997 0.8783007156249999 0.3505515328125 0.8786850921875 0.359584384375 0.8857960609375001 0.3599687609375
1 0.49953125 0.354375 0.5009375 0.3234375 0.51609375 0.32328125 0.5159374999999999 0.311875 0.51171875 0.3121875 0.5109375 0.31578125 0.50109375 0.3159375 0.500625 0.31203125 0.48984375 0.31171875 0.49015624999999996 0.31656249999999997 0.4871875 0.31656249999999997 0.4875 0.31203125 0.48 0.31171875 0.4796875 0.32109375 0.49375 0.32218749999999996 0.49421875000000004 0.32765625 0.491875 0.32828124999999997 0.49234375 0.33546875 0.49453125 0.335625 0.49406249999999996 0.355 0.49953125 0.354375