1 0.41373437500000004 0.26153125 0.434040625 0.2607640625 0.4331828125 0.2828484375 0.41677656250000006 0.28773125 0.41763125 0.2940953125 0.43162031250000005 0.2926140625 0.4339640625 0.301403125 0.43083906250000004 0.4674171875 0.43552656250000005 0.4674171875 0.441425 0.29512031250000004 0.45845 0.2933265625 0.45968125000000004 0.2866609375 0.44412031250000006 0.2848015625 0.44265625000000003 0.274609375 0.4457328125 0.259225 0.46275781250000003 0.25999374999999997 0.4619375 0.24896875000000002 0.415784375 0.2481984375 0.41373437500000004 0.26153125
0 0.5619828124999999 0 0.685896875 0.032121875 0.7531718749999999 0.049475000000000005 0.7890625 0.0576171875 0.7921875 0.0537109375 0.79159375 0.052078124999999996 0.7719203125 0.0471609375 0.584096875 0 0.5619828124999999 0
0 0.42565468749999996 0 0.6306375 0.0630890625 0.7855765625 0.10415624999999999 0.787428125 0.09721250000000001 0.629109375 0.054971875 0.44718125000000003 0 0.42565468749999996 0
0 0.3273375 0 0.35564062500000004 0.055367187500000005 0.385890625 0.1088421875 0.3928046875 0.1039796875 0.335546875 0 0.3273375 0
0 0.2942796875 0 0.3271203125 0.05509531250000001 0.334034375 0.0659 0.343109375 0.07994375000000001 0.3623390625 0.1072234375 0.367525 0.10209062499999999 0.3392203125 0.057796875000000004 0.3031375 0 0.2942796875 0
0 0.2294453125 0 0.26171875 0.044921875 0.27937500000000004 0.0671875 0.31453125000000004 0.109375 0.31894999999999996 0.1036671875 0.30728125 0.0883421875 0.28250000000000003 0.0578125 0.2389328125 0 0.2294453125 0
0 0.350028125 0.1580546875 0.33013750000000003 0.120315625 0.32321093749999996 0.121871875 0.34771874999999997 0.16338124999999998 0.350028125 0.1580546875
0 0.1742609375 0 0.2379640625 0.0992328125 0.2678953125 0.1385765625 0.29816875 0.1598109375 0.323434375 0.174784375 0.3480453125 0.188940625 0.34935312500000004 0.1815921875 0.280528125 0.1393921875 0.26963750000000003 0.129865625 0.254615625 0.110365625 0.204296875 0.03294375 0.18355625 0 0.1742609375 0
0 0.22703125000000002 0.1654296875 0.26728593749999996 0.137165625 0.26216249999999997 0.1320953125 0.2194640625 0.1630515625 0.22312500000000002 0.168359375 0.22703125000000002 0.1654296875
0 0.20546875 0.1734375 0.18578125 0.1890625 0.1878125 0.1939453125 0.2090625 0.1775390625 0.20546875 0.1734375
0 0.0540625 0 0.05515625 0.0013671875 0.07890625 0.02734375 0.09140625 0.0412109375 0.121875 0.073828125 0.15046874999999998 0.104296875 0.15562499999999999 0.1001953125 0.11171875 0.0529296875 0.060781249999999995 0 0.0540625 0
0 0.1459375 0.10703125 0.14515625000000001 0.10546875 0.09203125 0.0521484375 0.045625 0.007421875 0.04203125 0.0111328125 0.059375 0.0291015625 0.12421875 0.094140625 0.14171875 0.1107421875 0.1459375 0.10703125
0 0.24562499999999998 0.2009765625 0.2525 0.1998046875 0.21593749999999998 0.161328125 0.18578125 0.1291015625 0.17984375 0.1345703125 0.19875 0.154296875 0.24562499999999998 0.2009765625
0 0.20593750000000002 0.173828125 0.23421875 0.2005859375 0.23937499999999998 0.19765625 0.1771875 0.135546875 0.17296875 0.141015625 0.20593750000000002 0.173828125
0 0.27671875 0.23125 0.29953124999999997 0.2515625 0.30359375 0.2478515625 0.27921874999999996 0.2263671875 0.27671875 0.23125
0 0.3865734375 0.16227031249999999 0.4048 0.20010468750000002 0.4095734375 0.19875937500000002 0.3779484375 0.12439843749999999 0.37109375 0.1279296875 0.3865734375 0.16227031249999999
0 0.42781250000000004 0.2126953125 0.433125 0.212109375 0.4090625 0.1513671875 0.39609375 0.11953125 0.39171875 0.1220703125 0.40750000000000003 0.1607421875 0.42781250000000004 0.2126953125
0 0.35984375 0.186328125 0.35750000000000004 0.186328125 0.3578125 0.1951171875 0.36640625 0.1958984375 0.3765625 0.210546875 0.38156249999999997 0.2078125 0.37171875 0.1958984375 0.38640625 0.2037109375 0.39078124999999997 0.20078125 0.35984375 0.186328125
0 0.4091625 0.2143125 0.5136953125 0.25367812500000003 0.56268125 0.2714453125 0.5655249999999999 0.263790625 0.41616093750000005 0.2088453125 0.4091625 0.2143125
1 0.357421875 0.21606406250000001 0.359375 0.13549843749999999 0.3643234375 0.1305875 0.3759765625 0.1220703125 0.3935546875 0.1220703125 0.39453125 0.10864218750000001 0.3916015625 0.10498125 0.3857421875 0.1123046875 0.3740234375 0.1123046875 0.3681640625 0.1025390625 0.3623046875 0.1098640625 0.3505859375 0.1123046875 0.3251953125 0.1123046875 0.3173828125 0.10498125 0.314453125 0.11596718749999999 0.3193359375 0.1220703125 0.3427078125 0.1281859375 0.34823125 0.13359062500000002 0.345703125 0.279540625 0.3525390625 0.29052812499999997 0.35546875 0.28930625 0.357421875 0.23071250000000001 0.3857421875 0.21240312499999997 0.4111328125 0.21240312499999997 0.416015625 0.20874062499999999 0.416015625 0.20385781249999999 0.4130859375 0.2001953125 0.3974609375 0.2001953125 0.3857421875 0.20263749999999997 0.3662109375 0.21728593749999997 0.357421875 0.21606406250000001