0 1 0.12768593749999999 0.9184671874999999 0.1046078125 0.7787703125000001 0.06467031250000001 0.6094015625 0.016653124999999998 0.5454140625 0 0.53370625 0.0017656249999999998 0.6735921874999999 0.0416328125 0.74868125 0.0640890625 0.8782734375000001 0.10143125 0.9935859375 0.1346546875 1 0.1365484375 1 0.12768593749999999
1 0.109375 0.20385781249999999 0.10861093749999999 0.3400953125 0.1179359375 0.34352499999999997 0.1162109375 0.1904296875 0.111975 0.1908296875 0.10883125 0.1914 0.109375 0.20385781249999999
1 0.16572031250000002 0.357665625 0.162975 0.243946875 0.1607625 0.2120125 0.1547046875 0.211121875 0.1593375 0.360778125 0.16572031250000002 0.357665625
0 0.088578125 0.2139328125 0.0952546875 0.2167140625 0.10148593749999998 0.21616093749999998 0.10816250000000001 0.2133765625 0.110165625 0.20558749999999998 0.10593749999999999 0.2067015625 0.0952546875 0.2086484375 0.08523906249999999 0.2019703125 0.06253906249999999 0.1591296875 0.0482953125 0.1260234375 0.041618749999999996 0.1271375 0.07722812500000001 0.2033640625 0.088578125 0.2139328125
0 0 0.166084375 0.01135 0.1861125 0.052746875000000006 0.2431453125 0.0790078125 0.2729125 0.09859375000000001 0.28877031249999996 0.10816250000000001 0.2893265625 0.10794062499999998 0.2804234375 0.10215468750000001 0.2812578125 0.0945875 0.277084375 0.08435000000000001 0.26985156250000003 0.07121875 0.2559421875 0.056084375 0.23869375 0.027375 0.1980765625 0 0.15885156250000002 0 0.1591296875 0 0.166084375
0 0.0280421875 0.12240625000000001 0.0251484375 0.12546718750000002 0.02100625 0.12649531249999998 0.0104609375 0.1260234375 0.00022187499999999999 0.1246328125 0 0.1293609375 0.006900000000000001 0.132421875 0.02336875 0.13269843750000002 0.0249265625 0.13269843750000002 0.0362765625 0.12407656250000001 0.0770046875 0.12769375 0.1451078125 0.13269843750000002 0.145553125 0.1260234375 0.0360546875 0.11712031249999999 0.0316875 0.1188296875 0.0280421875 0.12240625000000001
0 0.030659375 0.1167734375 0.00020625 0.114459375 0 0.11960156250000001 0.028190625000000004 0.12243124999999999 0.030659375 0.1167734375
0 0.18786562499999998 0.13837968750000001 0.1895109375 0.13837968750000001 0.1897171875 0.1381203125 0.2415703125 0.141978125 0.2417765625 0.1347765625 0.18786562499999998 0.1309203125 0.18786562499999998 0.13837968750000001
0 0.32730000000000004 0.14899374999999998 0.9458062500000001 0.2095984375 0.94624375 0.2025015625 0.5681125 0.164740625 0.32730000000000004 0.14263281249999998 0.32730000000000004 0.14899374999999998
1 0.9228671875 0.28161562500000004 0.9238421875 0.2837484375 0.9279875000000001 0.284053125 0.92920625 0.24565 0.9355453125000001 0.24565 0.9370078124999999 0.23985937499999999 0.909934375 0.23785937499999998 0.9097 0.24443125000000002 0.9235984374999999 0.2471734375 0.9228671875 0.28161562500000004
0 0 0.09704375 0.012784375 0.09843125 0.012784375 0.10190625 0.0583640625 0.10468593749999999 0.0576234375 0.0991265625 0.1713890625 0.11001406250000001 0.1719015625 0.10253125 0.143225 0.1002859375 0.04650625 0.09148437499999999 0 0.090559375 0 0.09704375
0 0.1889453125 0.11289374999999999 0.3651828125 0.1306171875 0.5409296875 0.1483421875 0.77784375 0.1747953125 1 0.1993359375 0.999953125 0.19170156249999998 0.843321875 0.1750671875 0.5930578125 0.1488890625 0.3683390625 0.12325625 0.1891640625 0.10580468750000001 0.1889453125 0.11289374999999999
0 0.8653828125 0.039685937500000004 0.9999484375 0.060524999999999995 1 0.0538375 0.8255046875 0.027740625 0.6479921875 0.001859375 0.6214203125 0 0.6166828125 0.0025875 0.7008859375000001 0.0153140625 0.8653828125 0.039685937500000004
0 0 0 0.0082328125 0.026389062499999998 0.0010562500000000001 0.011875 0 0.0131953125 0 0.056471875000000005 0 0.059765625 0.004010937500000001 0.058848437499999996 0.004010937500000001 0.047235937500000005 0.014218749999999999 0.0556640625 0.01984375 0.0638671875 0.02955625 0.08972187499999999 0.03525625 0.089459375 0.027445312500000003 0.069665625 0.049189062500000005 0.08972187499999999 0.0515109375 0.091834375 0.061406249999999996 0.091015625 0.0225890625 0.056471875000000005 0.0206890625 0.0475 0.026178125000000003 0.0469734375 0.02609375 0.0369140625 0.01414375 0.0242765625 0.0126671875 0.02375 0.0044328125 0 0 0
0 0.044687500000000005 0.116796875 0.039531250000000004 0.1025390625 0.034375 0.1044921875 0.03984375 0.117578125 0.044687500000000005 0.116796875