1 0.45390625 0.2197265625 0.4794921875 0.2197265625 0.490234375 0.22827187499999999 0.490234375 0.572509375 0.5 0.5749515625 0.5 0.22582968750000001 0.53953125 0.22421875 0.53796875 0.2068359375 0.5310937499999999 0.2080078125 0.526875 0.215234375 0.5126953125 0.21484375 0.5068359375 0.20752031249999997 0.4755859375 0.21240312499999997 0.45515625000000004 0.200390625 0.45390625 0.2197265625
1 0.713515625 0 0.716796875 0.072021875 0.6728515625 0.0732421875 0.669921875 0.0793453125 0.7138671875 0.0830078125 0.716796875 0.09399375 0.71604375 0.1502515625 0.7008734375000001 0.17843437499999998 0.7021140625 0.1815375 0.7082078125 0.179421875 0.71194375 0.176896875 0.717275 0.178946875 0.71875 0.22094687500000001 0.72265625 0.4992671875 0.724609375 0.5090328125 0.732421875 0.511475 0.73828125 0.501709375 0.73828125 0.4504390625 0.728515625 0.0891109375 0.77464375 0.0866875 0.7750015625 0.074175 0.728515625 0.0744625 0.7281718749999999 0 0.713515625 0
0 0.734228125 0.23502968750000003 0.732821875 0.24442031250000001 0.8294109375 0.254796875 0.8294109375 0.2500390625 0.8288249999999999 0.244546875 0.776846875 0.23920781249999998 0.734228125 0.23502968750000003
0 0.55859375 0.2291015625 0.57078125 0.2294921875 0.5815625 0.2287109375 0.70984375 0.2181640625 0.7107812499999999 0.212890625 0.5617265625 0.2244125 0.55859375 0.2291015625
0 0 0.270678125 0.0009765625 0.27099687499999997 0.15838125 0.2721546875 0.1964421875 0.272665625 0.274609375 0.27061875 0.4345703125 0.263671875 0.48934375 0.25985 0.49201562499999996 0.25074375 0 0.25756875 0 0.270678125
0 0.48816249999999994 0.282671875 0.4151828125 0.318775 0.36546875 0.340234375 0.22465625 0.395859375 0.22521249999999998 0.40350625000000007 0.3914578125 0.3371484375 0.49099843749999994 0.2900859375 0.48816249999999994 0.282671875
0 0.4990578125 0.25043906250000003 0.49881562500000004 0.2568140625 0.53703125 0.2556640625 0.5386421875 0.2495296875 0.4990578125 0.25043906250000003
1 0.2265625 0.48461875 0.22583906250000002 0.3524890625 0.21882031249999997 0.3524890625 0.21875 0.4650875 0.220703125 0.482178125 0.2265625 0.48461875
0 0 0.07668125 0.455809375 0.0569671875 0.5632421875 0.052564062499999994 0.6362140625 0.0491640625 0.6414078125 0.048853125 0.653978125 0.0478828125 0.6515500000000001 0.0417421875 0.4611015625 0.0489609375 0.1852734375 0.060603125 0.013125000000000001 0.0671875 0.0022265625000000002 0.06740625 0 0.06802343749999999 0 0.07668125
0 0.665403125 0.2690765625 0.6708984375 0.2755140625 0.6845703125 0.28283749999999996 0.7081625 0.283353125 0.7210484375 0.271271875 0.717534375 0.2665109375 0.7034765625 0.27603125 0.6884765625 0.2755140625 0.6748046875 0.26818906249999996 0.6696875 0.2634765625 0.66171875 0.2482421875 0.65625 0.2498796875 0.6627671875 0.264315625 0.665403125 0.2690765625
0 0 0.1580015625 0.014593749999999999 0.1586203125 0.244640625 0.1595484375 0.5845421875000001 0.169084375 0.5864843750000001 0.1605859375 0.44376718750000005 0.15645625000000002 0.2154078125 0.152996875 0 0.1523890625 0 0.1580015625
0 0.49125625 0.2955921875 0.48764531250000004 0.29236875 0.480940625 0.3023609375 0.47243124999999997 0.3175125 0.46645624999999996 0.32800625 0.4644375 0.3323390625 0.4655609375 0.3342046875 0.4672734375 0.3349171875 0.48965 0.2974765625 0.49125625 0.2955921875
0 0 0.0491640625 0.10611875 0.0460703125 0.3139015625 0.040195312500000004 0.4962640625 0.0355421875 0.6374500000000001 0.03215625 0.6520515625 0.031564062500000004 0.649484375 0.0251453125 0.62328125 0.025 0.61265625 0.0251953125 0.5315796875000001 0.026592187499999996 0.44920781249999997 0.027828125 0.44055 0.0281375 0.0453359375 0.03950625 0 0.040234375 0 0.0491640625
0 0.43881875 0.0132953125 0.000046875 0.0272515625 0 0.03369375 0.032028125000000005 0.033135937500000004 0.2666 0.0281203125 0.5051859375000001 0.02031875 0.65458125 0.015859375000000002 0.6572390625 0.009585937499999999 0.527634375 0.0124 0.4474765625 0.0132953125 0.43881875 0.0132953125
0 0 0.2337984375 0.0040515625 0.23378749999999998 0.1551921875 0.23556875000000002 0.349309375 0.2384109375 0.41734375 0.2421875 0.49109375 0.24453125 0.49078125000000006 0.2369140625 0.48453125 0.2365234375 0.452959375 0.2361359375 0.2520234375 0.22932031249999998 0.08745625 0.2242078125 0 0.22534375 0 0.2337984375
0 0 0.218525 0.2192921875 0.22193281250000002 0.48346718749999995 0.2281625 0.48203125 0.2212890625 0.4506859375 0.2202296875 0.1579203125 0.21170781249999998 0.10609375000000001 0.21000468749999998 0 0.2103375 0 0.218525
0 0.61515625 0.170703125 0.70125 0.173828125 0.701025 0.16738906250000002 0.6346875 0.16328125 0.618125 0.162890625 0.61515625 0.170703125
0 1 0.2602890625 0.9638671875 0.2587890625 0.8759765625 0.2490234375 0.8527265625 0.24720781249999998 0.853515625 0.2526859375 0.8543046875 0.2566296875 0.8923781249999999 0.26211875 0.8996999999999999 0.26285156249999997 0.9727984375000001 0.2704421875 1 0.269775 1 0.2624515625 1 0.2602890625
0 1 0.2460109375 0.8519625 0.22843906249999998 0.853740625 0.2357984375 0.8636765625 0.23722500000000002 1 0.2526859375 1 0.2460109375
0 0.2984375 0.3908203125 0.257115625 0.3761625 0.22593281250000002 0.3609734375 0.226778125 0.3693328125 0.2529703125 0.38134375 0.2778421875 0.39123593749999996 0.3013953125 0.39924375 0.34671875 0.4048828125 0.3500109375 0.3987734375 0.3413421875 0.397359375 0.31421875 0.3939453125 0.2984375 0.3908203125
0 0.8247249999999999 0.177553125 0.7312984375 0.164740625 0.7312984375 0.183409375 0.8238468749999999 0.193659375 0.8247249999999999 0.177553125
0 0.8282390625 0.2236796875 0.73285 0.21196406250000002 0.7315921875 0.21892187500000002 0.8270671875 0.231734375 0.8282390625 0.2236796875
0 0.7500421875 0.24930625 0.825896875 0.26395 0.8294109375 0.25955625000000004 0.8074453125 0.254796875 0.7497499999999999 0.24674374999999998 0.7500421875 0.24930625
0 1 0.2707875 0.960909375 0.2720046875 0.9114140624999999 0.268709375 0.8551828125000001 0.26395 0.8540125 0.27090625 0.85576875 0.2720046875 0.8916703125 0.2753515625 0.956809375 0.2804234375 1 0.27890000000000004 1 0.2707875
0 0.8519625 0.1991515625 1 0.2192875 0.9998625000000001 0.2057421875 0.9762828125 0.20154531250000002 0.8510828125 0.1830453125 0.8519625 0.1991515625
0 0 0.01640625 0.142315625 0.011275 0.3057921875 0.0062640625000000005 0.4020046875 0.0031328124999999997 0.3949890625 0 0.2421515625 0.0025062500000000002 0.046748437500000004 0.00876875 0 0.010021875 0 0.01640625
0 0.60566875 0.1268890625 0.5488421875 0.1587640625 0.5588 0.159978125 0.594984375 0.1396390625 0.604940625 0.13265625 0.60566875 0.1268890625
0 0.5119296875 0.20885156249999998 0.5481140625 0.18820937499999998 0.5753125 0.1702984375 0.5648703125 0.16878125 0.5092578125 0.2033859375 0.5119296875 0.20885156249999998
0 0.542528125 0.23951093750000002 0.4993015625 0.238296875 0.4993015625 0.2452796875 0.5401 0.24649375 0.542528125 0.23951093750000002
0 0.448434375 0.388725 0.44018125 0.39049375 0.43664531249999994 0.3907875 0.43640937500000004 0.394325 0.450084375 0.3934421875 0.457628125 0.3893140625 0.46210781250000005 0.384009375 0.4878078125 0.3536546875 0.4894578125 0.3510015625 0.4863921875 0.34628749999999997 0.46776718749999996 0.3678015625 0.459515625 0.3792953125 0.4548 0.3846 0.448434375 0.388725
0 0.5252890625 0.1812125 0.54435625 0.1688046875 0.5375656249999999 0.1678265625 0.46573281250000004 0.20406875000000002 0.46599375 0.20831249999999998 0.4714796875 0.2086390625 0.5252890625 0.1812125
0 0.5890015625 0.44139531249999997 0.6050359375000001 0.4498578125 0.6053921875 0.4445125 0.5736796875 0.4240234375 0.5480234375 0.4017546875 0.5180921875 0.3714671875 0.5013453125 0.34964062500000004 0.4992078125 0.35721250000000004 0.535196875 0.3972984375 0.5604953125 0.42135156250000005 0.5890015625 0.44139531249999997
0 0.51285 0.321125 0.5334390625000001 0.2807359375 0.5454765625 0.256978125 0.5410421875 0.256978125 0.5305890625 0.2767765625 0.4998625 0.335775 0.5008125 0.34013125 0.5055640625 0.3345875 0.51285 0.321125
0 0.684165625 0 0.6091890624999999 0.12967656249999998 0.5616187499999999 0.212128125 0.5211875 0.2831109375 0.4995984375 0.3234265625 0.5017015625 0.3303390625 0.5221171874999999 0.2925328125 0.5637046875 0.21928125 0.6200375 0.13327031250000002 0.7037109375 0 0.6975421875000001 0.00047187499999999996 0.615121875 0.132325 0.6928921875 0 0.684165625 0
0 0.674603125 0.0826375 0.6678453125 0.0815328125 0.6258296875 0.1439703125 0.5702984375 0.22036250000000002 0.5732359375 0.2233 0.5955671875 0.19538906250000002 0.6325875 0.1454390625 0.674603125 0.0826375
0 0.5681328125 0.21350937499999997 0.5622796875 0.22163906249999998 0.565009375 0.22256562500000002 0.593509375 0.1865734375 0.6814984374999999 0.0533765625 0.6773796875 0.0517515625 0.5681328125 0.21350937499999997
0 0.6316125 0.164321875 0.6873781250000001 0.1353375 0.7159296875 0.1202484375 0.71305625 0.1144984375 0.62663125 0.159771875 0.6316125 0.164321875
0 0.5823437499999999 0.253125 0.71921875 0.24609375 0.7196875 0.2353515625 0.64109375 0.2375 0.55203125 0.23828125 0.54984375 0.2453125 0.5928125 0.244140625 0.59296875 0.24765625 0.548125 0.247265625 0.54484375 0.2546875 0.5823437499999999 0.253125
0 0.5271874999999999 0.2572265625 0.51609375 0.2708984375 0.5 0.28203125 0.5 0.287890625 0.5025000000000001 0.2869140625 0.5178125 0.2755859375 0.53328125 0.2578125 0.5271874999999999 0.2572265625
0 0.29001875 0.431015625 0.33927968750000004 0.42125625 0.3410828125 0.4194640625 0.340596875 0.41480468750000005 0.29034218749999996 0.4249359375 0.29001875 0.431015625