1 0.25430156249999997 0.3101625 0.263671875 0.306396875 0.263671875 0.3308109375 0.26541562500000004 0.3356859375 0.275390625 0.33569375 0.2796953125 0.48176406250000003 0.2882546875 0.4833671875 0.283203125 0.32836875 0.2890625 0.3234859375 0.2890625 0.3015140625 0.30859375 0.2941890625 0.3091796875 0.285396875 0.2763671875 0.28564531249999997 0.245090625 0.2904015625 0.245590625 0.299165625 0.2481296875 0.3069703125 0.25430156249999997 0.3101625
1 0.359375 0.56274375 0.3515625 0.426025 0.3662578125 0.41557656249999997 0.36801093749999997 0.40869218749999997 0.326703125 0.412446875 0.328125 0.4187015625 0.3408203125 0.42236406249999997 0.345703125 0.435790625 0.349609375 0.5505375 0.3515625 0.560303125 0.359375 0.56274375
1 0.14252343750000002 0.3948265625 0.1611328125 0.3955078125 0.162109375 0.4211421875 0.16796875 0.423584375 0.169921875 0.396728125 0.187890625 0.392953125 0.1881046875 0.3854640625 0.1765484375 0.3731578125 0.1669921875 0.37109375 0.150428125 0.3696390625 0.150390625 0.37475625 0.16015625 0.384521875 0.14380625 0.387603125 0.14252343750000002 0.3948265625
1 0.1533203125 0.4833984375 0.15234375 0.5676265625 0.158203125 0.57006875 0.16015625 0.48461875 0.1533203125 0.4833984375
0 0.09033125 0.114290625 0.0196875 0.09870625 0.020115625 0.10592968750000001 0.05620625 0.11417031250000001 0.0904578125 0.12185468749999999 0.09033125 0.114290625
0 0.0734921875 0.1390765625 0.033834375 0.1314046875 0.0332046875 0.1402578125 0.0865546875 0.14871406250000002 0.0884421875 0.14851875 0.089071875 0.1414375 0.0734921875 0.1390765625
0 0.31346562499999997 0.4386828125 0.3160765625 0.43239062500000003 0.304375 0.4002515625 0.284971875 0.3464875 0.28269687499999996 0.354303125 0.2886640625 0.37155312500000004 0.31346562499999997 0.4386828125
0 0.26949999999999996 0.34874375 0.27545156249999997 0.34945312500000003 0.2753265625 0.3434890625 0.26548125 0.340803125 0.2550984375 0.334984375 0.24801718749999999 0.32890625 0.228971875 0.3104828125 0.215178125 0.295153125 0.19354375 0.2672625 0.18396718750000002 0.254546875 0.1652390625 0.225434375 0.1528046875 0.20458437499999998 0.1481984375 0.207390625 0.168071875 0.242940625 0.1844390625 0.26753125 0.2024671875 0.29135 0.209628125 0.2998515625 0.23684375000000002 0.3291015625 0.24435781250000002 0.33565625 0.256671875 0.3448390625 0.26949999999999996 0.34874375
1 0.0896078125 0.1037015625 0.09765625 0.36743125 0.10547187499999999 0.4886078125 0.1204375 0.49573437499999995 0.107421875 0.23315468749999999 0.1611328125 0.1977546875 0.1943359375 0.2001953125 0.1982203125 0.193975 0.19921875 0.18676718750000001 0.1904296875 0.1806640625 0.1650390625 0.18310625 0.1083984375 0.22216874999999997 0.10075937500000001 0.1054765625 0.0896078125 0.1037015625
0 0.1883828125 0.35629374999999996 0.1366375 0.301765625 0.11247343750000001 0.269690625 0.1092671875 0.2833234375 0.1791890625 0.356828125 0.209553125 0.385159375 0.2138296875 0.38008125000000004 0.1883828125 0.35629374999999996
0 0.1035578125 0.1378359375 0.10931093750000001 0.14934375 0.1261859375 0.1848203125 0.1365421875 0.20279843749999998 0.1401859375 0.198484375 0.10815937499999999 0.1368765625 0.1035578125 0.1378359375
0 0.102790625 0.1253703125 0.1417203125 0.19896562499999998 0.1459390625 0.195128125 0.1056671875 0.12249375 0.102790625 0.1253703125
0 0.1115265625 0.253978125 0.1108109375 0.262034375 0.11439218749999999 0.2658390625 0.18385 0.334759375 0.229678125 0.37861875 0.2350484375 0.3752640625 0.2269921875 0.36720625 0.1743625 0.316859375 0.1571765625 0.2994046875 0.1115265625 0.253978125
0 0.2753265625 0.35154375 0.252234375 0.34662187499999997 0.24561093750000002 0.34326406249999997 0.2269921875 0.3262578125 0.199603125 0.2931390625 0.1672015625 0.24614843749999998 0.145003125 0.209225 0.14124375 0.2096734375 0.1532375 0.2327203125 0.189578125 0.2891109375 0.2092703125 0.31506875 0.23290000000000002 0.340578125 0.246146875 0.3513203125 0.2577828125 0.354453125 0.274790625 0.3569140625 0.2753265625 0.35154375