1 0.1340453125 0 0.1337484375 0.1564859375 0.1168421875 0.157021875 0.118340625 0.1663828125 0.1301109375 0.16557968750000002 0.1317921875 0.16825937500000002 0.130946875 0.5107640625000001 0.14305625 0.5100609375 0.150096875 0.508653125 0.14784375 0.44775468749999997 0.1472796875 0.416778125 0.1467171875 0.399178125 0.1469984375 0.18409999999999999 0.14723124999999998 0.165846875 0.1645640625 0.1645109375 0.1630671875 0.1546140625 0.14723124999999998 0.155684375 0.146875 0.0986328125 0.1444640625 0 0.1340453125 0
1 0.23312499999999997 0.2171875 0.23828125 0.2177734375 0.258125 0.21796875 0.2578125 0.228125 0.23671875 0.228515625 0.23625 0.2421875 0.25625 0.2451171875 0.256796875 0.482609375 0.26504531249999996 0.48316875000000004 0.26875 0.2431640625 0.29015625 0.240625 0.29015625 0.233203125 0.26687500000000003 0.2333984375 0.26734375 0.2169921875 0.29078125 0.2142578125 0.2896875 0.1994140625 0.26640625 0.201171875 0.23359375 0.201171875 0.23312499999999997 0.2171875
1 0.27796875 0.2822265625 0.29375 0.2841796875 0.29375 0.2998046875 0.278125 0.3033203125 0.27875 0.31328125 0.29515625 0.3130859375 0.29562499999999997 0.4818359375 0.30328125 0.48125 0.301875 0.3115234375 0.31921875 0.3095703125 0.318125 0.30234375 0.303125 0.2998046875 0.3015625 0.2841796875 0.32 0.2796875 0.31906249999999997 0.271875 0.29765625 0.271484375 0.27765625 0.2724609375 0.27796875 0.2822265625
1 0.33875 0.33515625 0.33796875000000004 0.3294921875 0.32421875 0.330078125 0.31078125 0.3310546875 0.31124999999999997 0.3380859375 0.32453125 0.3380859375 0.32421875 0.342578125 0.308125 0.34296875 0.30796875 0.349609375 0.3115625 0.3494140625 0.3146875 0.3498046875 0.32359375 0.35 0.32453125 0.35703125 0.31265624999999997 0.357421875 0.31234375000000003 0.362890625 0.32328125 0.365625 0.3229375 0.472959375 0.33125 0.4716796875 0.33046875 0.3630859375 0.34171874999999996 0.3615234375 0.3418140625 0.35484218749999996 0.33109375 0.3544921875 0.33046875 0.3482421875 0.34078125 0.3478515625 0.34056406250000004 0.3423359375 0.33109375 0.343359375 0.33125 0.3369140625 0.33875 0.33515625
0 0.378125 0.3419921875 0.318125 0.312109375 0.31578125 0.3162109375 0.3740625 0.3458984375 0.378125 0.3419921875
0 0.39578125000000003 0.3337890625 0.32406250000000003 0.3103515625 0.32359375 0.3146484375 0.39453125 0.3388671875 0.39578125000000003 0.3337890625
0 0.5536390625000001 0.003853125 0.5533921875 0 0.412796875 0.0014828125 0.20438593749999998 0.0106703125 0.20460625000000002 0.014726562500000002 0.204434375 0.018625 0.20604218749999997 0.01896875 0.420384375 0.00978125 0.5536390625000001 0.003853125
0 0.2049859375 0.0375546875 0.2049859375 0.045521875 0.3720046875 0.034240625000000004 0.56816875 0.02393125 0.769921875 0.018040624999999998 0.83855 0.0154625 0.8382546874999999 0.0092046875 0.7637359375 0.011414062499999999 0.562565625 0.018040624999999998 0.4043875 0.0250359375 0.3142578125 0.030926562499999997 0.2049859375 0.0375546875
0 0.9995921875 0.005446875 0.855790625 0.008775 0.85603125 0.0154328125 1 0.0130125 0.9995921875 0.005446875
0 0.9985937500000001 0.0482421875 0.8592187499999999 0.0482421875 0.8592187499999999 0.0541015625 0.99828125 0.0533203125 0.9985937500000001 0.0482421875
0 0.2337109375 0.035125 0.2298359375 0.019378125 0.22460312500000001 0.019378125 0.229059375 0.0353671875 0.2337109375 0.035125
0 0.20674375 0.071728125 0.3141859375 0.069609375 0.41140625000000003 0.065625 0.4112640625 0.060203125 0.206196875 0.06490625 0.20674375 0.071728125
0 0.6521859375 0.0578125 0.792346875 0.0556640625 0.791878125 0.0501953125 0.661259375 0.0525390625 0.55375625 0.0546875 0.42140781250000003 0.0591796875 0.42109375 0.0634765625 0.5478125 0.0599609375 0.6521859375 0.0578125
0 0.29312499999999997 0.270703125 0.281875 0.2412109375 0.27734375 0.242578125 0.28734375 0.2716796875 0.29312499999999997 0.270703125
0 0.31546875 0.2720703125 0.31765625000000003 0.26953125 0.31203125 0.2638671875 0.30609375 0.2494140625 0.29312499999999997 0.2154296875 0.2921875 0.2154296875 0.288125 0.2166015625 0.299375 0.2443359375 0.30828125 0.26640625 0.31546875 0.2720703125
0 0.24234375 0.0630859375 0.23781249999999998 0.04375 0.2325 0.0451171875 0.2375 0.063671875 0.24234375 0.0630859375
0 0.24375 0.0703125 0.238615625 0.0716203125 0.27234375 0.17578125 0.2815625 0.2005859375 0.2855640625 0.1990546875 0.264484375 0.13845156249999999 0.24375 0.0703125
0 0.2628125 0.20078125 0.2684375 0.1994140625 0.250625 0.1576171875 0.22171875000000002 0.0724609375 0.21671875 0.0724609375 0.2459375 0.1611328125 0.2628125 0.20078125
0 0.259375 0.19922656249999998 0.24453125 0.17383593749999998 0.21296875 0.11699062499999999 0.19390625 0.0738265625 0.18859375 0.075 0.21031249999999999 0.1224609375 0.238125 0.17265625 0.25546875 0.20234375 0.259375 0.19922656249999998
0 0.15875 0.073828125 0.1746875 0.1044921875 0.19390625 0.13984375 0.23421875 0.2052734375 0.23890625000000001 0.20214218750000001 0.21203124999999998 0.155275 0.19624999999999998 0.119728125 0.17453125 0.071875 0.1696875 0.0724609375 0.1796875 0.0958984375 0.18937500000000002 0.12109375 0.164375 0.0732421875 0.15875 0.073828125
0 0.23312499999999997 0.208009375 0.21671875 0.184571875 0.18203125 0.130859375 0.15078125 0.0771484375 0.14640625000000002 0.08046875 0.1721609375 0.124696875 0.204853125 0.1784546875 0.23110624999999999 0.21630312499999998 0.23312499999999997 0.208009375
0 0.1809375 0.150584375 0.1509375 0.1039046875 0.14906250000000001 0.1097640625 0.1653125 0.14881875 0.191875 0.2040921875 0.20609375000000002 0.2279296875 0.21187499999999998 0.2359375 0.21984374999999998 0.24765625 0.23312499999999997 0.2646484375 0.24859375 0.2798828125 0.25578124999999996 0.2853515625 0.25640625 0.2794828125 0.24796875 0.271475 0.23734375000000002 0.2611234375 0.215 0.23026718750000003 0.17828125 0.1619125 0.18046875 0.1613265625 0.22296875 0.2222640625 0.2290625 0.2187484375 0.1809375 0.150584375
0 0.18937500000000002 0.2685546875 0.15390625 0.213671875 0.14906250000000001 0.2181640625 0.18375 0.271484375 0.18937500000000002 0.2685546875
0 0.18812500000000001 0.2298828125 0.15125 0.180859375 0.15046874999999998 0.1810546875 0.14828125 0.1873046875 0.20218750000000002 0.258203125 0.24562499999999998 0.312109375 0.2484375 0.3060546875 0.18812500000000001 0.2298828125
0 0.16921875 0.192578125 0.15125 0.168359375 0.1471875 0.1712890625 0.1596875 0.1880859375 0.19718750000000002 0.2396484375 0.2528125 0.3078125 0.25609375 0.3013671875 0.2440625 0.2830078125 0.19578125 0.216015625 0.16499999999999998 0.1669921875 0.15703125 0.1689453125 0.16390625 0.1791015625 0.19734374999999998 0.2296875 0.1965625 0.2310546875 0.16921875 0.192578125
0 0.07468749999999999 0.182421875 0.11000000000000001 0.201171875 0.11625 0.2033203125 0.1221875 0.203515625 0.12468749999999999 0.200390625 0.090625 0.182421875 0.07468749999999999 0.1724609375 0.048593750000000005 0.15078125 0.00390625 0.112890625 0.00046875 0.1169921875 0.01203125 0.12890625 0.03796875 0.153515625 0.07468749999999999 0.182421875
0 0.1328125 0.1958984375 0.06109375 0.14765625 0.03234375 0.1265625 0.000625 0.1017578125 0 0.108984375 0.061875 0.158203125 0.075625 0.1673828125 0.130625 0.2033203125 0.1328125 0.1958984375
0 0.00015625 0.067578125 0 0.0755859375 0.0625 0.1224609375 0.11656249999999999 0.1626953125 0.1184375 0.156640625 0.06359375 0.115625 0.00015625 0.067578125
0 0 0.0983875 0.00234375 0.09921875 0.04546875 0.1296875 0.130584375 0.1889453125 0.1303125 0.1818359375 0.074375 0.1427734375 0.00625 0.0962890625 0.021406249999999998 0.0935546875 0.01875 0.0896484375 0 0.0934671875 0 0.0983875
0 0.052500000000000005 0.084765625 0.029375000000000002 0.087890625 0.033125 0.0923828125 0.05625 0.0890625 0.052500000000000005 0.084765625
0 0.12578125 0.07109375 0.07468749999999999 0.0806640625 0.07609375 0.0853515625 0.12734375 0.0755859375 0.12578125 0.07109375
0 0.13343750000000001 0.0439453125 0.013125000000000001 0.0525390625 0.012968750000000001 0.05859375 0.1340625 0.0498046875 0.13343750000000001 0.0439453125
0 0.0553125 0.0875 0.12984374999999998 0.155859375 0.1328125 0.1505859375 0.03203125 0.0576171875 0.02421875 0.058984375 0.0553125 0.0875
0 0.0390625 0.05703125 0.13265625 0.1474609375 0.13359375 0.1384765625 0.1025 0.1099609375 0.04609375 0.055859375 0.0390625 0.05703125
0 0.1306921875 0.06898593750000001 0.12206874999999999 0.05102187500000001 0.11766093749999999 0.052937500000000005 0.12781718749999998 0.0728203125 0.1306921875 0.06898593750000001