1 0.3203125 0.18676718750000001 0.3310546875 0.1782234375 0.3408203125 0.18310625 0.349609375 0.17211875000000001 0.35000156250000003 0.16273437500000001 0.3447265625 0.1611328125 0.3388671875 0.166015625 0.3330078125 0.166015625 0.3271484375 0.1586921875 0.3238859375 0.158778125 0.3134765625 0.163575 0.2958984375 0.163575 0.2880859375 0.1586921875 0.283203125 0.16235312500000001 0.283203125 0.16967812499999999 0.2919921875 0.1806640625 0.302734375 0.18432656249999999 0.302734375 0.20141562500000001 0.30859375 0.21118125000000001 0.301875 0.225725 0.3017046875 0.233603125 0.306815625 0.235946875 0.3073265625 0.2385015625 0.3073265625 0.2455296875 0.2948421875 0.4269859375 0.3021015625 0.4268515625 0.3075140625 0.3597515625 0.314453125 0.2819828125 0.340703125 0.2710578125 0.3603515625 0.27099687499999997 0.36328125 0.267334375 0.3623046875 0.26123124999999997 0.3525390625 0.2587890625 0.333778125 0.2646296875 0.314453125 0.2746578125 0.3203125 0.18676718750000001
1 0.3984375 0.2917484375 0.3916015625 0.2880859375 0.3759765625 0.2880859375 0.3740234375 0.29052812499999997 0.3701171875 0.29052812499999997 0.3642578125 0.28564531249999997 0.361328125 0.28930625 0.361328125 0.2941890625 0.3662109375 0.30029374999999997 0.373046875 0.3039546875 0.373046875 0.3112796875 0.375 0.3137203125 0.375 0.33569375 0.373046875 0.338134375 0.373046875 0.3796390625 0.3759765625 0.38330156249999997 0.37890625 0.3820796875 0.380859375 0.377196875 0.380859375 0.3332515625 0.3828125 0.3308109375 0.3828125 0.3210453125 0.38671875 0.3137203125 0.38671875 0.306396875 0.3896484375 0.302734375 0.3935546875 0.302734375 0.3984375 0.29663125 0.3984375 0.2917484375
1 0.4052734375 0.341796875 0.4033203125 0.341796875 0.400390625 0.345459375 0.400390625 0.404053125 0.4033203125 0.40771562499999997 0.404296875 0.40649375 0.404296875 0.3942875 0.40625 0.3918453125 0.40625 0.37475625 0.408203125 0.3723140625 0.408203125 0.364990625 0.412109375 0.357665625 0.412109375 0.3527828125 0.41015625 0.3503421875 0.41015625 0.3479 0.4052734375 0.341796875
0 0.43657500000000005 0.11345468750000001 0.442303125 0.11563281249999999 0.4439640625 0.11061093749999999 0.3387390625 0.0600078125 0.2283296875 0 0.22245625000000002 0.0028421875 0.2594484375 0.024946875 0.33766250000000003 0.06703125 0.3848578125 0.0893375 0.43657500000000005 0.11345468750000001
0 0.3984875 0.10042812500000001 0.396403125 0.0952171875 0.29294375 0.0829 0.20559218750000002 0.07271562499999999 0.207296875 0.07910937500000001 0.2529625 0.08432031250000001 0.33349375000000003 0.09450625 0.3984875 0.10042812500000001
0 0.2624375 0.0781625 0.216771875 0 0.20976093750000002 0.00023593749999999998 0.25599531249999996 0.0786375 0.2624375 0.0781625
0 0.292565625 0.081953125 0.26453125 0.0275390625 0.259375 0.0291015625 0.284796875 0.082425 0.292565625 0.081953125
0 0.2440578125 0.00023593749999999998 0.24974218750000002 0.0120796875 0.2512578125 0.01184375 0.2546875 0.0109375 0.2501203125 0 0.2440578125 0.00023593749999999998
0 0.338959375 0.126828125 0.18921875 0.0857421875 0.1877390625 0.0929890625 0.3525875 0.13783281249999998 0.47123593750000003 0.1680953125 0.472115625 0.1612171875 0.338959375 0.126828125
0 0.311228125 0.11499843750000001 0.4391015625 0.13425625000000002 0.4399828125 0.12875468750000002 0.3105671875 0.10894531249999999 0.3105671875 0.11389843749999999 0.311228125 0.11499843750000001
0 0.2840625 0.110546875 0.2709375 0.0869140625 0.26437499999999997 0.0873046875 0.27671875 0.1095703125 0.2840625 0.110546875
0 0.31078125 0.11171875 0.29703124999999997 0.0890625 0.29109375000000004 0.0904296875 0.30625 0.11640625 0.31078125 0.11171875
0 0.3 0.1048828125 0.28359375 0.1025390625 0.28312499999999996 0.1076171875 0.30015625 0.110546875 0.3 0.1048828125
0 0.02953125 0.0544921875 0.0609375 0.0591796875 0.17734375 0.088671875 0.17203125 0.080078125 0.06875 0.048828125 0.0134375 0.03125 0.01390625 0.0373046875 0.0521875 0.0494140625 0.052031249999999994 0.0517578125 0.027968749999999997 0.0484375 0.02953125 0.0544921875
0 0.10609375000000001 0 0.143125 0.0466796875 0.1584375 0.066796875 0.1859375 0.10078125 0.230071875 0.15086875 0.25875 0.1798828125 0.28531249999999997 0.207421875 0.301875 0.2259765625 0.30703125 0.2220703125 0.29015625 0.2015625 0.2634375 0.1751953125 0.1781203125 0.0804765625 0.1140625 0 0.10953125 0 0.10609375000000001 0
0 0.1421875 0 0.17234375 0.043359375 0.210625 0.0908203125 0.21765625000000002 0.090234375 0.18078125 0.043359375 0.1496875 0 0.1421875 0
0 0.19375 0.069140625 0.1715625 0.069140625 0.174375 0.075 0.19640625 0.075390625 0.19375 0.069140625
0 0.28390624999999997 0.1599609375 0.28609375 0.1556640625 0.2421875 0.118359375 0.23171875000000003 0.1046875 0.22531249999999997 0.105859375 0.23562500000000003 0.1220703125 0.25796874999999997 0.1423828125 0.28312499999999996 0.161328125 0.28390624999999997 0.1599609375
0 0.28609375 0.122265625 0.31765625000000003 0.1591796875 0.3225 0.155078125 0.29359375 0.1208984375 0.28609375 0.122265625
0 0.34562499999999996 0.1595703125 0.32265625 0.12890625 0.31609375 0.1302734375 0.34015625 0.163671875 0.34562499999999996 0.1595703125
0 0.303734375 0.29606875 0.253909375 0.2615734375 0.24911875 0.2668453125 0.3010515625 0.30349375 0.303734375 0.29606875
0 0.17591718750000002 0.2828953125 0.1772578125 0.28912031250000003 0.2504609375 0.2632515625 0.292165625 0.2425484375 0.3046921875 0.2349859375 0.303734375 0.2287578125 0.2868703125 0.2359453125 0.25486875000000003 0.245765625 0.1724671875 0.2704375 0.1730421875 0.27714531249999996 0.224015625 0.2613359375 0.2730734375 0.24815937500000002 0.25084375 0.256065625 0.17591718750000002 0.2828953125
0 0.011565625 0.043509375 0.0388234375 0.0705546875 0.036779687500000005 0.07225781249999999 0.0083296875 0.0447875 0.00458125 0.0494734375 0.0431 0.084328125 0.0908015625 0.12713125 0.14506406249999998 0.178396875 0.187309375 0.216478125 0.2304953125 0.253834375 0.23577656249999998 0.248296875 0.1655046875 0.18560156249999998 0.0869203125 0.112290625 0.015143750000000001 0.0386109375 0.011565625 0.043509375
0 0.31348750000000003 0.3098375 0.328090625 0.32951406250000004 0.332453125 0.32477187500000004 0.3144359375 0.3010671875 0.3115921875 0.30675625 0.31348750000000003 0.3098375
0 0.3654515625 0.22449687499999998 0.36393437500000003 0.23231875 0.44093125000000005 0.2572109375 0.5497890625 0.2894515625 0.5511171874999999 0.28352343750000003 0.5154625 0.27238281249999996 0.3654515625 0.22449687499999998
0 0.32890625 0.1822265625 0.3490703125 0.239015625 0.3543546875 0.236125 0.3328875 0.17833125 0.328125 0.1798828125 0.32890625 0.1822265625
0 0.3471265625 0.176265625 0.3602875 0.226209375 0.3661640625 0.2253265625 0.3515921875 0.173915625 0.3471265625 0.176265625
0 0.3427859375 0.259853125 0.323103125 0.23525000000000001 0.31956406249999997 0.23856875 0.3383625 0.2631703125 0.3427859375 0.259853125
0 0.533728125 0.2980828125 0.45584218749999994 0.27495625 0.3625109375 0.2437953125 0.322971875 0.2320890625 0.3224390625 0.23589375 0.40184218749999995 0.2731890625 0.4784125 0.299934375 0.50589375 0.309346875 0.5076421875 0.3024765625 0.46620156250000006 0.2886015625 0.4541765625 0.28467031249999997 0.3959015625 0.2638578125 0.4723078125 0.2874453125 0.532246875 0.3043265625 0.533728125 0.2980828125