1 0.24317812499999997 0.12236875 0.262184375 0.12236875 0.26088125 0.10316875 0.25333125 0.10251718750000001 0.25255 0.110978125 0.23984375 0.111328125 0.23742968750000001 0.10156406250000001 0.23110624999999999 0.101803125 0.22911718749999999 0.1100015625 0.2249734375 0.107075 0.19140625 0.109375 0.18875625000000001 0.101803125 0.182240625 0.10348125 0.18243125 0.1202484375 0.215625 0.1240234375 0.215628125 0.146584375 0.20302343750000001 0.1629015625 0.20482499999999998 0.1800671875 0.215178125 0.184284375 0.21300781249999998 0.2774296875 0.1971546875 0.27815 0.1971546875 0.2875171875 0.2046484375 0.2864375 0.20868437499999998 0.2860765625 0.210990625 0.2864375 0.213584375 0.28823750000000004 0.2109375 0.4873046875 0.21107031250000002 0.5145 0.22305000000000003 0.5145 0.22338437500000002 0.288959375 0.23693124999999998 0.286796875 0.235203125 0.2795921875 0.22425 0.2777890625 0.2266984375 0.18228906250000002 0.2332140625 0.1789359375 0.2337890625 0.16025 0.22708124999999998 0.1537828125 0.2265625 0.1298828125 0.24317812499999997 0.12236875
1 0.3453125 0.3896484375 0.3462796875 0.37294218749999997 0.35609375 0.3712890625 0.35546875 0.3640625 0.32890625 0.3638671875 0.32953125 0.3712890625 0.3390625 0.3740234375 0.34028125 0.5016234374999999 0.3453125 0.5009765625 0.3453125 0.3896484375
1 0.35 0.4365234375 0.35 0.4794921875 0.3484375 0.4814453125 0.3484375 0.4990234375 0.35078125 0.501953125 0.3546875 0.5009765625 0.35562499999999997 0.43125 0.3570390625 0.4171359375 0.3646875 0.4142578125 0.36640625 0.39921875 0.35390625 0.3984375 0.3453125 0.399609375 0.34578125000000004 0.4142578125 0.34943124999999997 0.41650468749999997 0.35 0.4251953125 0.35 0.4365234375
0 0.12890625 0 0.15234375 0.0474609375 0.181684375 0.10432343749999999 0.18816875 0.10213125 0.18489375 0.09603125 0.13524687500000002 0 0.12890625 0
1 0.302734375 0.299071875 0.3056640625 0.29541093749999997 0.3203046875 0.2956546875 0.3199828125 0.2868828125 0.31445 0.28605 0.3028265625 0.2868828125 0.3032921875 0.28079375 0.3220859375 0.27899375000000004 0.3216015625 0.26564062499999996 0.3169078125 0.26564062499999996 0.316259375 0.271103125 0.3098765625 0.27073125 0.309328125 0.2636421875 0.303109375 0.2634140625 0.303109375 0.26844531250000003 0.29634062499999997 0.2682171875 0.2930484375 0.2705015625 0.289571875 0.2702734375 0.2831703125 0.2702734375 0.28170625 0.26547343749999996 0.2761203125 0.26564062499999996 0.275853125 0.2778203125 0.2937796875 0.27919218749999997 0.2939625 0.2874234375 0.283403125 0.2870859375 0.2767671875 0.2868828125 0.276584375 0.2945125 0.2919921875 0.29541093749999997 0.294921875 0.299071875 0.2965625 0.4466796875 0.2965625 0.457421875 0.302734375 0.455321875 0.302734375 0.355225 0.3173828125 0.34423906249999997 0.3320109375 0.3436734375 0.335121875 0.34275781250000004 0.335121875 0.3391 0.3347546875 0.3356703125 0.3193359375 0.3369140625 0.31015625 0.341015625 0.302734375 0.345459375 0.302734375 0.299071875
0 0.2021234375 0.1589640625 0.1737625 0.1629015625 0.1746640625 0.1676859375 0.20324843750000002 0.1640296875 0.2021234375 0.1589640625
0 0.190434375 0.12270624999999999 0.2062234375 0.1552875 0.2113921875 0.1524546875 0.19721875 0.12226406249999999 0.190434375 0.12270624999999999
0 0.1754609375 0 0.168275 0.00025 0.2066015625 0.069365625 0.22995625 0.10429843750000001 0.23454687500000002 0.101803125 0.2129890625 0.066621875 0.1754609375 0
0 0.2565046875 0.10130468749999999 0.24452812499999999 0.0843375 0.225365625 0.056142187499999996 0.19143125 0 0.1850421875 0.0007484375 0.2083984375 0.0411703125 0.2303546875 0.0768515625 0.250715625 0.10429843750000001 0.2565046875 0.10130468749999999
0 0.0005765625 0.0497203125 0 0.0590875 0.08041875000000001 0.1473609375 0.10981875 0.179428125 0.1129890625 0.17438437499999998 0.08330156250000001 0.1419578125 0.0005765625 0.0497203125
0 0.1968640625 0.2818046875 0.1746890625 0.2617875 0.07494218750000001 0.1700609375 0.0005765625 0.09692031250000001 0 0.1066484375 0.103478125 0.2078921875 0.164871875 0.2633765625 0.1957140625 0.28823750000000004 0.1968640625 0.2818046875
0 0.17690625 0.344634375 0.1833125 0.3464828125 0.18799375000000002 0.3421703125 0.18799375000000002 0.3372421875 0.197109375 0.3366265625 0.1983421875 0.3400140625 0.2047484375 0.3437109375 0.20844374999999998 0.3418609375 0.20844374999999998 0.3347796875 0.2136171875 0.3301578125 0.21189375 0.32492343749999997 0.1963703125 0.3304671875 0.17395 0.329234375 0.14980312499999998 0.3227671875 0.11801874999999999 0.30644375 0.0625828125 0.2685625 0.023899999999999998 0.2386875 0.017740625 0.229446875 0.008623437500000001 0.22698437500000002 0.000246875 0.2186671875 0 0.2377640625 0.01576875 0.2383796875 0.05839375 0.27564687499999996 0.105453125 0.3073671875 0.137484375 0.3255390625 0.15300625 0.331390625 0.17345625 0.3369328125 0.17395 0.340321875 0.17690625 0.344634375
0 0.2355921875 0.15543125 0.23733749999999998 0.1504109375 0.2383859375 0.1432078125 0.2399578125 0.1255234375 0.2355921875 0.12639687500000002 0.23471875 0.139059375 0.2338453125 0.14582656249999998 0.23105156249999997 0.1517203125 0.2320984375 0.15695937499999998 0.2355921875 0.15543125
0 0.23890937499999998 0.162853125 0.2443234375 0.160015625 0.24834062499999998 0.1552125 0.2462453125 0.1517203125 0.24205312499999998 0.1560859375 0.2378625 0.1576140625 0.2352421875 0.159578125 0.23419374999999998 0.160015625 0.23419374999999998 0.1646 0.23890937499999998 0.162853125
0 0.25777031250000004 0.139059375 0.26161249999999997 0.12989062499999998 0.25846874999999997 0.1281421875 0.251484375 0.14233281250000002 0.2532296875 0.1467 0.25777031250000004 0.139059375
0 0.2740890625 0.26730468749999997 0.275 0.2662109375 0.2765625 0.2642578125 0.26328125 0.2455078125 0.244375 0.2138671875 0.23046875 0.18828125 0.22718750000000001 0.192578125 0.23890625000000001 0.21484375 0.260625 0.2494140625 0.2740890625 0.26730468749999997
0 0.24484374999999997 0.33984375 0.2575 0.3576171875 0.25890625 0.355078125 0.22703125000000002 0.30625 0.22453125 0.309375 0.24484374999999997 0.33984375
0 0.25046875 0.3515625 0.22765624999999998 0.3173828125 0.22453125 0.3201171875 0.24828125 0.355078125 0.25046875 0.3515625
0 0.27 0.1919921875 0.2546875 0.1556640625 0.2440625 0.1271484375 0.2396875 0.129296875 0.24921875 0.1568359375 0.273125 0.2146484375 0.29093749999999996 0.249609375 0.3003125 0.2654296875 0.30343749999999997 0.2623046875 0.29562499999999997 0.24765625 0.2846875 0.225390625 0.27 0.1919921875
0 0.28734375 0.1923890625 0.27296875 0.148828125 0.26328125 0.11913906249999999 0.25890625 0.12421718749999999 0.2784375 0.18261875 0.2921875 0.220509375 0.3040625 0.2484390625 0.3146875 0.2669921875 0.31843750000000004 0.263478125 0.3096875 0.24765781250000002 0.2990625 0.22168125 0.28734375 0.1923890625
0 0.3060328125 0.35164062500000004 0.30984375000000003 0.370703125 0.31523124999999996 0.38565625 0.32212968750000004 0.400746875 0.32765625 0.400390625 0.32609374999999996 0.3970703125 0.3167640625 0.3775109375 0.309290625 0.3521203125 0.3060328125 0.35164062500000004
0 0.31750781250000004 0.2986390625 0.31208281250000003 0.2996453125 0.318596875 0.3229609375 0.32353437500000004 0.3370609375 0.32715 0.3342984375 0.32203125 0.3154296875 0.31750781250000004 0.2986390625
0 0.31984375 0.2806640625 0.32421875 0.302734375 0.33180624999999997 0.3341640625 0.33668125 0.3314125 0.32421875 0.279296875 0.31984375 0.2806640625
0 0.308125 0.4015625 0.30453125000000003 0.403125 0.31203125 0.424609375 0.31953125 0.4388671875 0.32328125 0.4357421875 0.31515624999999997 0.421484375 0.308125 0.4015625