1 0.25460625000000003 0.1770671875 0.25710625 0.4125546875 0.2675265625 0.41185 0.26668125 0.36996093750000003 0.264096875 0.21091875 0.265625 0.0891109375 0.26515625 0.078125 0.2553125 0.0779296875 0.2548375 0.1510265625 0.2488203125 0.15681406250000002 0.2488203125 0.1626015625 0.2490515625 0.17157031250000002 0.25460625000000003 0.1770671875
1 0.38671875 0.24780312499999999 0.38671875 0.2526859375 0.3916015625 0.25390625 0.39453125 0.25756875 0.39453125 0.2624515625 0.400390625 0.269775 0.400390625 0.2771 0.40171875 0.281640625 0.40234375 0.3416015625 0.40703125 0.341796875 0.41015625 0.3405765625 0.408203125 0.267334375 0.41015625 0.2648921875 0.41234374999999995 0.2498046875 0.41875 0.2474609375 0.41859375 0.241796875 0.4111328125 0.24169999999999997 0.3974609375 0.24169999999999997 0.3955078125 0.244140625 0.3896484375 0.244140625 0.38671875 0.24780312499999999
1 0.3646875 0.223828125 0.365234375 0.23071250000000001 0.36546875 0.23515625 0.3671875 0.267334375 0.36843750000000003 0.271875 0.36906249999999996 0.299609375 0.37093750000000003 0.3412109375 0.37421875 0.35390625 0.37953125 0.3541015625 0.376953125 0.299071875 0.3759375 0.295703125 0.3759375 0.29375 0.37671875 0.279296875 0.3765625 0.269921875 0.374375 0.2662109375 0.373046875 0.22827187499999999 0.3728125 0.217578125 0.3646875 0.217578125 0.3646875 0.223828125
1 0.619140625 0.14526406249999999 0.619140625 0.16967812499999999 0.6234375 0.2654296875 0.6258734375 0.37400781250000004 0.6322921874999999 0.374675 0.62765625 0.1421875 0.6220703125 0.1416015625 0.619140625 0.14526406249999999
0 0.18328125 0.1880859375 0.18609375 0.192578125 0.215625 0.1626953125 0.235253125 0.1401625 0.25571875 0.11564062500000001 0.2541953125 0.1063375 0.22882656250000002 0.13318593750000002 0.223753125 0.13678125000000002 0.1605 0.18413437500000002 0.1630375 0.1887875 0.18874375000000002 0.1714515625 0.223753125 0.14396875 0.226459375 0.1424875 0.18328125 0.1880859375
0 0.2659375 0.0982421875 0.294375 0.1228515625 0.31171875 0.1380859375 0.31437499999999996 0.1326171875 0.26921875 0.091796875 0.2659375 0.0982421875
0 0.579375 0.193359375 0.60508125 0.176171875 0.61883125 0.1625 0.6165625 0.156640625 0.6046125 0.1685546875 0.5889875 0.1798828125 0.5778125000000001 0.1876953125 0.5614874999999999 0.196484375 0.5439875 0.202734375 0.52383125 0.20859375 0.4989875 0.2119140625 0.476175 0.2111328125 0.45101874999999997 0.2080078125 0.4175 0.19765625 0.38720781249999997 0.1826171875 0.3674828125 0.1709703125 0.3363890625 0.14968125000000002 0.33390624999999996 0.1548828125 0.35515625 0.1708984375 0.38406250000000003 0.1880859375 0.40437500000000004 0.1984375 0.42781250000000004 0.20703125 0.44796874999999997 0.213671875 0.47599843750000004 0.2166015625 0.5000609375 0.21796875 0.5247484375 0.21484375 0.5625281249999999 0.2025390625 0.579375 0.193359375
0 0.7268749999999999 0.2296875 0.6775 0.224609375 0.6771874999999999 0.229296875 0.7267187500000001 0.2345703125 0.7268749999999999 0.2296875
0 0.883803125 0.244584375 0.8026562500000001 0.23717187499999998 0.8025 0.24296875 0.86796875 0.249609375 0.999 0.2577125 0.9991703125000001 0.251359375 0.883803125 0.244584375
0 1 0.205490625 0.957871875 0.20242343749999997 0.8942781249999999 0.1967640625 0.7797 0.1805640625 0.6977890625 0.1642421875 0.6286796875 0.147415625 0.6282171875 0.16223125 0.6998703125 0.1795875 0.761771875 0.1917734375 0.8381953125000001 0.20365625 0.880753125 0.20843906250000002 0.9574140625 0.2156578125 1 0.21823437499999998 1 0.205490625
0 0.7671875 0.2345703125 0.7503124999999999 0.2337890625 0.7501562500000001 0.2396484375 0.7670312499999999 0.2400390625 0.7671875 0.2345703125
0 0.45890624999999996 0.25703125 0.41171875 0.259765625 0.41140625000000003 0.2654296875 0.45921874999999995 0.2625 0.45890624999999996 0.25703125
0 0.5251109375 0.25127968749999996 0.5429906250000001 0.24564218750000003 0.5421875 0.2408203125 0.525 0.245703125 0.4985328125 0.25127968749999996 0.46873437500000004 0.25691875 0.46890625 0.26171875 0.50546875 0.2552734375 0.5251109375 0.25127968749999996
0 0.598125 0.23046875 0.61640625 0.2224609375 0.6212500000000001 0.220703125 0.61953125 0.215234375 0.59578125 0.22578125 0.598125 0.23046875
0 0.38609375 0.248828125 0.37265625 0.2568359375 0.37374999999999997 0.262109375 0.3878125 0.253125 0.38609375 0.248828125