0 0.596615625 0.3310875 0.6760109375 0.3409703125 0.7557359375 0.346325 0.756065625 0.3413828125 0.7320156250000001 0.33973437500000003 0.6750234374999999 0.3352046875 0.6038640625 0.32738125 0.4888890625 0.31132031250000003 0.4879015625 0.3166734375 0.596615625 0.3310875
0 0.726415625 0.281259375 0.6526203125000001 0.269728125 0.6499859375 0.2767296875 0.7254265625 0.288259375 0.726415625 0.281259375
0 0.6564390625 0.2082203125 0.655 0.2146484375 0.7575000000000001 0.2298828125 0.8239812499999999 0.23725468749999998 0.8231359375 0.2309171875 0.7535796875 0.222821875 0.6564390625 0.2082203125
0 0.7652453125 0.212734375 0.6564390625 0.1982921875 0.6564390625 0.20551406249999998 0.7625968750000001 0.2193546875 0.8369781250000001 0.22898437500000002 0.8364062499999999 0.2220703125 0.7652453125 0.212734375
0 0.067578125 0.22800625000000002 0.0008234375000000001 0.21049375 0 0.21681093749999997 0.047240625 0.2293765625 0.1593296875 0.2554765625 0.15850625000000002 0.24860937500000002 0.067578125 0.22800625000000002
0 0.26280312499999997 0.269925 0.165084375 0.2496234375 0.165084375 0.2562796875 0.2766484375 0.278578125 0.3354921875 0.2905609375 0.3362734375 0.284803125 0.26280312499999997 0.269925
0 0.216034375 0.19291562499999998 0.17645312500000002 0.1866796875 0.17645312500000002 0.19187656250000001 0.2162 0.19790625 0.216034375 0.19291562499999998
0 0.3152484375 0.2146515625 0.280003125 0.20731093750000001 0.2803953125 0.2126953125 0.314465625 0.2188140625 0.3152484375 0.2146515625
0 0.4423265625 0.23815 0.3937671875 0.228115625 0.393375 0.23349999999999999 0.4431109375 0.2430453125 0.4423265625 0.23815
0 0.37908125 0.225178125 0.3428578125 0.2188140625 0.3414875 0.22444375 0.3782984375 0.23031875 0.37908125 0.225178125
0 0.1433296875 0.10182031250000001 0.127078125 0.09814843749999999 0.12629531249999998 0.10304374999999999 0.14274375 0.1067140625 0.1433296875 0.10182031250000001
0 0.217540625 0.1184625 0.152925 0.102309375 0.1535125 0.108671875 0.21793281250000002 0.12482656249999999 0.217540625 0.1184625
0 0.1503796875 0.0966796875 0.21871562500000002 0.112834375 0.21949999999999997 0.111121875 0.2208703125 0.106959375 0.1503796875 0.0900703125 0.1503796875 0.0966796875
0 0.4820875 0.1832578125 0.5829984375 0.2011078125 0.58395 0.1965859375 0.541871875 0.18849375 0.4251578125 0.1654078125 0.308825 0.1394671875 0.308778125 0.146571875 0.382665625 0.1617640625 0.4820875 0.1832578125
0 0.5225953125 0.17951250000000002 0.562759375 0.1871 0.6019890625000001 0.193521875 0.6045578125 0.1888515625 0.5571546875 0.18038749999999998 0.44226875000000004 0.1564515625 0.3350875 0.1336859375 0.3033296875 0.1272640625 0.3028625 0.132809375 0.38295625 0.1497375 0.43970000000000004 0.16258125 0.5225953125 0.17951250000000002