0 0 0.34305625 0.200884375 0.345240625 0.20127343749999999 0.3389328125 0 0.33569375 0 0.34305625
0 0.2092 0.345725 0.3507328125 0.3445078125 0.41904375 0.342571875 0.5242828125 0.33930781250000003 0.52479375 0.3324875 0.508521875 0.33273593749999997 0.438934375 0.33449375 0.3810015625 0.33699218750000004 0.214278125 0.3389328125 0.207484375 0.338446875 0.2070953125 0.34475625 0.2092 0.345725
1 0.22140624999999997 0.304296875 0.2046875 0.3048828125 0.18687499999999999 0.3052734375 0.186503125 0.3124171875 0.20046875000000003 0.3146484375 0.20125 0.3705078125 0.19640625 0.371875 0.19624999999999998 0.3767578125 0.2015625 0.3798828125 0.20155625000000002 0.390915625 0.20249375 0.449553125 0.20249375 0.48414843750000003 0.2087484375 0.4835625 0.20890468750000002 0.47105312499999996 0.20750000000000002 0.3783203125 0.2128125 0.3775390625 0.2125 0.372265625 0.20890625 0.370703125 0.20750000000000002 0.314453125 0.2102734375 0.31435625 0.2209375 0.3119140625 0.221015625 0.3082515625 0.22140624999999997 0.304296875
0 0 0.2102796875 0.052853125 0.24862968749999997 0.14418906250000002 0.295565625 0.1892265625 0.31111093749999996 0.1898984375 0.30564843750000004 0.1690609375 0.297665625 0.14453125 0.2861328125 0.082009375 0.2514515625 0.0147890625 0.2018765625 0 0.1901125 0 0.19774687500000002 0.0585640625 0.2447359375 0 0.2024453125 0 0.2102796875
0 0 0.1809640625 0.026214062500000003 0.20104843749999998 0.0697 0.2352734375 0.1323859375 0.2748125 0.1903625 0.30459375 0.195403125 0.299971875 0.1392734375 0.2667828125 0.0881859375 0.2302296875 0.028359375 0.17939687499999998 0 0.154296875 0 0.162890625 0.021249999999999998 0.1826171875 0.099953125 0.24903749999999997 0.0621265625 0.21936874999999997 0 0.1712890625 0 0.1809640625
0 0.1362734375 0.2026859375 0.29360624999999996 0.22102343750000003 0.373196875 0.2283578125 0.5099921875 0.2462359375 0.551734375 0.2523359375 0.5523546875 0.24674374999999998 0.412053125 0.2255109375 0.3565375 0.2181078125 0.302678125 0.21309999999999998 0.1645234375 0.1971015625 0.061320312499999995 0.18687343750000002 0.0444453125 0.18538593750000001 0.044790625 0.1931171875 0.1362734375 0.2026859375
1 0.55969375 0.24263125 0.5589484375 0.48775625 0.5676140625 0.4871546875 0.564834375 0.2423734375 0.55969375 0.24263125
1 0.4866125 0.42316562500000005 0.48676875 0.36941562499999997 0.48113906249999994 0.36961093749999996 0.48113906249999994 0.422775 0.4866125 0.42316562500000005
1 0.2815625 0.3505859375 0.281875 0.36640625 0.288125 0.3662109375 0.2884375 0.3759765625 0.27921874999999996 0.37578125 0.27890625 0.3826171875 0.2884375 0.3828125 0.288125 0.4546875 0.29328125 0.4537109375 0.2934375 0.3849609375 0.30062500000000003 0.38515625 0.30109375 0.3759765625 0.29359375 0.3755859375 0.294375 0.3666015625 0.30203125000000003 0.366015625 0.30140625 0.3509765625 0.2815625 0.3505859375
1 0.3365625 0.37109375 0.33718750000000003 0.3666015625 0.32 0.36640625 0.3203125 0.3720703125 0.32484375 0.3724609375 0.3246875 0.3849609375 0.31765625000000003 0.38515625 0.31765625000000003 0.3880859375 0.3178125 0.391796875 0.3259375 0.3921875 0.3259375 0.4345703125 0.33203125 0.434375 0.33109375 0.392578125 0.338125 0.3921875 0.33765625 0.383984375 0.33734375 0.3841796875 0.336875 0.3841796875 0.33218749999999997 0.383984375 0.33187500000000003 0.371484375 0.3365625 0.37109375
1 0.44953125 0.4470703125 0.449375 0.4046875 0.44437499999999996 0.4044921875 0.44406249999999997 0.4478515625 0.44953125 0.4470703125