1 0.15234375 0.17700156250000001 0.15074375 0.44349531249999996 0.16194375 0.44685625 0.162109375 0.384521875 0.1648671875 0.11807812499999999 0.1535453125 0.11763593750000001 0.15234375 0.17700156250000001
0 0.359240625 0.278103125 0.395971875 0.28150624999999996 0.46667812499999994 0.2881765625 0.586871875 0.29740781250000003 0.5883609375 0.29324062500000003 0.586096875 0.29154375 0.48950781250000003 0.2834203125 0.3784375 0.2728515625 0.2791078125 0.261553125 0.2765734375 0.2672953125 0.2828125 0.26796875 0.29828125 0.270703125 0.359240625 0.278103125
0 0 0.174609375 0.0474703125 0.1956828125 0.15265625 0.2349609375 0.152384375 0.2266265625 0.0693390625 0.1956828125 0 0.16723593750000001 0 0.174609375
0 0 0.2260203125 0.0488921875 0.2380421875 0.05764375000000001 0.24065781249999998 0.152009375 0.248753125 0.1524515625 0.2415828125 0.078 0.2356640625 0.0536484375 0.232571875 0 0.21949375 0 0.2260203125
0 0.033203125 0.17700156250000001 0.038137500000000005 0.18134999999999998 0.08694062500000001 0.1613484375 0.0512046875 0.182684375 0.0528046875 0.18935 0.1434375 0.133203125 0.134375 0.1291015625 0.033203125 0.17700156250000001
0 0.004121875 0.216415625 0.0445953125 0.1958046875 0.0382234375 0.192059375 0 0.2107953125 0.0028109375 0.21688437500000002 0.004121875 0.216415625
0 0 0.198859375 0.0194625 0.1843890625 0.013490625000000001 0.1817515625 0 0.192059375 0 0.198859375
0 0.46265 0.1849609375 0.4112875 0.1742109375 0.41116875 0.1822421875 0.43684687499999997 0.1870984375 0.45062499999999994 0.18984375 0.46109375 0.1919921875 0.46265 0.1849609375
0 0.6929390625 0.304421875 0.8221234374999999 0.30703749999999996 0.8915734375 0.3058484375 0.8919546875 0.2982390625 0.74659375 0.2982390625 0.6385234375 0.2968109375 0.63814375 0.304421875 0.6929390625 0.304421875
0 0.46199218750000004 0.2261609375 0.37494218749999997 0.23090000000000002 0.3738046875 0.236353125 0.4627515625 0.2330359375 0.46199218750000004 0.2261609375
0 0.3745625 0.2453625 0.462371875 0.24228125 0.46199218750000004 0.2358796875 0.37399375 0.239909375 0.37437343749999996 0.244178125 0.3745625 0.2453625
0 0.45990624999999996 0.24820625000000002 0.374753125 0.24986718749999998 0.3736140625 0.25555625000000004 0.461803125 0.25555625000000004 0.45990624999999996 0.24820625000000002
0 0.451528125 0.271484375 0.46020000000000005 0.2700390625 0.4598140625 0.266425 0.4000734375 0.267871875 0.40199999999999997 0.2729296875 0.451528125 0.271484375
0 0.3754265625 0.264321875 0.46222343749999995 0.262315625 0.46109999999999995 0.25630000000000003 0.375265625 0.25810625 0.374784375 0.26452343749999996 0.3754265625 0.264321875
0 0.7805609375 0.28112499999999996 0.7014750000000001 0.279065625 0.7018859375 0.2860171875 0.7807671875 0.2862734375 0.7805609375 0.28112499999999996
0 0.7057640625 0.27692031250000004 0.7833578125 0.2780421875 0.78515625 0.271296875 0.7071140625 0.270734375 0.7057640625 0.27692031250000004
0 0.72555625 0.239871875 0.7280296875000001 0.2401515625 0.7334375 0.240625 0.8220421874999999 0.24296250000000003 0.8213671874999999 0.23677968749999997 0.72623125 0.2356546875 0.72555625 0.239871875
0 0.7991015625 0.2639859375 0.7134109375000001 0.2625828125 0.7136359375 0.269046875 0.7997765625000001 0.26932812500000003 0.7991015625 0.2639859375
0 0.8056234375000001 0.255834375 0.7145312500000001 0.2529296875 0.7138609375 0.2589265625 0.8047234375000001 0.2614578125 0.8056234375000001 0.255834375
0 0.8190625 0.24609375 0.7203828125 0.2431828125 0.717459375 0.24964843750000001 0.81796875 0.2517578125 0.8190625 0.24609375
0 0 0.064684375 0.025682812500000003 0.0789515625 0.06354062499999999 0.09964062500000001 0.10406249999999999 0.11842656250000001 0.1240390625 0.12817499999999998 0.1392578125 0.13198125 0.1542875 0.1331703125 0.15371718750000002 0.12675 0.1404 0.1262734375 0.1219453125 0.12056562500000001 0.061068750000000005 0.09060312499999999 0 0.058499999999999996 0 0.064684375