1 0.7017187500000001 0.02265625 0.68828125 0.023046875 0.68796875 0 0.66734375 0.0037109375 0.6678124999999999 0.0091796875 0.6799999999999999 0.012890625 0.68125 0.0400390625 0.6676562500000001 0.04453125 0.66859375 0.053125 0.68125 0.0537109375 0.68453125 0.163671875 0.67265625 0.1638671875 0.67234375 0.155078125 0.66578125 0.155078125 0.665 0.1576171875 0.66515625 0.1650390625 0.66484375 0.2017578125 0.6654687499999999 0.210546875 0.68640625 0.2158203125 0.686875 0.2306640625 0.6917187499999999 0.4591796875 0.7 0.4599609375 0.6984375 0.2158203125 0.71421875 0.2109375 0.7140625 0.1630859375 0.71015625 0.15625 0.705 0.15625 0.69921875 0.16015625 0.6953125 0.1513671875 0.68921875 0.0328125 0.7003125 0.0318359375 0.7017187500000001 0.02265625
1 0.553125 0.3193359375 0.50703125 0.298828125 0.4815625 0.2962890625 0.4715625 0.298828125 0.4728125 0.3052734375 0.50546875 0.3046875 0.5453125 0.3251953125 0.55 0.446875 0.55796875 0.445703125 0.553125 0.3193359375
0 0.9175437499999999 0 0.8657812500000001 0.0560546875 0.79609375 0.126953125 0.7628125 0.1556640625 0.7498437499999999 0.1671875 0.71390625 0.1921875 0.7153125 0.1994140625 0.75125 0.1748046875 0.76953125 0.1591796875 0.8115625 0.1232421875 0.8806687500000001 0.050879687500000007 0.92578125 0 0.9175437499999999 0
1 0.5888671875 0.25146562499999997 0.58140625 0.254296875 0.5821875000000001 0.2607421875 0.587890625 0.2648921875 0.587890625 0.2746578125 0.5823437499999999 0.27578125 0.5821875000000001 0.2818359375 0.584375 0.2826171875 0.587890625 0.2819828125 0.58984375 0.33569375 0.5790625 0.3333984375 0.5790625 0.340234375 0.57984375 0.3560546875 0.5815625 0.366796875 0.591796875 0.37475625 0.5935937499999999 0.465625 0.5990624999999999 0.4666015625 0.59875 0.4619140625 0.59765625 0.3698734375 0.6078125 0.365625 0.6059375 0.333984375 0.59703125 0.33515625 0.595 0.2740234375 0.600625 0.2720703125 0.6012500000000001 0.2640625 0.595 0.26484375 0.59375 0.2526859375 0.5888671875 0.25146562499999997
1 0.560546875 0.29663125 0.560546875 0.338134375 0.5625 0.3405765625 0.560625 0.4404296875 0.56640625 0.4406734375 0.5739062500000001 0.439453125 0.57421875 0.4016109375 0.5734375 0.3896484375 0.568359375 0.3869625 0.56640625 0.2917484375 0.5625 0.2722171875 0.5576171875 0.27099687499999997 0.552734375 0.2771 0.552734375 0.28930625 0.560546875 0.29663125
1 0.52734375 0.3625484375 0.52734375 0.377196875 0.529296875 0.3796390625 0.529296875 0.4016109375 0.5322265625 0.4052734375 0.53515625 0.404053125 0.537109375 0.4016109375 0.537109375 0.396728125 0.53515625 0.3942875 0.53515625 0.3601078125 0.533203125 0.357665625 0.533203125 0.3527828125 0.5283203125 0.3515625 0.525390625 0.355225 0.525390625 0.3601078125 0.52734375 0.3625484375
0 0.858359375 0.228303125 0.9520171875000001 0.168878125 0.999759375 0.135865625 1 0.1289328125 0.9650187499999999 0.152625 0.9032578125 0.19351093749999998 0.84535625 0.22957187499999998 0.7984265625 0.25801562499999997 0.8039125 0.262840625 0.858359375 0.228303125
0 1 0.07718749999999999 0.9534390625 0.113015625 0.8975687499999999 0.15618749999999998 0.82361875 0.21332656249999998 0.7797359375 0.243546875 0.7819703125 0.249634375 0.822603125 0.22119375 0.8955375 0.1663375 0.9668468750000001 0.111484375 1 0.0838109375 1 0.07718749999999999
0 0.7147234375 0.1711640625 0.7155359375 0.17700312499999998 0.7482453125 0.15186249999999998 0.77546875 0.128246875 0.8108187499999999 0.0924390625 0.8512718749999999 0.0493546875 0.89188125 0.0007609375 0.8851765625000001 0 0.8644546875 0.023364062499999998 0.822603125 0.071615625 0.776484375 0.1193578125 0.7147234375 0.1711640625
0 0.8423437500000001 0 0.8163046875 0.034282812499999996 0.7489250000000001 0.1081234375 0.7029687499999999 0.154296875 0.705175 0.15759218749999998 0.7530984375 0.11375781250000001 0.7517640625 0.11730624999999999 0.7103515625 0.1582171875 0.7138578125 0.164271875 0.7525125 0.12596093749999998 0.7998484375 0.0774546875 0.8666890625000001 0 0.859578125 0 0.7994421875 0.06932812499999999 0.8305265625 0.026920312499999998 0.8506390625 0 0.8429187499999999 0 0.8423437500000001 0
0 0.81484375 0 0.775 0.05566093749999999 0.7278125 0.11542656250000001 0.69578125 0.152584375 0.696875 0.156640625 0.7301562500000001 0.1220703125 0.7654687499999999 0.078515625 0.81078125 0.017575 0.8228125000000001 0 0.81484375 0
0 0.7915625000000001 0 0.75171875 0.0562765625 0.6939062500000001 0.13108124999999998 0.6940625 0.13813124999999998 0.7301562500000001 0.0953578125 0.7634375 0.05063125 0.79921875 0 0.7915625000000001 0
0 0.6950000000000001 0.0326171875 0.6903125 0.0529296875 0.6921875 0.0619140625 0.6995312499999999 0.0326171875 0.6950000000000001 0.0326171875
0 0.7184375000000001 0 0.69828125 0.02265625 0.7017187500000001 0.02734375 0.7251562500000001 0.0001953125 0.7184375000000001 0
0 0.7040625 0 0.688125 0.018359375 0.6909375 0.0236328125 0.7103125 0.0001953125 0.7040625 0
0 0.67125 0.0117125 0.66609375 0.0099546875 0.646875 0.0880875 0.6365624999999999 0.13105625 0.62015625 0.1830078125 0.6068749999999999 0.218359375 0.5979687499999999 0.23688906250000002 0.5878125 0.251171875 0.5934375000000001 0.252328125 0.60328125 0.23865625000000001 0.61328125 0.214828125 0.6251562500000001 0.184359375 0.639375 0.13846875 0.65390625 0.0830015625 0.6590625 0.0599609375 0.661875 0.0484375 0.67125 0.0117125
0 0.6720312500000001 0.05273124999999999 0.6665625000000001 0.0521453125 0.65453125 0.0998046875 0.63109375 0.1810546875 0.6196875000000001 0.2142578125 0.60828125 0.2421875 0.59703125 0.2638671875 0.60109375 0.265209375 0.60421875 0.2607171875 0.61421875 0.2400140625 0.62625 0.21228281249999997 0.63765625 0.17675000000000002 0.65296875 0.1251859375 0.66171875 0.09062187499999999 0.6717187499999999 0.055078125 0.6720312500000001 0.05273124999999999
0 0.63125 0.2220703125 0.6190625 0.2447265625 0.6107812499999999 0.25546875 0.6012500000000001 0.26484375 0.6018749999999999 0.26953125 0.6109375 0.2634765625 0.62453125 0.2453125 0.640625 0.212109375 0.65421875 0.176953125 0.673125 0.12285312500000001 0.68140625 0.09531406249999999 0.67796875 0.090040625 0.6646875 0.13261875 0.6465625 0.1847671875 0.63125 0.2220703125
0 0.683125 0.138671875 0.6704687500000001 0.1541015625 0.67296875 0.159375 0.68359375 0.145703125 0.683125 0.138671875
0 0.603125 0.313665625 0.59671875 0.32186875000000004 0.5973437500000001 0.328515625 0.60734375 0.3169921875 0.6178125 0.2970703125 0.6390625 0.24941093749999999 0.653125 0.21132499999999999 0.666875 0.1724578125 0.6625 0.171090625 0.64953125 0.20702812499999998 0.63046875 0.25663749999999996 0.610625 0.3009703125 0.603125 0.313665625
0 0.60265625 0.333196875 0.6153125 0.3165953125 0.63015625 0.28671250000000004 0.64953125 0.24120468750000001 0.66703125 0.1923859375 0.663125 0.1918 0.65453125 0.21328437500000003 0.63578125 0.2626984375 0.6140625 0.3091828125 0.5996875 0.3308625 0.60265625 0.333196875
0 0.678125 0.21523750000000003 0.6732812499999999 0.2126984375 0.66171875 0.24062812500000003 0.6370312499999999 0.2927765625 0.6578125 0.23984687500000001 0.6678124999999999 0.21152656250000001 0.6639062499999999 0.207815625 0.64546875 0.2558625 0.62765625 0.2978546875 0.618125 0.318753125 0.60625 0.333596875 0.6078125 0.33945625 0.63078125 0.3193390625 0.65578125 0.2818359375 0.6765625 0.23945625 0.68546875 0.22168281250000002 0.68140625 0.21836250000000001 0.67015625 0.24219062500000002 0.6515625 0.278128125 0.64265625 0.29258125 0.65734375 0.26191718750000004 0.678125 0.21523750000000003
0 0.6334375 0.3212890625 0.6174999999999999 0.3380859375 0.60640625 0.344921875 0.6075 0.3490234375 0.62203125 0.340625 0.63484375 0.3271484375 0.65 0.3052734375 0.67125 0.2671875 0.68640625 0.235546875 0.6849999999999999 0.2302734375 0.6717187499999999 0.256640625 0.65859375 0.2814453125 0.6498437499999999 0.2982421875 0.6334375 0.3212890625
0 0.63390625 0.3419921875 0.6465625 0.32578125 0.6671875 0.2939453125 0.68125 0.263671875 0.67875 0.2580078125 0.66796875 0.2806640625 0.6471875 0.315625 0.63015625 0.3373046875 0.6185937499999999 0.3484375 0.609375 0.3541015625 0.61140625 0.359375 0.623125 0.35234375 0.63390625 0.3419921875
0 0.6778125 0.2904296875 0.68828125 0.269140625 0.68515625 0.2646484375 0.6599999999999999 0.315234375 0.63875 0.3521484375 0.62890625 0.36640625 0.63375 0.3693359375 0.63875 0.3619140625 0.6526562499999999 0.3392578125 0.666875 0.312890625 0.6778125 0.2904296875
0 0.58125 0.2603515625 0.56703125 0.30234375 0.5689062500000001 0.31171875 0.58390625 0.2658203125 0.58125 0.2603515625
0 0.57734375 0.3056640625 0.585 0.2828125 0.58140625 0.2798828125 0.5667187499999999 0.322265625 0.5703125 0.3265625 0.57734375 0.3056640625
0 0.58671875 0.2970703125 0.56828125 0.333203125 0.5721875 0.3373046875 0.58828125 0.30546875 0.58671875 0.2970703125