1 0.652540625 0 0.654296875 0.12084999999999999 0.667465625 0.44423593749999996 0.669921875 0.64819375 0.67161875 0.660790625 0.71374375 0.663015625 0.712890625 0.5944828125 0.7031171875 0.3043796875 0.695715625 0.0153015625 0.69549375 0 0.652540625 0
1 0.5888671875 0.3173828125 0.590890625 0.3057390625 0.5433734375 0.304946875 0.5431140625 0.31406093749999997 0.556640625 0.3210453125 0.5581750000000001 0.3469125 0.56809375 0.3482328125 0.571528125 0.3165875 0.5888671875 0.3173828125
0 0.060546875 0.09399375 0.1915984375 0.020209374999999998 0.22491093750000002 0.0000640625 0.2148484375 0 0.0546875 0.091553125 0.060546875 0.09399375
0 0.3227140625 0 0.22586093749999997 0.05883437500000001 0.20593124999999998 0.0712875 0.137646875 0.111890625 0 0.191059375 0 0.1997734375 0.14644531249999998 0.115790625 0.337759375 0 0.3227140625 0
0 0.16015625 0.13061562499999999 0.2870265625 0.0572203125 0.376953125 0.0012203125 0.3623046875 0 0.2685375 0.05805625 0.178859375 0.111059375 0.16205624999999999 0.12009218749999999 0.1518953125 0.12668593749999998 0 0.2106921875 0.00016875 0.218721875 0.16015625 0.13061562499999999
0 0.5380859375 0 0.541015625 0.3015140625 0.546875 0.3039546875 0.54393125 0.0097359375 0.544046875 0 0.5380859375 0
0 0.6028359375 0 0.5825046875 0.1840921875 0.5800500000000001 0.2017859375 0.5715765625 0.2749171875 0.5689328125 0.304171875 0.573653125 0.305115625 0.590446875 0.18527968749999998 0.6083984375 0 0.6028359375 0
0 0.5316578125 0.33846875 0.5457171875 0.330984375 0.5558859375 0.32440625 0.5546875 0.3210453125 0.5531484375 0.31787187499999997 0.5302734375 0.32959062499999997 0.486328125 0.3527828125 0.4912109375 0.35888749999999997 0.512328125 0.348859375 0.5316578125 0.33846875
0 0.6333140625 0 0.6167078125 0.2871 0.6211578125 0.2861 0.624496875 0.286821875 0.625165625 0.28014375 0.633621875 0.1777671875 0.6441109375 0 0.6333140625 0
0 0.6176328125 0 0.6002515625 0.158240625 0.5940218749999999 0.2160328125 0.5798625000000001 0.3028453125 0.5853375 0.3044984375 0.598740625 0.2327765625 0.5862171875 0.346078125 0.5906687500000001 0.345521875 0.613025 0.173696875 0.6298828125 0 0.6176328125 0
0 0.6064875 0.3194 0.5980125000000001 0.35418125 0.60298125 0.3578515625 0.611328125 0.3234859375 0.6064875 0.3194
0 0.5991265625 0.30713124999999997 0.6184171875 0.23737499999999997 0.6184890625 0.218384375 0.6066921875 0.26039218750000004 0.595565625 0.30212343750000004 0.5991265625 0.30713124999999997
0 0.9640531250000001 0 0.9760500000000001 0.0303328125 0.9895468749999999 0.067603125 0.995590625 0.0670953125 0.9828187500000001 0.0339078125 0.968965625 0 0.9640531250000001 0
0 0 0.02986875 0.034421875000000005 0.0003578125 0.0264125 0 0 0.0230640625 0 0.02986875
0 0 0.009459375 0.0248484375 0.00304375 0.022309375 0 0 0.0047515625 0 0.009459375
0 0.7403703125 0.344046875 0.74484375 0.3416015625 0.7251125 0.3302453125 0.705440625 0.31965 0.7044312500000001 0.3247265625 0.73033125 0.3395296875 0.7403703125 0.344046875
0 0.8012062500000001 0.351321875 0.7741015625000001 0.35057031250000004 0.7745031250000001 0.3550859375 0.801925 0.35552656250000003 0.8012062500000001 0.351321875
0 0.7449890625 0.345803125 0.7080453125 0.3395296875 0.708446875 0.3453015625 0.7456234375 0.3497328125 0.7449890625 0.345803125
0 0.9867828125000001 0.25082031250000003 0.9907140625 0.2466640625 0.9670234375 0.2195234375 0.8951578124999999 0.134646875 0.8429500000000001 0.07185 0.813015625 0.033728125 0.82299375 0.0568859375 0.9062140624999999 0.1578390625 0.96346875 0.2242109375 0.9867828125000001 0.25082031250000003
0 0.767390625 0 0.8130046875 0.0901328125 0.9022375 0.2706703125 0.94053125 0.3449328125 0.9495625000000001 0.3426359375 0.8953953125 0.23635781250000001 0.8195625 0.0814390625 0.7776546875 0 0.767390625 0
0 0.7850765625 0 0.9028171875 0.24495781249999998 0.9521375000000001 0.34364531249999997 0.9646812499999999 0.3443578125 0.863475 0.13475781250000002 0.794440625 0 0.7850765625 0
0 0.648534375 0.0523 0.6366421875 0.1207875 0.63844375 0.13168437500000002 0.6507765625 0.064209375 0.648534375 0.0523