1 0.8369140625 0 0.83984375 0.5480953125 0.84006875 0.585340625 0.8486328125 0.5859375 0.8638562500000001 0.5902953125 0.865234375 0.5285640625 0.8671875 0.4699703125 0.8612140625 0.013765625 0.8612140625 0 0.8369140625 0
1 0.50828125 0.1162109375 0.5131015624999999 0.3857171875 0.520478125 0.387625 0.5199078125 0.264125 0.538203125 0.26211562499999996 0.5373984375 0.255078125 0.520309375 0.2555796875 0.5193046875 0.22265937500000002 0.540815625 0.2231625 0.540615625 0.215121875 0.5190625 0.214453125 0.5171875 0.1171875 0.50828125 0.1162109375
1 0.5553296875 0.155178125 0.5476984375 0.155178125 0.5484375 0.2146484375 0.5548437500000001 0.21328125 0.5553296875 0.155178125
1 0.49609375 0.267334375 0.4990234375 0.263671875 0.5049125 0.2640734375 0.512240625 0.2636265625 0.5125968750000001 0.2571484375 0.4990234375 0.2587890625 0.49609375 0.2551265625 0.49609375 0.22338906249999999 0.5102734375 0.22162500000000002 0.5093796875 0.21738125 0.4951171875 0.2099609375 0.4912109375 0.21240312499999997 0.4795328125 0.2122421875 0.477209375 0.2082203125 0.4722046875 0.2093375 0.47265625 0.21362343749999999 0.47328125 0.217578125 0.4833984375 0.21728593749999997 0.490234375 0.22582968750000001 0.490078125 0.25804062499999997 0.4756 0.25804062499999997 0.47386718749999995 0.2578421875 0.4742703125 0.264125 0.48650312500000004 0.26474375 0.490234375 0.267334375 0.490234375 0.279540625 0.47524218749999997 0.2794890625 0.4759578125 0.28753125 0.490234375 0.28930625 0.49079218750000003 0.30518125 0.46703124999999995 0.30625 0.46809375 0.313446875 0.48918437499999995 0.315234375 0.490234375 0.3601078125 0.4931640625 0.36377031249999997 0.49609375 0.3625484375 0.498046875 0.3601078125 0.4977625 0.3147890625 0.5125968750000001 0.3125546875 0.511525 0.30853281250000003 0.4977625 0.30786250000000004 0.4977625 0.28753125 0.511525 0.2868609375 0.5109890625 0.2823921875 0.4974046875 0.2832875 0.49609375 0.267334375
1 0.466796875 0.32836875 0.474609375 0.33569375 0.474609375 0.3601078125 0.4775390625 0.3662109375 0.48046875 0.364990625 0.482421875 0.3625484375 0.482421875 0.338134375 0.48351718750000006 0.33273281250000003 0.4893484375 0.331225 0.48995156250000005 0.32645 0.4814453125 0.322265625 0.4775390625 0.322265625 0.4755859375 0.32470781249999997 0.465625 0.32418749999999996 0.466796875 0.32836875
0 0.8201390625 0 0.79215 0.13927499999999998 0.7463921874999999 0.347615625 0.7080421875 0.5192249999999999 0.713703125 0.522134375 0.740553125 0.40830312500000004 0.7852750000000001 0.1991484375 0.8277328125000001 0 0.8201390625 0
0 0.741475 0.0833515625 0.772203125 0.042634375 0.8017031250000001 0.000384375 0.79525 0 0.7657499999999999 0.0387953125 0.6769453125 0.1594046875 0.6108796875 0.234303125 0.614875 0.23814375000000002 0.6434515625 0.20511093749999998 0.6738734375 0.17131093749999998 0.7027578125 0.13482031249999998 0.741475 0.0833515625
0 0.7569609374999999 0 0.73200625 0.0449703125 0.695759375 0.10505625 0.6664625 0.1478859375 0.6361328125 0.189765625 0.618103125 0.21373437499999998 0.6043499999999999 0.2305625 0.5950015625 0.24126093750000002 0.585934375 0.248278125 0.5523421875000001 0.2729171875 0.55365625 0.278171875 0.5641625 0.271203125 0.59358125 0.2501921875 0.6198484375 0.221296875 0.6554515624999999 0.1737953125 0.7099421875 0.0942328125 0.7393609375 0.0446546875 0.7637890625 0 0.7569609374999999 0
0 0.7383484375 0 0.696275 0.07875 0.6411515624999999 0.1691875 0.6258781250000001 0.1906328125 0.60515 0.2177421875 0.587684375 0.235734375 0.5911390625 0.23981406249999998 0.598625 0.2323765625 0.6137875 0.2148625 0.6243640625 0.2005234375 0.6548046875 0.159153125 0.68675625 0.106328125 0.7269125 0.03454375 0.7456421875 0 0.7383484375 0
0 0.515590625 0.035465625 0.5802265625 0.078928125 0.584065625 0.074928125 0.4727140625 0 0.465034375 0.0010656250000000002 0.515590625 0.035465625
0 0.37859375 0 0.37089062500000003 0.0018234375 0.45969218749999996 0.0533359375 0.5452125 0.10120156250000001 0.5490421875 0.0966421875 0.47865624999999995 0.0572109375 0.37859375 0
0 0.3762265625 0.25043906250000003 0.41044843750000004 0.2325703125 0.40625 0.2283203125 0.3798453125 0.24221875 0.3361953125 0.2648984375 0.2987078125 0.2741 0.2995515625 0.2791390625 0.331825 0.27318125000000004 0.3762265625 0.25043906250000003
0 0.480765625 0.1855140625 0.49907031249999995 0.16756875 0.50546875 0.16015625 0.508221875 0.1556796875 0.50355625 0.1525390625 0.49189218749999997 0.16756875 0.48040625 0.1785609375 0.45725625000000003 0.19516093750000002 0.4595890625 0.199646875 0.480765625 0.1855140625
0 0.32109375 0.071875 0.34671875 0.098859375 0.40046875000000004 0.1544921875 0.43562500000000004 0.186328125 0.4394984375 0.18141093749999998 0.3928390625 0.13699375 0.3205171875 0.0613984375 0.3131609375 0.0522015625 0.38890625 0.1080078125 0.44488125 0.1473125 0.48525937499999994 0.17333437499999998 0.48902812500000004 0.1688484375 0.45744375000000004 0.147365625 0.385584375 0.09713125 0.314159375 0.0471078125 0.283471875 0.021984375 0.26437499999999997 0 0.2620140625 0.00014375 0.2627328125 0.0070999999999999995 0.24963281249999997 0.00014375 0.24640625 0.001953125 0.2736796875 0.024371875 0.28312499999999996 0.0322265625 0.29664999999999997 0.0447859375 0.313125 0.0638671875 0.32109375 0.071875
0 0.17578125 0 0.17921875 0.0080078125 0.19375 0.0197265625 0.20074843750000002 0.027187499999999996 0.23500000000000001 0.0650390625 0.28331093749999997 0.11282343749999998 0.33189531250000004 0.1583828125 0.40158281249999994 0.22400781250000001 0.45689531250000004 0.27146875000000004 0.4611140625 0.266 0.4165828125 0.2279671875 0.3537703125 0.1693734375 0.33765625 0.1525390625 0.36095781250000003 0.1728890625 0.38734375 0.1943359375 0.4173640625 0.216834375 0.4629890625 0.248865625 0.4665828125 0.2435921875 0.41609375000000004 0.208203125 0.38671875 0.1853515625 0.3732671875 0.174725 0.29740781250000003 0.10606875 0.25053281250000003 0.06075625 0.3243984375 0.11538124999999999 0.36343749999999997 0.148828125 0.37421875 0.16015625 0.40546875 0.1890625 0.458125 0.2326171875 0.46839531250000005 0.24121406250000002 0.4698015625 0.24160468750000003 0.4729265625 0.23672187500000003 0.42328124999999994 0.1935546875 0.384453125 0.1589953125 0.4378125 0.19375 0.46882812500000004 0.21309687500000002 0.47093749999999995 0.2060546875 0.44890625 0.1927734375 0.408815625 0.16729687499999998 0.377721875 0.1495234375 0.341628125 0.11866406249999999 0.3290625 0.105859375 0.3134375 0.090625 0.26953125 0.0439453125 0.22718750000000001 0 0.2219984375 0.00042968750000000006 0.23481093749999998 0.01625 0.2880921875 0.07523437499999999 0.3123109375 0.10121093750000001 0.2616859375 0.059804687499999995 0.22734375 0.033984375 0.1862171875 0 0.17953125 0 0.17578125 0