1 0.468125 0 0.46968750000000004 0.00859375 0.49057812500000003 0.01440625 0.490625 0.0869140625 0.46875 0.0888671875 0.46852968749999996 0.09990625 0.4890625 0.1005859375 0.490625 0.1279296875 0.4703125 0.1279296875 0.46727656250000005 0.13968125 0.4765625 0.1435546875 0.49132968750000006 0.146884375 0.48957656250000003 0.1575328125 0.467778125 0.1597265625 0.4703125 0.1708984375 0.48671875 0.169921875 0.49375 0.1904296875 0.5015625 0.1904296875 0.50703125 0.173828125 0.525 0.1708984375 0.52265625 0.16015625 0.50703125 0.16015625 0.5046875 0.1474609375 0.52109375 0.1484375 0.5265625 0.1396484375 0.52265625 0.12890625 0.503125 0.1279296875 0.5046875 0.1044921875 0.52421875 0.1015625 0.5265625 0.0927734375 0.503125 0.0869140625 0.5 0.0009765625 0.49140625 0 0.468125 0
0 0.63439375 0 0.571875 0.1396484375 0.578125 0.1435546875 0.64140625 0 0.63439375 0
0 0.68984375 0 0.6782812500000001 0.019140625 0.65625 0.0576171875 0.6625 0.0615234375 0.69765625 0 0.68984375 0
0 0.4661203125 0.0417359375 0.44773593749999996 0.192875 0.453125 0.1982421875 0.4757375 0.0110203125 0.47109375 0.01015625 0.46921875 0.0111328125 0.4661203125 0.0417359375
1 0.7646484375 0 0.771484375 0.20141562500000001 0.7734375 0.21606406250000001 0.783203125 0.21850624999999999 0.7977984375 0.21200468749999998 0.7893625 0 0.7646484375 0
0 0.41636875 0.4702046875 0.374640625 0.464875 0.3252984375 0.45573593749999997 0.32499375 0.462590625 0.37981875 0.47172656249999995 0.4160640625 0.47553437499999995 0.41636875 0.47286875000000006 0.41636875 0.4702046875
0 0.2843140625 0.34659375 0.25317500000000004 0.36419375 0.2523625 0.3713 0.287021875 0.35167031249999997 0.2843140625 0.34659375
0 0.2764625 0.3090234375 0.3317 0.291084375 0.33197031250000003 0.2843140625 0.276190625 0.3039453125 0.276190625 0.3063140625 0.2764625 0.3090234375
0 0.3520078125 0.2832984375 0.37715 0.270390625 0.3803640625 0.268275 0.3778265625 0.262990625 0.34603125 0.2803265625 0.3520078125 0.2832984375
0 0.46187500000000004 0.073046875 0.4622140625 0.066678125 0.4183484375 0.0575390625 0.35969687499999997 0.0386078125 0.35157812499999996 0.037021874999999996 0.35275625 0.043378125000000003 0.41591093749999997 0.0636328125 0.4320515625 0.068321875 0.4471484375 0.070490625 0.46187500000000004 0.073046875
0 0.3496609375 0.03636875 0.3931984375 0.0383984375 0.49097187499999995 0.039828125 0.491334375 0.02941875 0.444265625 0.027607812500000002 0.33694999999999997 0.0237890625 0.1955203125 0.0167453125 0.048517187499999996 0.0031671875000000003 0.04815625 0.012671874999999999 0.1628859375 0.0254140625 0.314175 0.034709375 0.3496609375 0.03636875
0 0.490734375 0.024781249999999998 0.490734375 0.01584375 0.3683546875 0.0108109375 0.25566093749999996 0 0.22080937500000003 0.0022265625000000002 0.308125 0.0149359375 0.3714875 0.019009375000000002 0.42431718749999997 0.0227234375 0.432928125 0.023021875 0.490734375 0.024781249999999998
0 0.48568125 0.04295 0.469721875 0.08368125 0.4741546875 0.0861734375 0.48945 0.0490453125 0.48568125 0.04295
0 0.6202109375 0.030795312499999998 0.50061875 0.0304953125 0.501096875 0.039165624999999996 0.6166234375 0.040662500000000004 0.6202109375 0.030795312499999998
0 0.671396875 0.031093749999999996 0.6273875 0.031093749999999996 0.62328125 0.0412109375 0.667659375 0.0413375 0.671396875 0.031093749999999996
0 0.626909375 0.0167421875 0.499421875 0.0152484375 0.5003796875 0.0254140625 0.6223640625 0.0269078125 0.626909375 0.0167421875
0 0.59461875 0.0062796875000000005 0.514375 0 0.512578125 0.002990625 0.5525218749999999 0.008968750000000001 0.591509375 0.01315625 0.6266703125 0.0167421875 0.6292187499999999 0.0109375 0.59461875 0.0062796875000000005
0 0.7121875 0.0193359375 0.6867062500000001 0.0179390625 0.6838359374999999 0.025115625000000003 0.7106234375 0.026609375 0.7121875 0.0193359375
0 0.6355640625000001 0.0119890625 0.6333671875 0.017146875 0.6293 0.0267125 0.6742671875 0.025817187499999998 0.6749859375 0.023721875 0.67859375 0.016015625 0.6355640625000001 0.0119890625
0 0.5463859375 0.0930875 0.5883375 0.10111718750000001 0.590746875 0.0933390625 0.5128640625 0.07728125 0.5084484375 0.0840546875 0.5463859375 0.0930875
0 0.6292875 0.103125 0.599178125 0.09609999999999999 0.595965625 0.10437812500000002 0.6252718749999999 0.11165624999999998 0.6292875 0.103125
0 0.5471890625 0.1395078125 0.5660578125 0.10036562499999999 0.5921515625 0.04115 0.5851265625 0.0408984375 0.5658562500000001 0.08355312499999999 0.5437765625 0.1324828125 0.5265140625 0.1645984375 0.5299265625 0.16961718750000002 0.530528125 0.16936562500000002 0.5471890625 0.1395078125
0 0.526915625 0.1299734375 0.5377546875 0.11918437500000001 0.551203125 0.09785468750000001 0.5670609375 0.071509375 0.5825171874999999 0.0408984375 0.5762937499999999 0.040396875 0.570071875 0.05294375 0.5532109375 0.081796875 0.5345421875 0.11215781250000001 0.523503125 0.126209375 0.526915625 0.1299734375
0 0.5621109375 0.0405375 0.5395609375 0.0820484375 0.5471890625 0.085059375 0.5688015625 0.0420390625 0.5621109375 0.0405375
0 0.5468390624999999 0.0411796875 0.52601875 0.079946875 0.53234375 0.0818359375 0.552159375 0.0420390625 0.5468390624999999 0.0411796875
0 0.5103125000000001 0.0873046875 0.5178125 0.041015625 0.5125 0.040625 0.50515625 0.0857421875 0.5103125000000001 0.0873046875
0 0.5367734375000001 0.09016093750000001 0.514125 0.12435 0.5195265625000001 0.1282703125 0.5439171875000001 0.09364375 0.5367734375000001 0.09016093750000001
0 0.5191859375 0.2920578125 0.5524171875 0.2399734375 0.5963859375 0.17223125 0.5899953124999999 0.17223125 0.5151890625 0.2873234375 0.5191859375 0.2920578125
0 0.624475 0.21047656250000002 0.5890500000000001 0.2579546875 0.555590625 0.296146875 0.53436875 0.317890625 0.53908125 0.3222578125 0.5783406249999999 0.280484375 0.5838265625 0.275259375 0.6205296875 0.2286453125 0.676784375 0.149696875 0.74303125 0.044453124999999996 0.7545875 0.024353125 0.746853125 0.0234625 0.7218859375 0.065665625 0.66483125 0.15394375 0.624475 0.21047656250000002
0 0.57368125 0.3004953125 0.5455015624999999 0.32832812499999997 0.54898125 0.3322421875 0.5785515625000001 0.30484374999999997 0.6248218750000001 0.24961562499999998 0.6637875 0.19873593750000002 0.704490625 0.1435078125 0.7385843750000001 0.0934984375 0.7653734375 0.0560984375 0.7625890625 0.044790625 0.659959375 0.194821875 0.5987296875 0.2709234375 0.57368125 0.3004953125
0 0.551415625 0.34441875 0.6057265625 0.2922109375 0.6676140625 0.213521875 0.7441515625 0.10262968750000001 0.7368453125000001 0.1021953125 0.6721359375 0.1935171875 0.61570625 0.2679796875 0.6076453125 0.2770953125 0.5865328125 0.3010875 0.5496765625 0.3365890625 0.551415625 0.34441875