1 0.134765625 0.50415 0.1376953125 0.5126953125 0.1484375 0.511475 0.142915625 0.20476718749999998 0.1420171875 0.154209375 0.1321296875 0.1544890625 0.134765625 0.50415
1 0.2528140625 0.27273437500000003 0.2544828125 0.4954078125 0.263671875 0.49194375 0.26199218750000003 0.2753421875 0.2528140625 0.27273437500000003
1 0.42317031250000003 0.0143703125 0.4208984375 0.0317390625 0.389834375 0.028210937499999998 0.388671875 0.05493125 0.3877828125 0.0718125 0.3935546875 0.075684375 0.40009375 0.075109375 0.404296875 0.0671390625 0.404296875 0.042725 0.4208984375 0.0415046875 0.4794921875 0.061035937500000005 0.51171875 0.0866703125 0.51171875 0.11596718749999999 0.51953125 0.13549843749999999 0.537109375 0.15014687499999999 0.54296875 0.25756875 0.5341796875 0.263671875 0.4912109375 0.23681718749999997 0.4716796875 0.234375 0.4365234375 0.21484375 0.3857421875 0.21240312499999997 0.3798828125 0.192871875 0.359375 0.19409218749999999 0.361328125 0.2526859375 0.3818359375 0.25390625 0.3857421875 0.22216874999999997 0.4169921875 0.22216874999999997 0.5361328125 0.27587968749999997 0.544921875 0.28930625 0.5460609375 0.4796 0.5478203125000001 0.499384375 0.5618890624999999 0.499384375 0.5621828125 0.4726390625 0.5563140625 0.3333234375 0.55483125 0.281865625 0.5459296874999999 0.07695625 0.534575 0.0791015625 0.5207124999999999 0.07156875 0.47470937500000004 0.04670625 0.4462890625 0.036621875 0.4413421875 0.0180796875 0.42317031250000003 0.0143703125
1 0.44629062499999994 0.2586984375 0.4466765625 0.27796875 0.456696875 0.27893124999999996 0.46980000000000005 0.2774859375 0.4701859375 0.3044640625 0.44898906250000004 0.3044640625 0.449375 0.3160265625 0.47095624999999997 0.3131359375 0.4721125 0.33866874999999996 0.46016562499999997 0.34059531249999997 0.4620921875 0.35119375 0.4736546875 0.3497484375 0.4735703125 0.4755515625 0.4754703125 0.4779265625 0.47712343749999997 0.47741249999999996 0.4813625 0.4778953125 0.4775078125 0.279896875 0.5098812500000001 0.27893124999999996 0.5098812500000001 0.271225 0.47905 0.271225 0.47982031249999996 0.2596625 0.44629062499999994 0.2586984375
1 0.5205875 0.2076625 0.5202296875 0.19020781250000002 0.45506718749999997 0.19065625 0.45399218750000003 0.21124218749999998 0.47583281250000004 0.2107953125 0.4751171875 0.2215375 0.46007968750000006 0.22108750000000002 0.46007968750000006 0.22914531249999998 0.4790546875 0.2304859375 0.4790546875 0.23496250000000002 0.502328125 0.2425703125 0.5034015625 0.2380953125 0.5127109375 0.235409375 0.514859375 0.2425703125 0.5227359375 0.2443609375 0.5220203125 0.22198437499999998 0.49337656250000006 0.2197453125 0.493734375 0.20945312500000002 0.5205875 0.2076625
1 0.478053125 0.2504515625 0.48191875 0.3708421875 0.48789531249999996 0.3708421875 0.4843796875 0.249571875 0.48332499999999995 0.249571875 0.478053125 0.2504515625
1 0.48578593750000004 0.252646875 0.48929999999999996 0.376115625 0.49949374999999996 0.37479687500000003 0.494925 0.25220625 0.48578593750000004 0.252646875
0 0.12782812500000001 0.2181328125 0.0796265625 0.2783859375 0.0866421875 0.2799125 0.1235578125 0.23300625 0.129659375 0.22461562499999999 0.12782812500000001 0.2181328125
0 0 0.1874390625 0.030512499999999998 0.177984375 0.0576328125 0.174725 0.0649359375 0.174725 0.071715625 0.174725 0.0758875 0.1760296875 0.08084375 0.1783109375 0.087884375 0.184503125 0.13091406249999998 0.1998265625 0.13195625 0.1910234375 0.0990984375 0.1783109375 0.0672828125 0.1623375 0.00104375 0.10985625000000002 0 0.115396875 0.037553125 0.14701718749999998 0.0607625 0.16461874999999998 0.0325984375 0.1675546875 0 0.17504999999999998 0 0.1874390625
0 0 0.202759375 0.0234703125 0.19721875 0.037292187500000004 0.1936328125 0.0571125 0.19135 0.0657171875 0.188415625 0.0724984375 0.1893953125 0.0829265625 0.1944984375 0.09228906249999999 0.1975625 0.0989765625 0.20062656250000002 0.13013125 0.211234375 0.13195625 0.2034125 0.0951859375 0.19232812500000002 0.080321875 0.18613437500000002 0.0732796875 0.1809203125 0.06780312499999999 0.18026718749999998 0.05606875 0.1822234375 0.0206015625 0.1877640625 0 0.1949359375 0 0.202759375
0 0.047259375 0.1638453125 0.04815 0.1632890625 0.0363359375 0.15409375 0.0214 0.14211093749999998 0.00044531249999999996 0.12595 0 0.1318015625 0.0303171875 0.1571578125 0.042578125 0.166353125 0.047259375 0.1638453125
0 0 0.15019218750000002 0.019839062499999997 0.14963437500000001 0.012482812499999999 0.14211093749999998 0 0.142390625 0 0.15019218750000002
0 0.31915625 0.1008140625 0.2043671875 0.11516718749999999 0.0370359375 0.1363546875 0.0460578125 0.14558437500000002 0.0464765625 0.1452421875 0.1509140625 0.13328125 0.190203125 0.1267875 0.2566390625 0.11926874999999999 0.33045625 0.110725 0.397621875 0.102865625 0.5127203125 0.0902203125 0.513540625 0.0898796875 0.5129937499999999 0.08304375 0.45749531250000003 0.08611875 0.31915625 0.1008140625
0 0.1321296875 0.15364687500000002 0.0698859375 0.1589828125 0.07348125 0.1646015625 0.13190625 0.1592640625 0.1321296875 0.15364687500000002
0 0.2514515625 0.142409375 0.42330625 0.1207828125 0.5122718749999999 0.1109515625 0.5113734375 0.1039296875 0.39856875 0.1162890625 0.253309375 0.1353890625 0.1405890625 0.15111875 0.141565625 0.1567890625 0.142915625 0.1570171875 0.2514515625 0.142409375
0 0.1313859375 0.177678125 0.103340625 0.1796 0.1137140625 0.18367968750000002 0.1317703125 0.1827203125 0.1313859375 0.177678125
0 0.4068625 0.1397640625 0.4732984375 0.13270781250000002 0.515 0.1284828125 0.51514375 0.1267375 0.5142765625 0.12239375 0.3998046875 0.1337921875 0.30435 0.1468203125 0.1801640625 0.1644609375 0.182334375 0.1701609375 0.2516546875 0.1598453125 0.3110984375 0.15251874999999998 0.4068625 0.1397640625
0 0.14240312500000002 0.175434375 0.142028125 0.182 0.205478125 0.1762203125 0.2945609375 0.16781875 0.4344140625 0.153634375 0.4498953125 0.151796875 0.5299437499999999 0.1433921875 0.5288921875 0.139453125 0.509353125 0.139978125 0.40073125000000004 0.149171875 0.2662078125 0.1620390625 0.14240312500000002 0.175434375
0 0.5047546875 0.18394375000000002 0.5185296875 0.144715625 0.512775 0.144496875 0.498478125 0.1841625 0.5047546875 0.18394375000000002
0 0.51295 0.183071875 0.5270718750000001 0.144496875 0.5209703125 0.14493125 0.5071953125 0.1841625 0.51295 0.183071875
0 0.5207953125 0.18546875000000002 0.5350921875 0.15212343749999999 0.5305593749999999 0.1501625 0.5164375 0.18350781249999998 0.5207953125 0.18546875000000002
0 0.5096640625 0 0.49942656249999995 0.05843906250000001 0.5048859375 0.060146875 0.515465625 0.00021250000000000002 0.5096640625 0
0 0.518503125 0 0.507253125 0.062025 0.5130796875 0.06353281250000001 0.523525 0 0.518503125 0
0 0.542921875 0 0.52895 0.0786 0.5339921875 0.0808125 0.55024375 0 0.542921875 0
0 0.557209375 0 0.540778125 0.0752328125 0.545421875 0.075678125 0.564709375 0 0.557209375 0
0 0.558125 0.0755859375 0.5768546875 0.00022187499999999999 0.5698890624999999 0 0.5520296874999999 0.076571875 0.558125 0.0755859375
0 0.660525 0 0.6218 0.0703625 0.6283875 0.0718609375 0.6667125 0 0.660525 0
0 0.5463453125 0.076353125 0.5465453124999999 0.0875796875 0.600840625 0.0823421875 0.6814843749999999 0.0766015625 0.682084375 0.06736875 0.659128125 0.06886718750000001 0.5463453125 0.076353125
0 0.629859375 0.10069687499999999 0.6315000000000001 0.1033640625 0.6649703125 0.10151718750000001 0.6682515625 0.096390625 0.682690625 0.0943390625 0.682034375 0.0871625 0.625921875 0.09228906249999999 0.54716875 0.0992625 0.5470046875000001 0.1070546875 0.629859375 0.10069687499999999
0 0.6646421874999999 0.1076703125 0.5483171875 0.117103125 0.5479890625 0.121615625 0.664478125 0.1125921875 0.6646421874999999 0.1076703125
0 0.6652984375 0.1228453125 0.5483171875 0.13351249999999998 0.5483171875 0.14089374999999998 0.6654625000000001 0.1292046875 0.6652984375 0.1228453125
0 0.7150171875 0.133303125 0.7568140624999999 0.13201093749999998 0.7564703125000001 0.1244859375 0.713984375 0.1255625 0.7138125 0.1330875 0.7150171875 0.133303125
0 0.7533734375 0.10384843749999999 0.700396875 0.10320156250000001 0.700225 0.1100828125 0.7532015624999999 0.110296875 0.7533734375 0.10384843749999999
0 0.7546875 0.0875 0.6997093750000001 0.08643125 0.6995375 0.0924515625 0.75475 0.09288125 0.7546875 0.0875
0 0.7000531249999999 0.07568125 0.7530296875 0.076540625 0.75440625 0.07675625 0.754921875 0.06600625 0.69984375 0.065234375 0.7000531249999999 0.07568125
0 0.8556250000000001 0.134375 0.783125 0.1271484375 0.78203125 0.133984375 0.85546875 0.14140625 0.8556250000000001 0.134375
0 0.81734375 0.089453125 0.78171875 0.0890625 0.7815624999999999 0.0939453125 0.8223437499999999 0.0943359375 0.81734375 0.089453125
0 0.850625 0.0689453125 0.8171875 0.06875 0.8259375 0.078515625 0.8509375 0.0787109375 0.850625 0.0689453125
0 0.8480656249999999 0.003771875 0.7985562500000001 0 0.7973140625 0.0017749999999999999 0.8485984375 0.00865 0.8480656249999999 0.003771875
0 1 0.023734375 0.8682953124999999 0.006654687500000001 0.86811875 0.012865625 0.924371875 0.0215171875 1 0.0303890625 1 0.023734375
0 1 0.074975 0.8697156250000001 0.0694296875 0.870603125 0.0811859375 1 0.0849578125 1 0.074975
0 1 0.093609375 0.870425 0.09050312499999999 0.8707796875 0.0976015625 1 0.100928125 1 0.093609375
0 1 0.1195609375 0.8741515625 0.11224218749999999 0.8732640625 0.1180078125 1 0.12666093750000001 1 0.1195609375
0 0.8375953125000001 0.10935781250000001 0.7840046875 0.108028125 0.784359375 0.11468125 0.837240625 0.115790625 0.8375953125000001 0.10935781250000001
0 1 0.1452921875 0.8730874999999999 0.1355328125 0.8739750000000001 0.143740625 1 0.153721875 1 0.1452921875
0 0.252884375 0.29361875 0.23683749999999998 0.28435156250000004 0.1910453125 0.24526875 0.1612859375 0.21420781249999998 0.1440046875 0.1954859375 0.143284375 0.21110937500000002 0.1514078125 0.2203421875 0.1538703125 0.2203421875 0.1573171875 0.220034375 0.186121875 0.24926875 0.22526562499999997 0.28435156250000004 0.2428515625 0.2964296875 0.2516734375 0.298809375 0.252884375 0.29361875
0 0.2639546875 0.305078125 0.2623984375 0.3132953125 0.2786578125 0.3334015625 0.3044296875 0.3582671875 0.307025 0.3532953125 0.287825 0.33513281250000004 0.2639546875 0.305078125
0 0.3095515625 0.317953125 0.3368421875 0.32406250000000003 0.38856875 0.3253359375 0.4254296875 0.3230453125 0.42481875 0.316934375 0.375128125 0.3187171875 0.342340625 0.317953125 0.295703125 0.30776875000000004 0.29264843749999997 0.3128609375 0.3095515625 0.317953125