1 0.4765625 0.4406734375 0.478515625 0.4382328125 0.4765625 0.364990625 0.470703125 0.306396875 0.470703125 0.279540625 0.46875 0.2722171875 0.4658203125 0.27099687499999997 0.462890625 0.279540625 0.470703125 0.355225 0.47338125 0.44122031249999993 0.4765625 0.4406734375
1 0.3376828125 0.21806718749999998 0.3349609375 0.21728593749999997 0.3271484375 0.22216874999999997 0.3056640625 0.22216874999999997 0.2978515625 0.22705156249999997 0.2855546875 0.22757812500000002 0.2834625 0.2232984375 0.27737500000000004 0.2223484375 0.27734375 0.22827187499999999 0.2783203125 0.23681718749999997 0.2822265625 0.23681718749999997 0.2880859375 0.24169999999999997 0.3017578125 0.2392578125 0.306640625 0.24780312499999999 0.306640625 0.29663125 0.29765625 0.29765625 0.297071875 0.304571875 0.3090484375 0.3052734375 0.30859375 0.3308109375 0.314453125 0.33569375 0.31640625 0.3332515625 0.3166453125 0.3057140625 0.32703125 0.30234375 0.3271875 0.2998046875 0.3265625 0.2966796875 0.3197546875 0.2956546875 0.316096875 0.29405468749999997 0.318359375 0.24292031249999999 0.337890625 0.22827187499999999 0.3376828125 0.21806718749999998
1 0.1064453125 0.17578125 0.1005859375 0.17578125 0.099609375 0.18188437500000001 0.1044921875 0.1879890625 0.1064453125 0.1879890625 0.11328125 0.19897499999999999 0.11328125 0.24292031249999999 0.111328125 0.24536093750000001 0.111328125 0.2526859375 0.11328125 0.2551265625 0.11328125 0.2624515625 0.1171875 0.2624515625 0.119140625 0.260009375 0.119140625 0.23315468749999999 0.12109375 0.23071250000000001 0.12109375 0.22582968750000001 0.1376953125 0.224609375 0.142578125 0.21850624999999999 0.140625 0.21362343749999999 0.1240234375 0.192871875 0.1220703125 0.192871875 0.1064453125 0.17578125
0 0.46375 0.2740234375 0.4138515625 0.2653109375 0.32195 0.24306250000000001 0.3204875 0.2492359375 0.3631609375 0.259525 0.41894375000000006 0.27225625 0.4505484375 0.2773609375 0.46408750000000004 0.2784390625 0.46375 0.2740234375
0 0.08950312499999999 0 0.1130859375 0.04856875 0.154353125 0.12594687499999999 0.197496875 0.203996875 0.23849843750000002 0.2693140625 0.2585953125 0.296446875 0.2652953125 0.295778125 0.2446609375 0.26797499999999996 0.210628125 0.214378125 0.169359375 0.13967968749999998 0.1130859375 0.0355046875 0.0975421875 0 0.08950312499999999 0
0 0.11656875 0 0.1342546875 0.0381796875 0.1776671875 0.1256125 0.22509843749999997 0.2150484375 0.2489484375 0.2545765625 0.26687500000000003 0.2818359375 0.27413906250000003 0.2907515625 0.28941249999999996 0.305490625 0.29369999999999996 0.301471875 0.27842656250000003 0.2863984375 0.2607390625 0.26261718749999996 0.22241875000000003 0.199634375 0.2015171875 0.1581 0.16828749999999998 0.0927796875 0.12484375 0 0.11656875 0
0 0.1997078125 0.15461562499999998 0.22796875 0.2099609375 0.23234375 0.2080078125 0.21187499999999998 0.162890625 0.191875 0.1212890625 0.18121875 0.0963328125 0.161071875 0.048675 0.185546875 0.10045156250000001 0.20721250000000002 0.1442328125 0.22593749999999999 0.1767578125 0.24328124999999998 0.20390625 0.26078125 0.2224609375 0.2751671875 0.23271562499999998 0.27609374999999997 0.2263671875 0.26921875 0.221484375 0.25651875 0.2095515625 0.21968749999999998 0.1533203125 0.17906249999999999 0.0728515625 0.16609374999999998 0.045703125 0.1439703125 0.0001953125 0.136875 0 0.15066875 0.0353671875 0.16889062500000002 0.0802515625 0.1997078125 0.15461562499999998
0 0.23364218750000001 0 0.2410453125 0.024431249999999998 0.2595515625 0.093828125 0.277225 0.1507546875 0.29011718750000004 0.18584375 0.29765625 0.2046875 0.3075828125 0.22119218749999997 0.3167328125 0.22040781250000002 0.30883125 0.21131093750000002 0.29874999999999996 0.1892578125 0.2801359375 0.139575 0.24977812500000002 0.035867187499999995 0.23979374999999997 0 0.23364218750000001 0
0 0.2778125 0 0.29015625 0.064840625 0.30203125000000003 0.129296875 0.31609375 0.1851546875 0.32171875 0.2082015625 0.32875 0.2199203125 0.33375 0.2171875 0.3271875 0.2056640625 0.31625000000000003 0.1666015625 0.29562499999999997 0.0654296875 0.28359375 0 0.2778125 0
0 0.305 0.248046875 0.26984375 0.272265625 0.27156250000000004 0.277734375 0.305625 0.2548828125 0.305 0.248046875
0 0.29953124999999997 0.2419921875 0.26453125 0.266015625 0.268125 0.272265625 0.30359375 0.2474609375 0.29953124999999997 0.2419921875
0 0.27625 0.234765625 0.25359375 0.2515625 0.25656249999999997 0.2568359375 0.27937500000000004 0.2396484375 0.27625 0.234765625
0 0.23578125 0.266796875 0.20921875 0.287109375 0.21265625 0.2908203125 0.23921874999999998 0.271484375 0.23578125 0.266796875