1 0.040509375 0.332759375 0.053198437499999994 0.3379078125 0.053290625 0.3579515625 0.0607078125 0.3574625 0.062346875 0.33730625000000003 0.0747625 0.3364796875 0.0749578125 0.32818281250000003 0.0625 0.32836875 0.0660953125 0.24100468749999998 0.057567187500000006 0.24062343749999998 0.056640625 0.260009375 0.0546875 0.325928125 0.040921875 0.3258734375 0.040509375 0.332759375
1 0.09580625000000001 0.17361875 0.09821250000000001 0.1579703125 0.1181921875 0.15736875 0.1181921875 0.1489453125 0.10110156249999999 0.14864375000000002 0.1003796875 0.13420156249999998 0.118915625 0.1302890625 0.12011875000000001 0.1221640625 0.1162109375 0.1220703125 0.0947265625 0.1196296875 0.0914734375 0.11945781250000001 0.08984375 0.13305625000000001 0.081934375 0.2512828125 0.0811796875 0.26468125 0.07712187499999999 0.264259375 0.0754296875 0.2566484375 0.0713703125 0.2560140625 0.0698078125 0.2638890625 0.064571875 0.265371875 0.0639625 0.2714625 0.0791921875 0.27603125 0.072265625 0.3698734375 0.072265625 0.3942875 0.080078125 0.396728125 0.08834375 0.278934375 0.1121296875 0.27821093750000003 0.1130015625 0.2665109375 0.0992953125 0.2665109375 0.091071875 0.2657515625 0.08984375 0.25024375 0.09652812499999999 0.18655625 0.11506406250000001 0.18294531249999998 0.1155453125 0.174821875 0.09580625000000001 0.17361875
0 0.091375 0 0.0979375 0.0447640625 0.1117828125 0.113078125 0.113915625 0.1229765625 0.1197015625 0.1225953125 0.11086875 0.0814765625 0.0959453125 0 0.091375 0
0 0.08151562500000001 0 0.0931890625 0.0638078125 0.10525781249999999 0.1251421875 0.1106 0.122915625 0.1048625 0.0910125 0.08665937500000001 0 0.08151562500000001 0
0 0.0850765625 0.0415484375 0.0779546875 0 0.0724140625 0.00049375 0.07894375000000001 0.037840625 0.09265625 0.11171875 0.095 0.120703125 0.10015624999999999 0.1193359375 0.0979375 0.10857187500000001 0.0850765625 0.0415484375
0 0.0495 0 0.0563453125 0.050684375000000004 0.07451250000000001 0.14678750000000002 0.0829375 0.1915484375 0.087746875 0.18686875 0.0816984375 0.157546875 0.07269687500000001 0.11028281250000001 0.058978125000000006 0.036203125 0.054496875 0 0.0495 0
0 0.0267625 0 0.028489062500000002 0.010790625 0.050934375 0.1219390625 0.0702140625 0.200715625 0.0797109375 0.232009375 0.08345156249999999 0.2291328125 0.079134375 0.21150625 0.0592796875 0.130571875 0.041725 0.050359375 0.0328546875 0 0.0267625 0
0 0.01415625 0.11610781249999999 0.0038046875 0.0777609375 0 0.081646875 0.013659375000000001 0.1341125 0.032037500000000003 0.18875 0.0459453125 0.2253828125 0.0568734375 0.24525156250000002 0.060598437500000005 0.24028437500000002 0.0471875 0.21389687500000001 0.028809374999999998 0.162053125 0.01415625 0.11610781249999999
0 0.051384375 0.2546046875 0.053929687500000004 0.24939843750000001 0.0324046875 0.21496875000000001 0.01365625 0.16780781250000001 0.0023140625 0.13858593749999998 0 0.1469765625 0.009953125 0.173015625 0.02754375 0.21525781249999998 0.041662500000000005 0.240140625 0.051384375 0.2546046875
0 0.09835625 0.22852968749999997 0.095121875 0.2330484375 0.1036828125 0.2573046875 0.1095796875 0.2672921875 0.11281406249999999 0.2649140625 0.10843906249999999 0.2565921875 0.09835625 0.22852968749999997
0 0.095121875 0.2330484375 0.10824843749999999 0.202846875 0.1141453125 0.18525 0.1097703125 0.1845375 0.0928390625 0.22924375000000002 0.095121875 0.2330484375
0 0.10273125000000001 0.1847734375 0.0926484375 0.21426093750000003 0.0953125 0.21806718749999998 0.10634531250000001 0.187153125 0.10273125000000001 0.1847734375
0 0.0019031249999999999 0.24351093750000002 0 0.24969531250000002 0.0237796875 0.2829859375 0.050225 0.3177078125 0.051365625000000005 0.3165171875 0.05326875 0.3141390625 0.0019031249999999999 0.24351093750000002
0 0.03253125 0.3236515625 0.0011421875 0.280609375 0.00038124999999999997 0.2870296875 0.020735937500000003 0.3169921875 0.04546875 0.3479078125 0.050034375 0.344103125 0.03253125 0.3236515625
0 0.4140765625 0.0656328125 0.2945421875 0.04445 0.1747828125 0.02173125 0.09875 0.006640625 0.099271875 0.011359375 0.192884375 0.0304328125 0.2849484375 0.048007812500000004 0.40287656250000003 0.06943906250000001 0.4975703125 0.086584375 0.6249671875 0.108496875 0.688746875 0.1192109375 0.6896046874999999 0.11492500000000001 0.6563421875000001 0.108709375 0.540440625 0.0885640625 0.4140765625 0.0656328125
0 0.7273296874999999 0.03465625 0.64109375 0 0.6346875 0.0029296875 0.7262453125 0.0403421875 0.7273296874999999 0.03465625
0 0.823496875 0.07635 0.7684828125000001 0.052525 0.7647999999999999 0.0571265625 0.8213312500000001 0.082578125 0.823496875 0.07635
0 0.20169687500000003 0.19557968750000002 0.11567968749999999 0.16468125 0.115184375 0.1711703125 0.19947187500000002 0.20206875000000002 0.20169687500000003 0.19557968750000002
0 0.5119453125 0.19650625 0.6216828125 0.193415625 0.621434375 0.1872359375 0.4491515625 0.1918703125 0.2039828125 0.2026859375 0.10734218749999999 0.2073203125 0.10554531250000002 0.21349999999999997 0.3025453125 0.2045390625 0.5119453125 0.19650625
0 0.2999078125 0.2335828125 0.10139687500000001 0.23481875 0.102646875 0.2397609375 0.296428125 0.2394921875 0.540165625 0.2292578125 0.5396703125 0.2236953125 0.2999078125 0.2335828125
0 0.08735937499999999 0.3354703125 0.1095046875 0.282140625 0.10483125 0.28112499999999996 0.08492187500000001 0.32963125 0.085734375 0.3349625 0.08735937499999999 0.3354703125
0 0.5044906250000001 0.3064078125 0.4663203125 0.292578125 0.319875 0.2396671875 0.3108578125 0.243228125 0.38347031249999997 0.2702203125 0.5028296875 0.31204375 0.503778125 0.309078125 0.5044906250000001 0.3064078125
0 0.11421250000000001 0.2790265625 0.1127125 0.283090625 0.11207343750000001 0.28564687499999997 0.22422187500000001 0.3034 0.3009625 0.3140234375 0.3968609375 0.3227734375 0.5028484375 0.32652187499999996 0.5029281250000001 0.3206265625 0.415359375 0.3171484375 0.310371875 0.307775 0.23908281250000002 0.298640625 0.1729546875 0.288715625 0.11421250000000001 0.2790265625
0 0.28802656249999997 0.22971875000000003 0.2285796875 0.2084453125 0.21890625 0.21081093750000002 0.28283281250000003 0.2336796875 0.28802656249999997 0.22971875000000003