1 0.5576171875 0.2587890625 0.55859375 0.4187015625 0.56640625 0.4187015625 0.5624546875 0.25934218750000004 0.5576171875 0.2587890625
1 0.545165625 0.4160953125 0.54434375 0.3242578125 0.544684375 0.2945 0.53838125 0.29490625000000004 0.53925625 0.4160953125 0.545165625 0.4160953125
1 0.5166015625 0.361328125 0.521484375 0.3625484375 0.521484375 0.3723140625 0.5219406249999999 0.37743906250000003 0.5215124999999999 0.382521875 0.5219406249999999 0.386265625 0.5217265624999999 0.39509375 0.5210859375 0.40953906250000005 0.5205078125 0.41748124999999997 0.525390625 0.416259375 0.525390625 0.41381875 0.52734375 0.4113765625 0.52734375 0.3625484375 0.53421875 0.3599609375 0.53390625 0.3490234375 0.5270312500000001 0.346484375 0.5146875 0.347265625 0.515625 0.355225 0.51484375 0.3578125 0.5166015625 0.361328125
0 0.24333593750000002 0.22764375 0.2433140625 0.23250156249999998 0.2550703125 0.2330265625 0.45240468749999996 0.2419484375 0.46122500000000005 0.2419484375 0.48326874999999997 0.2414234375 0.548828125 0.24047812500000001 0.66350625 0.2347734375 0.6636078125 0.23245468749999998 0.66350625 0.22751562500000003 0.5613609375 0.23362656249999997 0.5412109375 0.2343390625 0.47561406249999993 0.2348921875 0.4532484375 0.2351265625 0.4087421875 0.23276406249999998 0.24446093750000003 0.22405312500000002 0.24333593750000002 0.22764375
0 0.21140937499999998 0 0.2479484375 0.009346875000000001 0.36656875 0.0322890625 0.3757453125 0.0342015625 0.3810140625 0.0346265625 0.49266718750000005 0.0443984375 0.5421203125 0.0452484375 0.5750890625 0.045884375 0.619375 0.044140625 0.6202953124999999 0.0420609375 0.6209749999999999 0.0376 0.5728125000000001 0.0396484375 0.5040625000000001 0.0375 0.4326171875 0.0317390625 0.38237343749999997 0.027190625000000003 0.23596093749999997 0 0.21140937499999998 0
0 0.5796578125 0.20048906249999998 0.60576875 0.12060937499999999 0.598703125 0.121365625 0.5786640625 0.183109375 0.5728718749999999 0.200075 0.5796578125 0.20048906249999998
0 0.6316531249999999 0 0.60421875 0.1005859375 0.60109375 0.1125 0.6015625 0.11352500000000001 0.607421875 0.11352500000000001 0.6374578125 0 0.6316531249999999 0
0 0.6026734375 0.168228125 0.5871875 0.203515625 0.59456875 0.20291874999999998 0.6075 0.1697265625 0.6026734375 0.168228125
0 0.6537546875 0 0.6250140625 0.09643906249999999 0.6210312499999999 0.1103359375 0.6223203125000001 0.1120484375 0.6247421875 0.1130390625 0.6273671875 0.11228125 0.6591796875 0 0.6537546875 0
0 0.261834375 0.14149375 0.41843593749999997 0.13625625 0.4238015625 0.136271875 0.425384375 0.136271875 0.43171875000000004 0.1357671875 0.459653125 0.13356874999999999 0.5713921875 0.12429062500000002 0.649728125 0.11574374999999999 0.6869156249999999 0.1113125 0.6875 0.10864218750000001 0.687646875 0.10406875 0.6687359374999999 0.105909375 0.643440625 0.10959375 0.4176578125 0.129121875 0.26311249999999997 0.1341109375 0.261834375 0.14149375
0 0.66039375 0.114984375 0.64838125 0.1393140625 0.6522875 0.144196875 0.6666515625 0.11550625 0.66039375 0.114984375
0 0.6837484375 0.058485937499999995 0.6640625 0.10375937500000001 0.669921875 0.10864218750000001 0.6871546875 0.06692187499999999 0.6837484375 0.058485937499999995
0 1 0.12550937499999998 0.8974609375 0.17555937500000002 0.8607546875000001 0.18897187499999998 0.8193359375 0.2024140625 0.7763671875 0.2121796875 0.719259375 0.21102812499999998 0.7121796875 0.211725 0.7122171875000001 0.21836875 0.7646609375 0.2197546875 0.7918484375 0.2185171875 0.83315625 0.207878125 0.865028125 0.1973875 0.934103125 0.16734374999999999 0.995878125 0.137525 1 0.13500625 1 0.12550937499999998
0 0.759103125 0.1927125 0.7496671874999999 0.1982765625 0.7455734374999999 0.2013921875 0.7507359375 0.206509375 0.8567375 0.13887031249999998 0.882475 0.12083593749999999 1 0.029103125 0.9971343750000001 0.024721874999999997 0.875715625 0.11609687500000002 0.8504296874999999 0.1339359375 0.7809375000000001 0.17841875000000001 0.7721796875 0.1844734375 0.76789375 0.18680312500000001 0.759103125 0.1927125
0 0.6264953125 0.043285937499999996 0.6848734375000001 0.0363265625 0.6833734375 0.026837499999999997 0.658115625 0.031656250000000004 0.626334375 0.0364140625 0.6264953125 0.043285937499999996
1 0.6735234375 0.22788593750000002 0.6689453125 0.22705156249999997 0.666015625 0.23071250000000001 0.666015625 0.2746578125 0.673828125 0.423584375 0.6767578125 0.42724687499999997 0.681640625 0.426025 0.68359375 0.4211421875 0.6735234375 0.22788593750000002
0 0.9159062499999999 0.017343749999999998 0.9132078124999999 0.011079687500000001 0.8364750000000001 0.08292812499999999 0.7968359375 0.11616249999999999 0.8395625000000001 0.071878125 0.8989484375 0.015415624999999999 0.912821875 0.001928125 0.9042921875 0 0.8253375000000001 0.07611562499999999 0.747871875 0.1599390625 0.7106890625 0.191928125 0.712415625 0.19944375 0.7166546874999999 0.1975171875 0.7482578125 0.17005625 0.7794749999999999 0.13970625 0.7890343750000001 0.13028125 0.8018281249999999 0.1199546875 0.877659375 0.05363125 0.8856718750000001 0.04561875 0.9159062499999999 0.017343749999999998
1 0.6852421875 0 0.691215625 0.185828125 0.6764484375 0.1727609375 0.6591796875 0.1684578125 0.623084375 0.168275 0.6221875 0.1732421875 0.6232656249999999 0.177821875 0.6689453125 0.1782234375 0.693359375 0.19653281250000001 0.703125 0.4113765625 0.708984375 0.416259375 0.716796875 0.396728125 0.7123437499999999 0.23090468749999998 0.7009640625 0 0.6944078124999999 0 0.69255625 0 0.6852421875 0
0 0.6296875 0.0056640625 0.56484375 0.004296875 0.527278125 0.0027640625 0.512296875 0.00030625 0.48208906249999994 0.000921875 0.5223921875 0.007384375 0.5817984375 0.01013125 0.628084375 0.0107765625 0.6296875 0.0056640625
0 0.66480625 0.0181109375 0.6681250000000001 0.0205078125 0.67375 0.0220703125 0.6837500000000001 0.02265625 0.6832265625 0.016268750000000002 0.6679999999999999 0.01565625 0.6652984375 0.0125859375 0.6645609375 0.0089015625 0.6837171875 0.0076734375 0.6829796875 0.0030703125 0.65965 0.0033765625000000002 0.65965 0.011665625 0.66480625 0.0181109375
0 0.6108140625 0.16148437499999999 0.6271656250000001 0.1180859375 0.619090625 0.11833750000000001 0.6035484375 0.16047499999999998 0.6108140625 0.16148437499999999
0 0.3624953125 0.155653125 0.40265625 0.161328125 0.44203125 0.16484375 0.4721875 0.166796875 0.5014062499999999 0.1673828125 0.61375 0.1689453125 0.6146874999999999 0.1666015625 0.61546875 0.16328125 0.5472625 0.1624859375 0.49124999999999996 0.1607421875 0.45607499999999995 0.15848281250000001 0.4090625 0.1552734375 0.35796875 0.1490234375 0.29515625 0.14140625 0.29356875 0.1465328125 0.3624953125 0.155653125
0 0.65171875 0.0056640625 0.63525 0.005523437500000001 0.6333796875 0.011046875000000001 0.6500343749999999 0.011046875000000001 0.65171875 0.0056640625
0 0.49417343750000003 0.3274609375 0.45959374999999997 0.3436015625 0.46134531250000005 0.34907187500000003 0.5073046875 0.3280078125 0.5372874999999999 0.3124140625 0.5361921875 0.30612343750000004 0.49417343750000003 0.3274609375
0 0.5114625 0.3572796875 0.46200156249999996 0.36384531249999996 0.46218750000000003 0.370703125 0.51265625 0.3640625 0.5114625 0.3572796875
0 0.5817187500000001 0.345703125 0.578271875 0.34880468750000004 0.5645421875000001 0.349603125 0.5643812500000001 0.35319531249999997 0.5792296875 0.3533953125 0.6001453125 0.33703125 0.5867828125 0.3501546875 0.5824234374999999 0.35319531249999997 0.5773140625 0.3563890625 0.5651796874999999 0.35618906250000004 0.5650203125 0.3596234375 0.581784375 0.3594234375 0.599984375 0.34445625 0.6143546875 0.323459375 0.621378125 0.31328125 0.6346296875 0.289975 0.629840625 0.2883359375 0.6087609375 0.320525 0.595834375 0.334634375 0.5873437499999999 0.3416015625 0.5817187500000001 0.345703125
0 0.5231250000000001 0.3197265625 0.51796875 0.34609375 0.5225 0.3466796875 0.5276562499999999 0.3189453125 0.5231250000000001 0.3197265625
0 0.530096875 0.346703125 0.5353453125 0.3161703125 0.5305 0.3161703125 0.5248484375 0.34569375 0.530096875 0.346703125