1 0.5296875 0.3134765625 0.5373921875 0.305446875 0.5546875 0.3037109375 0.55234375 0.296875 0.53046875 0.30078125 0.529440625 0.275871875 0.5234375 0.2763671875 0.5240109375 0.42786718749999997 0.5271140625 0.42665625 0.5296875 0.3134765625
1 0.61166875 0.3546578125 0.61166875 0.41017187499999996 0.6161296875 0.40944375 0.61768125 0.3539296875 0.61166875 0.3546578125
0 0 0.18750625 0.030625000000000003 0.1865234375 0.0298359375 0.180303125 0 0.1814453125 0 0.18750625
0 0.0606828125 0.30912968749999997 0.08734375 0.3072265625 0.0871875 0.3005859375 0.0658875 0.30172187500000003 0.017940624999999998 0.3049515625 0.01805625 0.3120171875 0.0606828125 0.30912968749999997
0 0 0.250521875 0.1109078125 0.237146875 0.11070312499999999 0.230975 0 0.2453765625 0 0.250521875
0 0.0849546875 0.3113265625 0.0219859375 0.31484375 0.021634375 0.31946093750000004 0.0849546875 0.316825 0.0849546875 0.3113265625
0 0.0045734375 0.28274374999999996 0.0008796874999999999 0.28010625 0 0.2873609375 0.02356875 0.3045109375 0.0248 0.30363125 0.027615624999999998 0.3001125 0.0045734375 0.28274374999999996
0 0.28361875 0.28240625 0.179125 0.29281250000000003 0.17999375 0.29783593750000004 0.4263 0.2755875 0.5330828125 0.263746875 0.5316468750000001 0.2594390625 0.28361875 0.28240625
0 0.598709375 0.25201406249999997 0.5474140625 0.2567984375 0.5469031249999999 0.262540625 0.5999859375 0.2583953125 0.598709375 0.25201406249999997
0 0.5240828125 0.2756546875 0.497084375 0.27735468750000003 0.49731249999999994 0.2818921875 0.523403125 0.280475 0.5240828125 0.2756546875
0 0.6093890625 0.2662953125 0.54813125 0.270834375 0.5474515625 0.2762203125 0.6102953125 0.27168281250000004 0.6093890625 0.2662953125
0 0.5907234375 0.3078703125 0.6186499999999999 0.31975 0.620396875 0.3149 0.5891734375000001 0.30156875 0.5662890625 0.2906609375 0.5463125 0.27902343749999997 0.5439859375 0.28314531249999997 0.562215625 0.295265625 0.5907234375 0.3078703125
0 0.6702375 0.330415625 0.641146875 0.32193125 0.6395953125 0.3262953125 0.6690734375 0.3347796875 0.693509375 0.3396265625 0.6944796875 0.33526406249999996 0.6702375 0.330415625
0 0.611475 0.371384375 0.535453125 0.37623281249999996 0.536421875 0.37962656250000004 0.61166875 0.37550625000000004 0.611475 0.371384375
0 0.535453125 0.37623281249999996 0.61166875 0.3709 0.61128125 0.3672640625 0.535259375 0.37186875 0.535065625 0.373809375 0.535453125 0.37623281249999996
0 0.6515265625 0.3670109375 0.6173890625 0.3678734375 0.6172171875 0.3752015625 0.6518703125 0.3743375 0.6515265625 0.3670109375