1 0 0.511475 0.0119921875 0.5122125 0.015625 0.364990625 0.0234375 0.24780312499999999 0.0325484375 0.23083749999999997 0.03391875 0.2068546875 0.028095312500000004 0.19871875 0.02734375 0.18188437500000001 0.045692187499999995 0.18136875 0.044890625 0.171346875 0.029296875 0.17211875000000001 0.037003125 0.013704687500000002 0.029121875000000002 0.0128484375 0.026381250000000002 0.02226875 0.025390625 0.0598140625 0.017578125 0.16479531249999999 0.012425 0.16834218750000002 0.00280625 0.1678421875 0.001603125 0.17886249999999998 0.00390625 0.17944374999999999 0.015625 0.17944374999999999 0 0.4484 0 0.511475
0 0.0229546875 0 0.028095312500000004 0.014990624999999999 0.03220625 0.0119921875 0.029465625000000002 0 0.0229546875 0
0 0.014689062499999999 0.215325 0.0006671875 0.1610765625 0 0.178046875 0.012240625 0.229790625 0.014689062499999999 0.215325
0 0.018471875 0.15050468749999998 0.0006671875 0.132978125 0 0.140490625 0.01825 0.15940625 0.018471875 0.15050468749999998
1 0.384765625 0.25756875 0.387965625 0.19865 0.3793359375 0.19990468749999998 0.37890625 0.21362343749999999 0.376953125 0.260009375 0.3651328125 0.2629859375 0.365234375 0.267334375 0.365234375 0.2722171875 0.375 0.2819828125 0.37109375 0.3112796875 0.37109375 0.33569375 0.369140625 0.338134375 0.369140625 0.3527828125 0.3720703125 0.3564453125 0.377328125 0.354965625 0.3784125 0.33759843749999996 0.380859375 0.2844234375 0.3837890625 0.28076249999999997 0.3916015625 0.28076249999999997 0.3984375 0.2722171875 0.3974609375 0.26611406249999997 0.3876953125 0.263671875 0.3857421875 0.26611406249999997 0.38501875 0.26110781250000004 0.384765625 0.25756875
1 0.7265625 0.2844234375 0.71484375 0.435790625 0.71484375 0.4675296875 0.7285 0.46852031250000004 0.73140625 0.4288984375 0.732421875 0.4016109375 0.740234375 0.2941890625 0.740234375 0.23803749999999999 0.7398578125 0.233434375 0.73351875 0.2337640625 0.732421875 0.24047812500000001 0.7324984375 0.273940625 0.7280249999999999 0.2741484375 0.7265625 0.2844234375
0 0.29350156250000003 0.2769625 0.24228906249999999 0.2838640625 0.2451625 0.2876859375 0.2911375 0.2822359375 0.3638671875 0.26948125 0.3629984375 0.264053125 0.29350156250000003 0.2769625
0 0.35474843749999996 0.2708375 0.3102421875 0.29824843749999996 0.3126296875 0.301775 0.3391171875 0.28712031250000003 0.35995937499999997 0.2749078125 0.35474843749999996 0.2708375
0 0.359825 0.27366250000000003 0.316971875 0.3025890625 0.3204453125 0.3082890625 0.3634546875 0.27675625 0.359825 0.27366250000000003
0 0.4472890625 0.285175 0.4021296875 0.268803125 0.39999531250000003 0.272725 0.4191375 0.281753125 0.45549999999999996 0.2947078125 0.49596718749999996 0.3061921875 0.5393656250000001 0.31596718749999997 0.5753375000000001 0.3191421875 0.584134375 0.3193859375 0.5833515625000001 0.31498906249999997 0.557571875 0.3125828125 0.50886875 0.3039921875 0.4472890625 0.285175
0 0.3960703125 0.26513906249999997 0.3982203125 0.2680703125 0.3993921875 0.2695375 0.454521875 0.2727125 0.5100421875000001 0.2741796875 0.5737734375 0.272225 0.6165859375 0.26611562499999997 0.707315625 0.252728125 0.7075296875 0.2444015625 0.6150218749999999 0.26147343749999996 0.5698624999999999 0.266359375 0.485996875 0.2685578125 0.3960703125 0.26513906249999997
0 0.83515625 0.347803125 0.7640374999999999 0.32309375 0.7610296875 0.328196875 0.834296875 0.35398125 0.83515625 0.347803125
0 0.767690625 0.257025 0.7865984375 0.2645453125 0.8652359374999999 0.2935515625 0.8658609374999999 0.28719375 0.7810328125 0.25551406249999997 0.7539390625 0.2444015625 0.7470640625 0.241446875 0.742121875 0.242521875 0.7416921875 0.2481625 0.7492125 0.2503109375 0.766615625 0.2640078125 0.8160328124999999 0.2935515625 0.839175 0.3056203125 0.8810484375 0.3260453125 0.882284375 0.3260453125 0.8824609375 0.32008437500000003 0.8371875 0.2981671875 0.7679046875 0.2583671875 0.767690625 0.257025
0 0.72193125 0.31715468750000003 0.7240968750000001 0.31715468750000003 0.7245781250000001 0.3102328125 0.716875 0.310834375 0.6677671875 0.33430468750000003 0.6708968750000001 0.3436328125 0.7101359375 0.32166875 0.7212078125 0.31715468750000003 0.72193125 0.31715468750000003