1 0.1044921875 0.1953125 0.10885156250000001 0.1817578125 0.0666109375 0.1370796875 0.06038281250000001 0.14046406250000001 0.078125 0.16723593750000001 0.076171875 0.23071250000000001 0.08203125 0.23315468749999999 0.0859375 0.19653281250000001 0.1044921875 0.1953125
1 0.2705078125 0.22705156249999997 0.2919921875 0.22705156249999997 0.30078125 0.23559531250000001 0.30078125 0.286865625 0.29109375000000004 0.2921875 0.2890625 0.29663125 0.30078125 0.3015140625 0.302734375 0.325928125 0.310546875 0.3308109375 0.310546875 0.299071875 0.322265625 0.2941890625 0.32156250000000003 0.2900390625 0.310546875 0.286865625 0.3125 0.23803749999999999 0.3359375 0.21606406250000001 0.33657499999999996 0.20342031249999998 0.315725 0.20748281249999997 0.26965625000000004 0.207215625 0.2705078125 0.22705156249999997
1 0.4734984375 0.343425 0.477784375 0.44495312499999995 0.4837203125 0.44614062499999996 0.479478125 0.3469453125 0.474378125 0.26515625 0.468396875 0.2655953125 0.4734984375 0.343425
0 0.2734828125 0 0.29438437500000003 0.10327187499999999 0.3083046875 0.16404687499999998 0.3224234375 0.2088921875 0.328125 0.20874062499999999 0.3157125 0.16057656250000002 0.3025484375 0.10776250000000001 0.281065625 0 0.278446875 0 0.2734828125 0
0 0.304996875 0.2045015625 0.278446875 0.1348265625 0.26875 0.10510781250000001 0.26220625000000003 0.08428125 0.2369546875 0 0.229471875 0.00044531249999999996 0.271734375 0.13974375 0.2966703125 0.2016453125 0.30140625 0.20899218749999998 0.3058140625 0.2075625 0.304996875 0.2045015625
0 0.1345390625 0 0.174984375 0.0853515625 0.19234374999999998 0.1189125 0.22234375 0.1703125 0.2530234375 0.20950625 0.2678 0.22625156249999998 0.27046875 0.2197265625 0.24828125 0.192578125 0.217028125 0.14770468750000001 0.1843375 0.0895984375 0.1412328125 0 0.1345390625 0
0 0.06850625 0 0.1386484375 0.1215140625 0.1816546875 0.19486874999999998 0.184565625 0.198228125 0.2116046875 0.23858593749999998 0.2474890625 0.28600781249999996 0.251953125 0.2819828125 0.22107656250000002 0.2393875 0.1640625 0.15258750000000001 0.076359375 0 0.06850625 0
0 0.10179687500000001 0 0.12506875 0.046321875 0.22265625 0.22338906249999999 0.2602734375 0.274384375 0.2837734375 0.3002234375 0.28916875000000003 0.29734375 0.26005 0.263746875 0.23828125 0.23315468749999999 0.12685156250000001 0 0.1204375 0 0.19371093749999999 0.156484375 0.110459375 0 0.10179687500000001 0
0 0.1877265625 0.2886359375 0.19415 0.2886359375 0.2020015625 0.28506875 0.2123515625 0.278821875 0.2316234375 0.264546875 0.22744218749999998 0.2591984375 0.2016453125 0.27793125 0.1898671875 0.28283749999999996 0.1877265625 0.2886359375
0 0.2690984375 0.2239515625 0.24609375 0.2423828125 0.24921875 0.2482421875 0.255178125 0.24357968749999998 0.2726671875 0.22885781249999998 0.2690984375 0.2239515625
0 0.260625 0.26328125 0.26203125 0.26328125 0.27397499999999997 0.2551171875 0.28578125 0.2458984375 0.28890625000000003 0.2435546875 0.2983625 0.2355484375 0.29479375 0.23064218749999998 0.258125 0.26015625 0.260625 0.26328125
0 0.3012421875 0.24593437499999998 0.29979062500000003 0.23822656250000002 0.2873 0.24804062500000001 0.26287343750000003 0.26532187500000004 0.26597499999999996 0.270015625 0.2833734375 0.25830156249999997 0.296578125 0.24982656250000002 0.3012421875 0.24593437499999998
0 0.46786874999999994 0.2677921875 0.3996640625 0.2544890625 0.315378125 0.234209375 0.31379531250000003 0.237175 0.31379531250000003 0.239403125 0.3687984375 0.2530046875 0.467725 0.27353125 0.46786874999999994 0.2677921875