1 0.5380859375 0.14404375 0.5615234375 0.146484375 0.56640625 0.15747031250000001 0.5636171875 0.271278125 0.5703125 0.2722171875 0.57421875 0.15258750000000001 0.5791015625 0.146484375 0.60328125 0.14609375 0.60234375 0.1318359375 0.59609375 0.1326171875 0.5946875 0.1376953125 0.5478515625 0.13671875 0.5432812499999999 0.1287109375 0.5371875 0.128515625 0.5380859375 0.14404375
1 0.5244140625 0.263671875 0.5275359374999999 0.2770546875 0.53125 0.2771 0.5332234375 0.264390625 0.5536640625 0.26305625 0.5529531249999999 0.2555046875 0.53703125 0.25625 0.5328125 0.250390625 0.52671875 0.250390625 0.525 0.255859375 0.506384375 0.2555046875 0.50734375 0.2634765625 0.5244140625 0.263671875
1 0.6902078125 0 0.701584375 0.39569375 0.7018265625 0.41083437500000003 0.715453125 0.41183593749999997 0.705078125 0.013428124999999999 0.705228125 0 0.6902078125 0
0 0.64578125 0 0.509571875 0.064725 0.3720703125 0.1245125 0.28935625 0.15381562499999998 0.2587359375 0.16578593749999998 0.243946875 0.17115156250000002 0.1318859375 0.20521562499999998 0.13358281249999998 0.21150625 0.23403593749999999 0.1806890625 0.13246875 0.2130953125 0.1335421875 0.219078125 0.1477359375 0.21488437500000002 0.29057499999999997 0.16638124999999998 0.45352812499999995 0.0997515625 0.46205625 0.0955640625 0.5723171875 0.044164062500000004 0.65359375 0.003515625 0.6578125 0 0.64578125 0
0 0.84765625 0 0.810503125 0.041881249999999995 0.7596937500000001 0.0948921875 0.7543890625 0.10038125 0.7554859375 0.10381093749999999 0.7585953125 0.10678281249999999 0.7879640625000001 0.0776703125 0.8571875 0 0.84765625 0
0 0.8931734375 0 0.8537546875 0.038453125 0.8092656249999999 0.07934375 0.7721765625 0.11253906250000001 0.7761 0.11837656249999999 0.8108421874999999 0.0863890625 0.8436562500000001 0.057392187500000004 0.9042046875 0 0.8931734375 0
0 0.7222078125 0 0.78 0.048046875 0.7889062499999999 0.0546875 0.7940625 0.05859375 0.7975 0.053125 0.7579140625 0.023304687499999997 0.80074375 0.05059375000000001 0.8019624999999999 0.046787499999999996 0.7966203125 0.042603125 0.7329375 0 0.7222078125 0
0 0.678921875 0 0.6432859375 0.101275 0.6337390625 0.12798281250000001 0.6098625 0.18615625 0.61328125 0.18920937499999999 0.64876875 0.1088890625 0.686740625 0 0.678921875 0
0 0.48609375000000005 0.32578125 0.4378125 0.3291015625 0.365325 0.333221875 0.36578125 0.3400390625 0.422765625 0.336946875 0.47578125 0.3326171875 0.4870328125 0.33085624999999996 0.48609375000000005 0.32578125
0 0.57625 0.0421875 0.57515625 0.0455078125 0.5484 0.11221874999999999 0.5419609375000001 0.1280859375 0.547403125 0.1348265625 0.5837421875000001 0.04253125 0.581428125 0.0428203125 0.57625 0.0421875
0 0.315 0.2119140625 0.220825 0.227809375 0.1446875 0.242578125 0.146875 0.2494140625 0.20703125 0.2390625 0.3301734375 0.216834375 0.3924296875 0.20486093749999998 0.479375 0.1884765625 0.54953125 0.1759765625 0.56583125 0.1730390625 0.564684375 0.1672984375 0.315 0.2119140625
0 0.8172046875 0.0677703125 0.8034687500000001 0.0600234375 0.799775 0.064640625 0.8144625 0.0731015625 0.8172046875 0.0677703125
0 0.8270312499999999 0.0603515625 0.8113843749999999 0.05166875 0.8080421875000001 0.057384375 0.822078125 0.06586718750000001 0.8270312499999999 0.0603515625
0 0.15329375 0.26415781250000003 0.1576734375 0.2741953125 0.1799375 0.2705453125 0.32410625 0.245453125 0.35075 0.2404328125 0.34929062499999997 0.235871875 0.224359375 0.256796875 0.3449109375 0.23222031250000003 0.3453125 0.22734375 0.15329375 0.26415781250000003
0 0.620384375 0.1626328125 0.573440625 0.17350937500000002 0.5736421875 0.1798328125 0.5770828125 0.179075 0.616134375 0.17148593750000002 0.620384375 0.1626328125
0 0.650128125 0.15555000000000002 0.6258468749999999 0.1603578125 0.6232171875 0.1674390625 0.651140625 0.161621875 0.650128125 0.15555000000000002
0 0.5732390625 0.1936109375 0.5732390625 0.20264218750000002 0.5753640625 0.2018453125 0.63081875 0.1856453125 0.62933125 0.1790046875 0.605109375 0.1867078125 0.5732390625 0.1936109375
0 0.426053125 0.21001093750000002 0.3753171875 0.2211875 0.37614843750000004 0.22612656250000002 0.4254296875 0.215728125 0.426053125 0.21001093750000002
0 0.42418125 0.2206671875 0.376565625 0.2308046875 0.3771890625 0.2357421875 0.4248046875 0.2276859375 0.42418125 0.2206671875
0 0.562728125 0.199959375 0.4306671875 0.23128593749999998 0.4319109375 0.2366171875 0.48274531249999997 0.2250640625 0.5477984375 0.2086234375 0.5648609375 0.204625 0.562728125 0.199959375
0 0.456084375 0.21950937499999998 0.5159828125 0.2086234375 0.5636171875 0.1984046875 0.5623734375 0.1932921875 0.45537343750000003 0.21573281249999998 0.456084375 0.21950937499999998
0 0.3417484375 0.2562328125 0.2444234375 0.2715375 0.2458546875 0.276109375 0.34397500000000003 0.26080312499999997 0.3417484375 0.2562328125
0 0.6129687500000001 0.120703125 0.60234375 0.1271484375 0.60546875 0.13203125 0.61625 0.123828125 0.63171875 0.1056640625 0.6481250000000001 0.0818359375 0.6443749999999999 0.0791015625 0.6129687500000001 0.120703125