1 0.22970156249999998 0.4721171875 0.2353515625 0.47607499999999997 0.2421875 0.474853125 0.2373046875 0.163575 0.22855937499999998 0.1664203125 0.228515625 0.3503421875 0.22970156249999998 0.4721171875
1 0.2880859375 0.01953125 0.3251953125 0.0122078125 0.326171875 0.0012203125 0.2333984375 0 0.22885781249999998 0.0188765625 0.208028125 0.0224578125 0.21375625 0.028640624999999996 0.2373046875 0.056153125000000005 0.255859375 0.0598140625 0.2880859375 0.01953125
0 0.664021875 0.15774531249999998 0.4990234375 0.14404375 0.287109375 0.11596718749999999 0.2865953125 0.1215875 0.39789375 0.13872500000000001 0.4506 0.1461484375 0.662165625 0.165634375 0.6640625 0.15991249999999999 0.664021875 0.15774531249999998
0 0.5449359375 0.138315625 0.45752812499999995 0.08426249999999999 0.3344046875 0 0.326775 0.0029437499999999998 0.46575 0.1000734375 0.529859375 0.1391 0.605528125 0.1763515625 0.66168125 0.1974140625 0.667565625 0.192015625 0.6231625000000001 0.17494375 0.590759375 0.16175 0.5449359375 0.138315625
0 0.7078249999999999 0.16745000000000002 0.8144109374999999 0.1728140625 0.8132109375000001 0.1667796875 0.70739375 0.1617765625 0.7078249999999999 0.16745000000000002
0 0.4802109375 0.131609375 0.4351546875 0.1045015625 0.3928859375 0.07713281250000001 0.301459375 0.015320312499999999 0.29441875 0.0202109375 0.38429375 0.0816875 0.45479843750000004 0.126803125 0.5446765625000001 0.174440625 0.5787828125 0.18811093750000002 0.6042984375 0.195921875 0.616275 0.1981984375 0.616275 0.1916921875 0.5752265624999999 0.1773515625 0.5347828125 0.1601234375 0.4802109375 0.131609375
0 0.5995625 0.1762796875 0.5375671875 0.1466546875 0.4902609375 0.120265625 0.4803109375 0.1150546875 0.47361250000000005 0.11154375000000001 0.46108281250000005 0.10285 0.39036875000000004 0.0561890625 0.3268046875 0.01055625 0.3170265625 0.013800000000000002 0.3971796875 0.0695484375 0.4742609375 0.1207265625 0.565871875 0.1693390625 0.6073265625000001 0.185375 0.6197375 0.19099375000000002 0.6304375 0.19500625 0.630475 0.1949984375 0.6313390625 0.1949984375 0.6393328125 0.1928375 0.5995625 0.1762796875
0 0.604115625 0.21640625 0.5205359374999999 0.196453125 0.51873125 0.2027640625 0.5989796875 0.22175625000000002 0.604115625 0.21640625
0 0.6082046875 0.2089390625 0.5199421875 0.18811093750000002 0.5173375 0.1942953125 0.6074234374999999 0.2154484375 0.6082046875 0.2089390625
0 0.5183796875 0.18615781250000002 0.6209609375 0.21121875 0.6222640625 0.20470937500000003 0.517078125 0.1803 0.5160359375 0.18453124999999998 0.5183796875 0.18615781250000002
0 0.45624374999999995 0.20008750000000003 0.398678125 0.1880515625 0.3980359375 0.19286562499999998 0.45388906249999994 0.2054375 0.45624374999999995 0.20008750000000003
0 0.46373437500000003 0.1856421875 0.40488437499999996 0.170396875 0.40402812499999996 0.1765484375 0.462021875 0.19099375000000002 0.46373437500000003 0.1856421875
0 0.49626093750000005 0.17708437500000002 0.39910625 0.153275 0.3993203125 0.15755625 0.49561875000000005 0.18136406249999998 0.49626093750000005 0.17708437500000002
0 0.40381406249999996 0.1698609375 0.47357812499999996 0.1867125 0.47357812499999996 0.1818984375 0.42157656250000003 0.1698609375 0.40424218749999996 0.166115625 0.40381406249999996 0.1698609375
0 0.47935625000000004 0.17815468750000002 0.40188750000000006 0.1602296875 0.401675 0.1647796875 0.47742968750000003 0.1824328125 0.47935625000000004 0.17815468750000002