1 0.3493 0.384840625 0.346875 0.2451171875 0.3390625 0.0263671875 0.3260140625 0.027078124999999998 0.3265625 0.0478515625 0.334678125 0.2704375 0.33657499999999996 0.33880937499999997 0.33630312500000004 0.38619375 0.3421875 0.3857421875 0.3493 0.384840625
1 0.30138125 0 0.31875 0.3994140625 0.31988125 0.4196015625 0.3308875 0.41936249999999997 0.329534375 0.361146875 0.32465937500000003 0.2183125 0.31872500000000004 0.0857515625 0.31487031249999997 0 0.30138125 0
0 0.086378125 0.12049687499999999 0.00758125 0.1391109375 0.00839375 0.14689687499999998 0.08800156249999999 0.12658750000000002 0.086378125 0.12049687499999999
0 0.21132343750000002 0.084771875 0.142428125 0.10627968750000001 0.14459375000000002 0.1120328125 0.16950625 0.103909375 0.210121875 0.09070937500000001 0.24884218749999998 0.07649375 0.249384375 0.071078125 0.23774062499999998 0.07209375 0.16869375 0.0876640625 0.006481249999999999 0.126146875 0.007853124999999999 0.1326796875 0.075546875 0.1164328125 0.13728281250000002 0.10221875 0.188459375 0.08935625 0.21132343750000002 0.084771875
0 0.2423390625 0.057865625 0.1779921875 0.07406718749999999 0.0319453125 0.11139062500000001 0.0046328125 0.1186234375 0.006021875 0.125565625 0.1263765625 0.09403125 0.243728125 0.063071875 0.2423390625 0.057865625
0 0 0.0824578125 0.0567109375 0.0653859375 0.1046234375 0.0471609375 0.1666546875 0.0190953125 0.19766250000000002 0.002140625 0.191884375 0 0.1641078125 0.01301875 0.1009203125 0.0413734375 0.05833125 0.0575765625 0 0.07609218749999999 0 0.0824578125
0 0.10691718750000001 0.046134375 0.0936 0.052079687500000006 0.14287343749999998 0.056120312500000005 0.2246875 0.0630859375 0.22546875000000002 0.057421875 0.19595 0.0539828125 0.1584734375 0.0504140625 0.20755625000000003 0.0468484375 0.245984375 0.0430421875 0.245984375 0.0373359375 0.2220140625 0.0392390625 0.151434375 0.046134375 0.10691718750000001 0.046134375
0 0 0.057310937500000006 0.0650625 0.055884375 0.0656984375 0.054071875000000005 0.0661859375 0.051225 0.021307812500000002 0.051842187500000005 0.0353859375 0.0456578125 0.029296875 0.043756250000000003 0.0095125 0.05160312500000001 0 0.051842187500000005 0 0.057310937500000006
0 0.0871640625 0.043296875 0.0001625 0.035165625 0 0.040451562499999996 0.08375 0.0479734375 0.0871640625 0.043296875
0 0.05059375000000001 0.040859374999999996 0.0927125 0.027850000000000003 0.15984375 0.00390625 0.1565625 0.0001953125 0.0475 0.0357421875 0.05059375000000001 0.040859374999999996
0 0.3021875 0.0427734375 0.27609374999999997 0.0498046875 0.27703125 0.0564453125 0.30421875 0.04921875 0.3021875 0.0427734375