0 0.2006234375 0 0.1861796875 0.0027203125 0.0009765625 0.0415046875 0 0.052184375000000005 0.0104859375 0.050698437500000006 0.25421875 0 0.2006234375 0
0 0.055937499999999994 0.027734375 0.123046875 0.0012203125 0.11238125000000002 0 0.0621265625 0.0173125 0.0494640625 0.022257812499999998 0.055937499999999994 0.027734375
1 0.25894062500000004 0.30432031249999997 0.2578125 0.377196875 0.2652 0.3730921875 0.26783437499999996 0.30432031249999997 0.2685546875 0.21484375 0.2611890625 0.21663281250000002 0.25894062500000004 0.30432031249999997
1 0.619140625 0.4997140625 0.6211218749999999 0.5208359375 0.62890625 0.5192453125000001 0.634765625 0.5143625000000001 0.634765625 0.48750781249999997 0.6120625000000001 0.0286390625 0.5969562500000001 0.0267515625 0.59765625 0.0553796875 0.6042203125000001 0.1485828125 0.605265625 0.1564140625 0.6060203125 0.1633375 0.605375 0.1733125 0.619140625 0.4997140625
0 0.5915265625 0.1580625 0.601253125 0.0818125 0.5999796875000001 0.08092031250000001 0.5961421875 0.0778984375 0.5906359375 0.120128125 0.5846296875 0.162675 0.5907015624999999 0.16465625 0.5915265625 0.1580625
0 0.9757171874999999 0 0.9543609375000001 0.20606249999999998 0.9336718749999999 0.382084375 0.9176546875 0.5005453125 0.91365 0.5430843750000001 0.9156531250000001 0.5439265625 0.9189890625 0.5439265625 0.9310031249999999 0.5197328125 0.9390109375 0.4838609375 0.949021875 0.434640625 0.9576984375 0.40043749999999995 0.9680500000000001 0.34661718750000003 0.9953125 0.2109375 0.9904 0.20606249999999998 0.952359375 0.38125 0.98890625 0.1787109375 0.9853125 0.1650390625 0.9510234375 0.35205312499999997 0.9459484375 0.37781875 0.9415328125 0.376209375 0.9583656250000001 0.235259375 0.9751984374999999 0.08715468750000001 0.9783875 0.05506562499999999 0.976384375 0.0500609375 0.9797218750000001 0.0150234375 0.98105625 0 0.9757171874999999 0
0 0 0.00859375 0.015 0.000390625 0.0084375 0 0 0.0041015625 0 0.00859375
0 0.6035609375 0.153115625 0.5771828125 0.1716625 0.5804796875 0.1768140625 0.605375 0.159915625 0.6035609375 0.153115625
0 0.6385125 0 0.6122984375 0.03668125 0.6131234375 0.046367187500000004 0.64515625 0 0.6385125 0
0 0.68484375 0 0.6644984375 0.0558140625 0.646384375 0.09925468750000001 0.618371875 0.163228125 0.619553125 0.17207343749999998 0.63719375 0.13580468750000002 0.661921875 0.0746 0.68140625 0.025 0.690625 0 0.68484375 0
0 0.7003125 0 0.691165625 0.0265125 0.6673515625 0.08319375 0.6427171875 0.139834375 0.6300343749999999 0.164525 0.6194296875 0.1822015625 0.6221328125000001 0.1861 0.635440625 0.1663453125 0.653946875 0.1286578125 0.6797296875 0.0683578125 0.7061375 0 0.7003125 0
0 0.998803125 0.0899984375 0.9919203124999999 0.12705625 0.9968609374999999 0.12771875 0.9972140625 0.1237484375 1 0.09749843750000001 0.998803125 0.0899984375