1 0.78744375 0.507009375 0.7820015625 0.00041875 0.7584546875 0.00041875 0.7601 0.49480312499999995 0.7604484375 0.5266046875 0.7610546874999999 0.544978125 0.777678125 0.546071875 0.785490625 0.5411890625 0.78744375 0.507009375
1 0.5216265625000001 0.131165625 0.4993234375 0.13093125 0.4989484375 0.104465625 0.5110296875 0.1040953125 0.511865625 0.1207171875 0.5212515625 0.1203921875 0.5198234375 0.093015625 0.49580156249999996 0.092534375 0.4921875 0.0810546875 0.48734374999999996 0.0810546875 0.48624999999999996 0.0943359375 0.46656250000000005 0.095703125 0.466796875 0.10864218750000001 0.47079375 0.12094687500000001 0.47889218749999996 0.121125 0.480171875 0.1134875 0.47661875 0.10603125 0.48784375 0.105675 0.48798593749999997 0.11899375000000001 0.48812812499999997 0.1335546875 0.46866250000000004 0.1335546875 0.46890625 0.1427734375 0.49122271562500003 0.142746403125 0.4921875 0.15991249999999999 0.49462722968749995 0.2032981140625 0.4921875 0.20385781249999999 0.47395696718749997 0.20500037031249999 0.474200146875 0.216672990625 0.4973022046875 0.2159434515625 0.498518103125 0.23053422499999998 0.5001421875000001 0.25909375 0.5066734375 0.2578046875 0.5053271296874999 0.21375483593750003 0.5250246749999999 0.213025296875 0.5240625 0.20390625 0.505625 0.2046875 0.5037499999999999 0.1744140625 0.501193078125 0.1415305046875 0.5134375 0.14140625 0.5140625 0.1583984375 0.5220312500000001 0.1572265625 0.5216265625000001 0.131165625
1 0.11922656250000001 0 0.142578125 0.01586875 0.142578125 0.0500484375 0.1258546875 0.0445078125 0.11471875000000001 0.0457125 0.11371562500000001 0.0536453125 0.1183921875 0.0588609375 0.13592500000000002 0.068253125 0.142578125 0.072021875 0.1429390625 0.11354843750000002 0.12306718750000001 0.10686875 0.12106406249999999 0.10833124999999999 0.11854687500000001 0.116078125 0.1424375 0.12628124999999998 0.1424375 0.1358828125 0.1418828125 0.1786875 0.1292375 0.17833125 0.12866875 0.188453125 0.131084375 0.1891640625 0.13620000000000002 0.190584375 0.1424515625 0.19200625 0.142578125 0.2648921875 0.144375 0.3037109375 0.15421875000000002 0.2998046875 0.15718749999999998 0.254296875 0.15623437499999998 0.19378125 0.17356875 0.1932484375 0.1742796875 0.184015625 0.1563765625 0.18081875 0.1559640625 0.134421875 0.1783390625 0.140475 0.1806765625 0.128996875 0.157465625 0.1185578125 0.158134375 0.08704062500000001 0.1579546875 0.0782984375 0.1598015625 0.08185 0.188503125 0.0825609375 0.1907765625 0.06693281250000001 0.158203125 0.06225625 0.15625 0.032959375 0.156965625 0.0204546875 0.18524218750000002 0.0292734375 0.189646875 0.030871875 0.1933421875 0.028384375 0.190028125 0.019203124999999998 0.195046875 0.01169375 0.1919203125 0.0090296875 0.1728984375 0.0081875 0.1572265625 0 0.1259765625 0 0.11922656250000001 0
1 0.2650046875 0.4145390625 0.25915937499999997 0.24985 0.2523125 0.2494328125 0.2564875 0.3890734375 0.2578125 0.41381875 0.2650046875 0.4145390625
1 0.5589062499999999 0.3109375 0.5590625 0.327734375 0.5684375 0.3265625 0.5610937500000001 0.1892578125 0.56078125 0.1619140625 0.5532812500000001 0.161328125 0.5589062499999999 0.3109375
0 0.6519250000000001 0.23606875 0.6279296875 0.26123124999999997 0.6211875 0.2667515625 0.609634375 0.276821875 0.5922171875 0.28831406249999997 0.579403125 0.296053125 0.5853625 0.299646875 0.6028125 0.2896484375 0.61640625 0.280859375 0.6504203125 0.24864843749999999 0.6548921875 0.2448453125 0.7059015625 0.180390625 0.7506171875 0.1226734375 0.7581234375 0.11451718749999999 0.7521015625 0.10921406250000001 0.701240625 0.17553125 0.6519250000000001 0.23606875
1 0.337140625 0.36131250000000004 0.34031406249999996 0.424975 0.3471609375 0.4258109375 0.343153125 0.36089375 0.337140625 0.36131250000000004
0 0.2979 0.3308375 0.26344375000000003 0.26688125 0.2613828125 0.26945625 0.2609234375 0.27575781250000003 0.29296875 0.33569375 0.32511875 0.3742546875 0.3280796875 0.368496875 0.31443906250000003 0.352159375 0.2979 0.3308375
0 0.028648437500000002 0 0.14315625 0.1483046875 0.142503125 0.1380890625 0.0375875 0 0.028648437500000002 0
0 0.727496875 0.04085625 0.7298875 0.0387875 0.7320953125 0.036028125 0.73791875 0.025921875 0.7570703125 0.015 0.7581859375 0.0015234375 0.6799921875 0.0344859375 0.52019375 0.09343749999999999 0.521853125 0.0992828125 0.6338078125 0.0612453125 0.637721875 0.0755796875 0.641078125 0.078353125 0.6484796875 0.0778203125 0.6524390624999999 0.074659375 0.6614984374999999 0.0526453125 0.7148859375 0.033875 0.7182984375 0.03855625 0.7219781249999999 0.040396875 0.727496875 0.04085625
0 0.565109375 0 0.525390625 0.091553125 0.533565625 0.0898671875 0.5713375 0.000678125 0.565109375 0
0 0.5240984375 0 0.488428125 0.0817875 0.492334375 0.091553125 0.5311375 0 0.5240984375 0
0 0.46764687499999996 0.1111765625 0.3493109375 0.14893125000000002 0.365234375 0.15258750000000001 0.46764687499999996 0.11845468750000002 0.46764687499999996 0.1111765625
0 0.4692546875 0.09646249999999999 0.4695890625 0.0944125 0.41929375 0.045882812499999995 0.41329374999999996 0.04875 0.46627656249999994 0.10018750000000001 0.4692546875 0.09646249999999999
0 0.3699515625 0 0.362375 0.0009703125 0.4055703125 0.0425234375 0.41127812500000005 0.0388671875 0.3699515625 0
0 0.2566546875 0.10989843749999999 0.2978453125 0.096321875 0.3330078125 0.0821484375 0.5141421875 0.004935937499999999 0.5182390625 0.0003125 0.51015625 0 0.31944374999999997 0.07953906250000001 0.18183125 0.1280140625 0.18183125 0.13643125 0.2566546875 0.10989843749999999
0 0.2950703125 0.003084375 0.3683328125 0.058699999999999995 0.37434218750000003 0.0556390625 0.3675 0.050390625 0.3006109375 0 0.2950703125 0.003084375
0 0.7186390625 0.097478125 0.7145765625 0.094434375 0.6953515625 0.12861875 0.6715234375 0.1699125 0.6763984375 0.171265625 0.702121875 0.12827968750000002 0.7186390625 0.097478125
0 0.743778125 0.056478125000000004 0.7562171875 0.0340703125 0.7531078124999999 0.0304125 0.72219375 0.0832328125 0.7234734375 0.0836890625 0.7265843750000001 0.084375 0.743778125 0.056478125000000004
0 1 0.024321875 0.9750390624999999 0.039912500000000004 0.9642828124999999 0.0432734375 0.9394109374999999 0.055037499999999996 0.87723125 0.0806640625 0.8432859374999999 0.0886484375 0.8181062499999999 0.0881546875 0.8089546875 0.0874796875 0.804109375 0.08882812500000001 0.8030328125 0.0910703125 0.8042890625 0.10026718750000001 0.8064421875000001 0.10250937499999999 0.8050078125000001 0.1040796875 0.8032125000000001 0.10430468749999999 0.7971640625 0.10221875 0.796125 0.1052734375 0.7992890625 0.10823750000000001 0.8036375 0.1109578125 0.8093718750000001 0.11021718750000001 0.8121390625 0.10848593749999999 0.8135234375 0.1057671875 0.8111499999999999 0.101071875 0.8099640625 0.098353125 0.8093718750000001 0.0944 0.8137203124999999 0.0934125 0.8273624999999999 0.0963765625 0.8574109375000001 0.09464687499999999 0.9121890625000001 0.0747796875 0.9750390624999999 0.04789375 1 0.0332953125 1 0.024321875
0 0.2321234375 0.24925000000000003 0.2506078125 0.25768749999999996 0.2516015625 0.2530296875 0.235209375 0.2430953125 0.2205546875 0.2278828125 0.18094375000000001 0.1832328125 0.156903125 0.154378125 0.1557296875 0.1633046875 0.1768234375 0.1887390625 0.2118625 0.2288140625 0.2321234375 0.24925000000000003
0 0.16237812499999998 0.029031249999999998 0.1643625 0.0620328125 0.1709125 0.061784375 0.1683328125 0.0267984375 0.16257656250000002 0.025806249999999996 0.16237812499999998 0.029031249999999998
0 0.17277343750000002 0.0299640625 0.1766703125 0.06401718749999999 0.1824265625 0.063025 0.1793109375 0.0322734375 0.178884375 0.029078125 0.17277343750000002 0.0299640625
0 0.169375 0.086328125 0.169375 0.11171875 0.1697640625 0.12 0.175059375 0.12022031250000001 0.1754125 0.08647031250000001 0.169375 0.086328125
0 0.18640625 0.120703125 0.18578125 0.0873046875 0.17984375 0.0869140625 0.1808828125 0.120440625 0.18640625 0.120703125
0 0.191646875 0.032806249999999995 0.2188234375 0.0529421875 0.22570625 0.0500734375 0.194646875 0.0264703125 0.191646875 0.032806249999999995
0 0.4004125 0.1334546875 0.3118234375 0.0908828125 0.302646875 0.09529531249999999 0.39035312499999997 0.136103125 0.4004125 0.1334546875
0 0.27599999999999997 0.12705781249999998 0.245646875 0.11514687500000001 0.23364687499999998 0.12 0.2714125 0.1365453125 0.29752968750000003 0.14889687499999998 0.3075890625 0.1535296875 0.31482343749999997 0.1515453125 0.286940625 0.137646875 0.3464125 0.156396875 0.349059375 0.1528671875 0.27599999999999997 0.12705781249999998
0 0.30874999999999997 0.0134765625 0.1912390625 0.0666734375 0.19374843749999998 0.0749109375 0.31563906249999996 0.019275 0.30874999999999997 0.0134765625
0 0.1784375 0.0396484375 0.21296875 0.0572265625 0.2134375 0.056640625 0.21625 0.05234375 0.18099062500000002 0.034404687499999996 0.1784375 0.0396484375
0 0.3347125 0 0.31515624999999997 0.010546875 0.320625 0.015625 0.34252812499999996 0.0032609375000000004 0.3347125 0
0 0.33546875 0.12421875 0.2953125 0.0986328125 0.28781249999999997 0.1025390625 0.32734375 0.1287109375 0.35890625 0.146484375 0.36609375 0.1427734375 0.33546875 0.12421875
0 0.22578125 0.06171875 0.25125000000000003 0.0765625 0.2759375 0.0943359375 0.28265625 0.091796875 0.2725 0.0833984375 0.27453125 0.081640625 0.28890625000000003 0.090234375 0.296875 0.0875 0.2653125 0.071875 0.25484375 0.0705078125 0.23328125000000002 0.05703125 0.22578125 0.06171875
0 0.46595000000000003 0.1767515625 0.4576703125 0.2179140625 0.4631796875 0.2188984375 0.46868906250000003 0.1906140625 0.47577187500000007 0.1441296875 0.4697359375 0.14344062500000002 0.46595000000000003 0.1767515625
0 0.450465625 0.1567546875 0.41066250000000004 0.1372265625 0.40402812499999996 0.14070312499999998 0.44832656249999997 0.160765625 0.450465625 0.1567546875
0 0.9323375 0.0228125 0.885221875 0.045828125 0.8532703125 0.0597046875 0.8218609375 0.0671515625 0.7858468750000001 0.073921875 0.78205625 0.0749375 0.78205625 0.0810296875 0.7877421874999999 0.079675 0.8088625 0.075953125 0.832690625 0.071890625 0.8548953125000001 0.06647499999999999 0.8871171875 0.053274999999999996 0.9312531249999999 0.031275 0.9659125 0.0126578125 0.9806234375 0 0.9707874999999999 0.000134375 0.9602265624999999 0.00724375 0.9323375 0.0228125
0 0.5365875 0.12351875000000001 0.5214531250000001 0.14716562500000002 0.523234375 0.1544 0.53480625 0.1382640625 0.549940625 0.113503125 0.5637390625 0.086796875 0.556840625 0.087353125 0.5365875 0.12351875000000001
0 0.597790625 0 0.561290625 0.07678281249999999 0.5686359375000001 0.0762265625 0.6042453125 0 0.597790625 0
0 0.451828125 0.114328125 0.382315625 0.06105000000000001 0.37719375 0.0649390625 0.44725468749999997 0.1179890625 0.451828125 0.114328125
1 0.48015625 0.2498046875 0.48015625 0.2408203125 0.448125 0.2400390625 0.44781250000000006 0.258984375 0.45406250000000004 0.258984375 0.45437500000000003 0.248828125 0.46171875 0.248828125 0.46171875 0.2650390625 0.44859375 0.265234375 0.44890625 0.272265625 0.46281249999999996 0.2724609375 0.46703124999999995 0.3390625 0.47421875 0.3373046875 0.46828125 0.2724609375 0.47515625000000006 0.2724609375 0.47468750000000004 0.265234375 0.468125 0.26484375 0.46781249999999996 0.247265625 0.47406249999999994 0.247265625 0.47468750000000004 0.25 0.48015625 0.2498046875
0 0.2203125 0.108984375 0.18796875 0.0958984375 0.1871875 0.103125 0.21828124999999998 0.1150390625 0.2203125 0.108984375
0 0.23093750000000002 0.10625 0.19109375 0.0833984375 0.18859375 0.0900390625 0.226875 0.111328125 0.23093750000000002 0.10625