0 0 0.0087875 0.04776875 0.0441484375 0.104409375 0.08547656249999999 0.125846875 0.1009765625 0.1765796875 0.134334375 0.20985312500000003 0.1545125 0.21249531250000003 0.1486640625 0.1742734375 0.12568593749999998 0.0826890625 0.0630921875 0 0.0017343750000000002 0 0.0087875
0 0.0343671875 0 0.0879609375 0.04365 0.133753125 0.0782421875 0.16663125 0.10154062500000001 0.1970046875 0.12230468750000001 0.23250312499999998 0.14384999999999998 0.23423124999999997 0.137953125 0.188240625 0.1080515625 0.134346875 0.07127343750000001 0.04216875 0 0.0343671875 0
0 0 0.1165109375 0.103884375 0.087546875 0.0991984375 0.0816875 0 0.109025 0 0.1165109375
0 0 0.0979609375 0.084878125 0.073553125 0.08045156249999999 0.06899531249999999 0 0.0911265625 0 0.0979609375
0 0 0.057604687499999994 0.04634375 0.0445859375 0.0416578125 0.039379687499999996 0 0.05239843749999999 0 0.057604687499999994
0 0 0.050118750000000004 0.0359296875 0.0377515625 0.033846875 0.0325453125 0 0.0449125 0 0.050118750000000004
0 0 0.035475 0.023171875 0.028314062499999997 0.020803125 0.0238890625 0 0.030918750000000002 0 0.035475
0 0.051753125 0.0145875 0.0284125 0.021775 0.0319640625 0.025579687499999997 0.055642187499999995 0.0183921875 0.051753125 0.0145875
0 0.043296875 0.033825 0.0654515625 0.0274828125 0.064775 0.026003125 0.0629140625 0.0238890625 0.039745312500000005 0.0306546875 0.043296875 0.033825
0 0.0725546875 0.032134375 0.0488765625 0.0378421875 0.053274999999999996 0.041225 0.0766140625 0.0359390625 0.0725546875 0.032134375
0 0.1090859375 0.0613078125 0.088959375 0.0661703125 0.091496875 0.0703984375 0.11432968750000001 0.0646921875 0.1090859375 0.0613078125
0 0.1288734375 0.07420312500000001 0.109425 0.0799125 0.11297656250000002 0.084140625 0.133778125 0.0782203125 0.1288734375 0.07420312500000001
0 0.10265625 0 0.06015625 0.01171875 0.06281250000000001 0.016015625 0.1078125 0.0017578125 0.10265625 0
0 0.1303125 0 0.07078124999999999 0.019921875 0.07328124999999999 0.023828125 0.13343750000000001 0.0037109375 0.1303125 0
0 0.0834375 0.0328125 0.17906249999999999 0.003515625 0.181875 0.00234375 0.178125 0 0.08078125 0.0283203125 0.0834375 0.0328125
0 0.20972343750000003 0.0312 0.11859375000000001 0.058528125 0.12247343749999999 0.0619140625 0.20484375 0.0384765625 0.32687499999999997 0.0029296875 0.3238765625 0 0.20972343750000003 0.0312
0 0.36160468749999997 0.0152359375 0.36025 0.0108828125 0.30743125 0.0246671875 0.215140625 0.048853125 0.13620000000000002 0.0706203125 0.1404578125 0.07497343749999999 0.14084375 0.075940625 0.2615765625 0.0420828125 0.36160468749999997 0.0152359375