1 0.8120515625 0 0.8123984375 0.027696875 0.7862578124999999 0.0270484375 0.7860859375 0.039814062500000004 0.8120515625 0.0389484375 0.814453125 0.052490625 0.81640625 0.18920937499999999 0.8019828125 0.1914625 0.8024359375 0.199984375 0.805390625 0.20708593749999998 0.818359375 0.21118125000000001 0.8203125 0.52368125 0.8200328125 0.53580625 0.8415671874999999 0.5379437499999999 0.8359375 0.20629843750000001 0.8567500000000001 0.2048125 0.8587953125000001 0.191746875 0.8359375 0.18676718750000001 0.8359375 0.16235312500000001 0.875840625 0.162203125 0.875 0.15014687499999999 0.8681640625 0.14404375 0.833984375 0.14770468750000001 0.8348437499999999 0.0892578125 0.8415625 0.0873046875 0.8406156250000001 0.0420421875 0.866875 0.0396484375 0.8651562500000001 0.0140625 0.854290625 0.015362500000000001 0.8534375000000001 0.026171875 0.8361140625000001 0.027914062499999996 0.8312671875 0.025750000000000002 0.8294796874999999 0 0.8120515625 0
1 0.5510046875 0.15135156249999998 0.5514859375000001 0.1378109375 0.5319875 0.138715625 0.5329515625 0.151953125 0.541015625 0.15258750000000001 0.5413765625 0.1672984375 0.53150625 0.17000781250000002 0.5319875 0.1802390625 0.5423390625 0.1778296875 0.544921875 0.24780312499999999 0.5418046875 0.25113281249999997 0.5325015625 0.2516875 0.533203125 0.2746578125 0.5320578125 0.29100468749999997 0.544921875 0.2941890625 0.546875 0.36743125 0.5546875 0.3698734375 0.5546875 0.2941890625 0.5675 0.29100468749999997 0.56640625 0.2722171875 0.5663921875 0.25085625 0.552734375 0.25024375 0.5510046875 0.163990625 0.561596875 0.163990625 0.561596875 0.15676718750000002 0.5514859375000001 0.1564671875 0.5510046875 0.15135156249999998
1 0.47437500000000005 0.23828125 0.47375 0.24765625 0.47906250000000006 0.248046875 0.47843749999999996 0.25703125 0.4734375 0.2591796875 0.47421875 0.264453125 0.48047500000000004 0.2662953125 0.481196875 0.30691562499999997 0.472290625 0.309625 0.4730125 0.3303859375 0.4814375 0.33399843749999997 0.483121875 0.3749203125 0.49106562499999995 0.37431875 0.49130624999999994 0.3589734375 0.497325 0.35867031250000003 0.49612187499999993 0.344228125 0.4898625 0.34362499999999996 0.489140625 0.3355015625 0.5002140625 0.33399843749999997 0.497325 0.30691562499999997 0.48828125 0.3088375 0.48687500000000006 0.237890625 0.47437500000000005 0.23828125
1 0.465309375 0.32737656249999997 0.46458750000000004 0.3123328125 0.4556796875 0.31353437500000003 0.456403125 0.32497031249999997 0.45904999999999996 0.3258734375 0.46073593749999997 0.3722109375 0.46555 0.3719109375 0.465309375 0.32737656249999997
0 0.83556875 0.22502968750000002 0.8365625 0.231640625 0.8379375 0.2319375 0.9078156249999999 0.2035625 0.9696 0.1779 0.966046875 0.1729671875 0.83556875 0.22502968750000002
0 0.8428125 0.1900390625 0.90625 0.1552734375 0.95375 0.1291015625 0.95140625 0.12265625 0.84109375 0.1841796875 0.8428125 0.1900390625
0 0.95765625 0.06953125 1 0.0451171875 0.9989062499999999 0.03984375 0.9628125000000001 0.0591796875 0.89609375 0.096484375 0.83515625 0.126953125 0.83515625 0.1333984375 0.9 0.101171875 0.95765625 0.06953125
0 0.8790437499999999 0 0.859375 0.0123046875 0.865 0.01640625 0.88765625 0.0009765625 0.8790437499999999 0
0 0.84109375 0 0.8300546875 0.009521875 0.8321328125 0.01774375 0.8459375 0.0029296875 0.84109375 0
0 0.816353125 0.233109375 0.7739843750000001 0.2663828125 0.7785515625 0.2707125 0.8180859375 0.24 0.816353125 0.233109375
0 0.7125578124999999 0.31225625 0.6922390625 0.3236765625 0.692396875 0.330171875 0.7138171875 0.31698125 0.7125578124999999 0.31225625
0 0.7131875 0.2787859375 0.7620140625 0.24413437500000001 0.8105265625 0.2077109375 0.8046875 0.20546875 0.711296875 0.2734703125 0.7131875 0.2787859375
0 0.8146875 0.1478515625 0.8128125 0.1404296875 0.7796875 0.1771484375 0.70765625 0.2517578125 0.7095312500000001 0.2591796875 0.75578125 0.2107421875 0.8025 0.1609375 0.8146875 0.1478515625
0 0.79783125 0.0863296875 0.76909375 0.11828281249999999 0.7335281250000001 0.1559921875 0.7068546875 0.183975 0.687003125 0.2042171875 0.6731890625 0.21751562500000002 0.6536609375 0.2337890625 0.63578125 0.2474609375 0.614375 0.26171875 0.6034375 0.2673828125 0.58546875 0.2744140625 0.566875 0.27890625 0.5674515625 0.2846 0.5885687500000001 0.279240625 0.6106374999999999 0.26951562500000004 0.6342953125 0.255028125 0.653665625 0.24113125000000002 0.69558125 0.205209375 0.7308296875 0.1690875 0.7851296875 0.110146875 0.81355 0.077796875 0.81116875 0.07085156249999999 0.79783125 0.0863296875
0 0.7681250000000001 0 0.7464062499999999 0.03300625 0.7084374999999999 0.08827968750000001 0.6564046875 0.158978125 0.6331234375 0.187884375 0.60828125 0.215234375 0.5967156250000001 0.22789687500000003 0.587809375 0.23727187500000002 0.565934375 0.25074843750000003 0.566871875 0.25719375 0.601403125 0.24020156250000002 0.601403125 0.2433265625 0.579840625 0.2616859375 0.566871875 0.2657875 0.56796875 0.274609375 0.58328125 0.26484375 0.5946875 0.262109375 0.61015625 0.2544921875 0.6285937500000001 0.24296875 0.6478125 0.2271484375 0.6839062499999999 0.194921875 0.7115625 0.1671890625 0.75656875 0.1158203125 0.78844375 0.0775390625 0.8087562500000001 0.05078125 0.804375 0.046875 0.7895375 0.0650390625 0.7637562499999999 0.09609375 0.7376625 0.1271484375 0.71094375 0.1564453125 0.6901625 0.1798828125 0.6603125000000001 0.20859375 0.64296875 0.22421875 0.62734375 0.2353515625 0.6184375 0.2419921875 0.6028125 0.2515625 0.59859375 0.2529296875 0.6196875000000001 0.23359375 0.65109375 0.2021484375 0.681875 0.171484375 0.7409375 0.1041 0.7575000000000001 0.083203125 0.7839031249999999 0.0476515625 0.78203125 0.045703125 0.7803093750000001 0.043940625 0.758746875 0.0707 0.722653125 0.11562187500000001 0.692340625 0.153115625 0.705934375 0.132803125 0.735934375 0.0943265625 0.780778125 0.0302640625 0.778590625 0.0240140625 0.742496875 0.0746 0.6876562500000001 0.145703125 0.6579671874999999 0.1788921875 0.6409374999999999 0.196484375 0.6323421875 0.2054546875 0.6078078125 0.2259578125 0.6389015625 0.1921671875 0.6649953125 0.15935468749999998 0.6959375 0.1175765625 0.73625 0.059568750000000004 0.77640625 0 0.7681250000000001 0
0 0.7446875000000001 0 0.73265625 0.017578125 0.702496875 0.06601718749999999 0.67093125 0.1123125 0.64561875 0.1453203125 0.6181203125 0.181065625 0.6006203125 0.2015734375 0.5837453125 0.2195421875 0.5639015625 0.2361359375 0.5534328125 0.24277656250000001 0.5540625 0.2482421875 0.56984375 0.2388671875 0.5871875 0.223828125 0.6 0.2111328125 0.6240625 0.1849609375 0.64609375 0.1578125 0.6803125 0.109765625 0.70375 0.0755859375 0.738434375 0.02168125 0.7531218749999999 0.0000015625 0.7446875000000001 0
0 0.6615624999999999 0 0.64296875 0.0324265625 0.615625 0.07851875 0.5939062500000001 0.11289374999999999 0.56953125 0.1435578125 0.5590625 0.1533234375 0.5609375 0.1591796875 0.5739062500000001 0.1533203125 0.5873437499999999 0.14296875 0.6071875 0.123046875 0.62734375 0.09765625 0.6684421875 0.0404859375 0.68515625 0.012698437500000001 0.6917187499999999 0.0000046875000000000004 0.685625 0 0.67484375 0.016995312500000002 0.65515625 0.0470703125 0.629375 0.08515937500000001 0.59953125 0.12402656249999999 0.58125 0.141409375 0.59765625 0.11777656249999999 0.6212500000000001 0.0839875 0.6442187500000001 0.043559375 0.66984375 0 0.6615624999999999 0
0 0.5440625 0.135546875 0.55 0.13828125 0.5675 0.1212890625 0.5834374999999999 0.1005859375 0.61046875 0.0607421875 0.6285937500000001 0.028125 0.64328125 0.0001953125 0.6375 0 0.61890625 0.03359375 0.59859375 0.0673828125 0.57578125 0.1013671875 0.5440625 0.135546875
0 0.5125 0.2966796875 0.52390625 0.2787109375 0.5314062500000001 0.265234375 0.52953125 0.2607421875 0.51671875 0.2818359375 0.510625 0.2916015625 0.50609375 0.29765625 0.49828124999999995 0.306640625 0.49906249999999996 0.3111328125 0.5125 0.2966796875
0 0.53203125 0.27109375 0.5248437499999999 0.28359375 0.5096875 0.3064453125 0.5065625 0.3091796875 0.49921875 0.3125 0.500625 0.3177734375 0.50671875 0.3158203125 0.5121875 0.3111328125 0.525625 0.2904296875 0.5328125 0.278515625 0.53203125 0.27109375
0 0.5118750000000001 0.321484375 0.52421875 0.305078125 0.533125 0.2921875 0.53125 0.2869140625 0.5131249999999999 0.311328125 0.5071875 0.3193359375 0.50171875 0.3234375 0.5015625 0.3234375 0.50171875 0.329296875 0.5118750000000001 0.321484375
0 0.49734375000000003 0.22734375 0.49109375 0.235546875 0.4871875 0.237890625 0.48703124999999997 0.2431640625 0.49234375 0.241796875 0.5014062499999999 0.23046875 0.51109375 0.2126953125 0.5193749999999999 0.1943359375 0.53578125 0.1509765625 0.5310937499999999 0.1505859375 0.5184375 0.1828125 0.5075000000000001 0.2095703125 0.5014062499999999 0.2205078125 0.49734375000000003 0.22734375
0 0.52265625 0.223046875 0.5175 0.23203125 0.51484375 0.2361328125 0.51109375 0.239453125 0.509375 0.240234375 0.51453125 0.2287109375 0.5235937500000001 0.211328125 0.53671875 0.179296875 0.530625 0.178515625 0.5193749999999999 0.205859375 0.51 0.225390625 0.505 0.2373046875 0.4984375 0.2458984375 0.495625 0.248828125 0.48890625 0.254296875 0.488125 0.262890625 0.4971875 0.257421875 0.5 0.2533203125 0.5064062500000001 0.2517578125 0.516875 0.242578125 0.5225 0.234375 0.52921875 0.222265625 0.5409375 0.198828125 0.5371875 0.1955078125 0.52890625 0.2111328125 0.52265625 0.223046875