1 0.2338359375 0.1059515625 0.25 0.11108437499999999 0.251953125 0.12573281249999999 0.255859375 0.4504390625 0.2578125 0.4675296875 0.265625 0.4699703125 0.259765625 0.11840781250000001 0.2626953125 0.1098640625 0.2919921875 0.10498125 0.2951765625 0.1031625 0.294371875 0.0966265625 0.294246875 0.0875953125 0.2879265625 0.08922187499999999 0.2841796875 0.09765625 0.236253125 0.10037499999999999 0.2338359375 0.1059515625
1 0.330078125 0.4602046875 0.33109375 0.393359375 0.3271484375 0.39306718749999997 0.32234375000000004 0.3943359375 0.32203125 0.4607421875 0.330078125 0.4602046875
1 0.3490625 0.23125 0.35031249999999997 0.222265625 0.3 0.220703125 0.30109375 0.232421875 0.322265625 0.23803749999999999 0.32421875 0.318603125 0.330078125 0.318603125 0.330078125 0.23803749999999999 0.3490625 0.23125
1 0.3759375 0.287109375 0.3759375 0.2822265625 0.33890625 0.28203125 0.33875 0.28671875 0.35546875 0.29663125 0.35546875 0.360546875 0.361328125 0.3601078125 0.36328125 0.2941890625 0.3759375 0.287109375
0 0.130096875 0 0.21108125000000003 0.0266296875 0.37234375000000003 0.0705 0.41045468749999997 0.0809046875 0.4647265625 0.09315 0.4648875 0.08545 0.43767500000000004 0.07847499999999999 0.300375 0.0430671875 0.2075046875 0.0168703125 0.146196875 0 0.130096875 0
0 0.5089765625 0.021428125 0.48445 0.0184609375 0.4190484375 0.011537500000000001 0.32331875 0 0.287109375 0.0012203125 0.44037812499999995 0.021546875 0.5078125 0.028076562500000003 0.5087890625 0.0219734375 0.5089765625 0.021428125
0 0.2369390625 0 0.28117187499999996 0.014840625 0.433221875 0.0605765625 0.449646875 0.0654546875 0.458265625 0.0680984375 0.475665625 0.07277343750000001 0.481975 0.0738421875 0.4820078125 0.0672859375 0.3224796875 0.0195078125 0.256128125 0 0.2369390625 0
0 0.1025390625 0 0.1397 0.057109375 0.1473140625 0.05674375 0.1227125 0.0186703125 0.1098265625 0 0.1025390625 0
0 0.0148734375 0 0.0968125 0.092640625 0.10294375 0.090009375 0.021965625 0 0.0148734375 0
0 0.3146875 0.219921875 0.3259375 0.2236328125 0.331484375 0.2191984375 0.26273124999999997 0.1920859375 0.2621875 0.1982421875 0.2735765625 0.202828125 0.3146875 0.219921875
0 0.47367968749999995 0.37370156250000003 0.40465 0.3748203125 0.405790625 0.3812390625 0.42233593750000004 0.3812390625 0.48596562499999996 0.38003437500000004 0.483353125 0.37377812499999996 0.47367968749999995 0.37370156250000003
0 0 0.0228125 0.0115734375 0.03421875 0.0391703125 0.0620375 0.074140625 0.096678125 0.081075 0.09534375 0.0309359375 0.046003125 0 0.016134375 0 0.0228125
0 0.26355 0.2747015625 0.3001765625 0.30565000000000003 0.3040625 0.3005859375 0.29281250000000003 0.291015625 0.2676421875 0.2700984375 0.26355 0.2747015625
0 0.26328125 0.253515625 0.26265625 0.262109375 0.3065203125 0.3000234375 0.312659375 0.29900000000000004 0.29890625000000004 0.2853515625 0.3228890625 0.2913265625 0.32309375 0.284678125 0.3090625 0.282421875 0.2881046875 0.27521249999999997 0.26328125 0.253515625
0 0.4533203125 0.325084375 0.3732328125 0.3022328125 0.37236250000000004 0.306040625 0.451796875 0.33106874999999997 0.4533203125 0.325084375
0 0.3953125 0.301171875 0.37547031249999996 0.296325 0.3746 0.301765625 0.45484375000000005 0.3228515625 0.4575 0.3171875 0.3953125 0.301171875
0 0.5212203125 0.28400625 0.5001562500000001 0.2779296875 0.4187171875 0.25299375 0.351253125 0.2306875 0.346465625 0.2342234375 0.39913125 0.2535375 0.46594375 0.27475625 0.5212203125 0.2916234375 0.5212203125 0.28400625
0 0.46828125 0.2654296875 0.5223093750000001 0.279109375 0.5236156249999999 0.273125 0.45854375 0.2562578125 0.388903125 0.2358546875 0.3623515625 0.22769374999999997 0.355 0.2255859375 0.35203125 0.2248046875 0.35038281250000003 0.229596875 0.4322109375 0.254625 0.46828125 0.2654296875