1 0.5132296875 0.251953125 0.515625 0.2722171875 0.521484375 0.2722171875 0.5234375 0.2526859375 0.5380859375 0.2490234375 0.543340625 0.24549218750000001 0.5426656249999999 0.2328515625 0.5224609375 0.23193437499999997 0.49412968749999997 0.2336953125 0.49421875000000004 0.243359375 0.49765625 0.246875 0.503125 0.2501953125 0.5132296875 0.251953125
1 0.5541265625 0 0.552734375 0.0012203125 0.5536765625 0.011234375000000001 0.58984375 0.013428124999999999 0.58984375 0.0573734375 0.5734515625000001 0.0575796875 0.5658109375 0.0573 0.5453625 0.0587046875 0.546875 0.0769046875 0.5751953125 0.0805671875 0.58984375 0.091553125 0.590465625 0.40542656250000003 0.591796875 0.4406734375 0.5987390625 0.4417140625 0.60546875 0.4382328125 0.6040625000000001 0.185546875 0.603515625 0.0964359375 0.6220703125 0.078125 0.648953125 0.07668125 0.648953125 0.0660078125 0.603515625 0.064696875 0.603515625 0.013428124999999999 0.6496265625000001 0.012640624999999999 0.6514234375 0 0.5541265625 0
1 0.7734375 0.2526859375 0.771484375 0.11352500000000001 0.7666015625 0.1098640625 0.763653125 0.1112671875 0.766684375 0.253884375 0.7734375 0.2526859375
0 0.9991937500000001 0.07828281249999999 0.9168328125 0.10320156250000001 0.9115984375 0.09942656250000001 0.9053546875 0.10018125 0.900925 0.10370468749999999 0.8993140625 0.1092421875 0.7714453125 0.135671875 0.7724515625 0.142971875 0.8534015625 0.1258546875 0.9007234375 0.11528281250000001 0.9027375 0.11528281250000001 0.9043484375 0.117296875 0.9099875000000001 0.117296875 0.915221875 0.1127671875 0.9176390624999999 0.10949374999999999 0.9581140625 0.09766406250000001 1 0.08407187499999999 0.9991937500000001 0.07828281249999999
0 0.9117984375000001 0.1988515625 0.929921875 0.10697656250000001 0.9236796875 0.10672656250000001 0.9061609374999999 0.196334375 0.9117984375000001 0.1988515625
0 0.9416015625 0 0.92569375 0.098921875 0.926096875 0.098921875 0.9309296874999999 0.09917343749999999 0.9480453125 0.0090625 0.94965625 0 0.9416015625 0
0 0.6806062500000001 0.20913906249999997 0.7043609375 0.224415625 0.70608125 0.21968125 0.6394671875 0.1785859375 0.6377453125 0.1828890625 0.6806062500000001 0.20913906249999997
0 0.6847375 0.150615625 0.655475 0.15556406250000002 0.6525484374999999 0.16094375 0.695065625 0.15599375 0.7639171874999999 0.1445890625 0.7628859375 0.1379203125 0.6847375 0.150615625
0 0.6127875 0.20461875 0.6160578125 0.20913906249999997 0.625525 0.19709062500000002 0.64308125 0.173421875 0.6628765624999999 0.14588125000000002 0.7127953125000001 0.0748765625 0.762540625 0.0008609375 0.7570328125 0 0.7162375 0.057878125 0.663909375 0.13469375 0.6267296875 0.187621875 0.6127875 0.20461875
0 0.7272546875 0 0.6952375 0.053578125 0.630171875 0.15986406250000001 0.6034921875 0.202246875 0.6053859375 0.2097828125 0.629828125 0.171484375 0.65065625 0.13791718749999998 0.7045328125 0.049275 0.734828125 0 0.7272546875 0
0 0.6246640625000001 0.1678203125 0.6057296875 0.154478125 0.6046968749999999 0.16071875 0.621221875 0.172553125 0.6246640625000001 0.1678203125
0 0.63034375 0.157921875 0.6126140625 0.15878281249999998 0.617090625 0.1628703125 0.6291390625 0.1624390625 0.63034375 0.157921875
0 0.6103765625 0.13834531249999998 0.604353125 0.14221875 0.604525 0.1499609375 0.6098609374999999 0.1469484375 0.6169171875 0.1383421875 0.625525 0.125646875 0.63 0.1161796875 0.6460078125 0.07788437499999999 0.640671875 0.0776703125 0.6330984374999999 0.094453125 0.6248359375 0.1144625 0.6188109374999999 0.1271578125 0.6103765625 0.13834531249999998
0 0.6658031249999999 0 0.6448031249999999 0.0645484375 0.6487625 0.0694984375 0.6713109375 0 0.6658031249999999 0
0 0.6157125 0.0675609375 0.6291390625 0.010971875 0.6236312500000001 0.0114046875 0.6100328125 0.06713125 0.6157125 0.0675609375
0 0.58989375 0.1689046875 0.5890328125 0.1669671875 0.588171875 0.16933437499999998 0.57715625 0.20031875000000002 0.5508203125 0.2657265625 0.5556390625 0.26637343750000003 0.567171875 0.2394765625 0.58989375 0.1785859375 0.58989375 0.1689046875
0 0.5884375000000001 0.1564453125 0.5864499999999999 0.1529828125 0.5726796875 0.19128125 0.56359375 0.216796875 0.5434187500000001 0.26658750000000003 0.5477218749999999 0.268525 0.5656234375 0.225921875 0.5890328125 0.1596515625 0.5884375000000001 0.1564453125
0 0.5626562500000001 0.1765640625 0.555625 0.20566562500000002 0.53703125 0.2650359375 0.54125 0.2662109375 0.55359375 0.226171875 0.5701562499999999 0.17226875 0.5796875 0.1205109375 0.58515625 0.09101875000000001 0.58109375 0.0892609375 0.5743750000000001 0.11758125 0.5560937499999999 0.17793125 0.54390625 0.2209 0.5465625000000001 0.222853125 0.5626562500000001 0.1765640625
0 0.524953125 0 0.5176640625 0.05735781250000001 0.50871875 0.12817343750000001 0.4939765625 0.234553125 0.49944218749999997 0.23393125 0.50905 0.1693609375 0.521971875 0.0677140625 0.5314140625 0 0.524953125 0
0 0.544628125 0 0.5404687499999999 0.0751953125 0.5327015625 0.1495015625 0.5254125000000001 0.183875 0.5134859374999999 0.23170625 0.5176265625 0.23298437500000002 0.5254125000000001 0.202959375 0.5361796875 0.15554062500000002 0.531875 0.195703125 0.53578125 0.198046875 0.54115 0.1356234375 0.54640625 0.0611328125 0.55 0 0.544628125 0
0 0.58078125 0.0095703125 0.57625 0.008984375 0.573125 0.0232421875 0.57375 0.0103515625 0.5684375 0.010546875 0.56578125 0.0150390625 0.55796875 0.037890625 0.5506249999999999 0.0568359375 0.55140625 0.0572265625 0.5549999999999999 0.0572265625 0.5662499999999999 0.0294921875 0.5640625 0.0564453125 0.5715625 0.0572265625 0.58984375 0.020703125 0.5865625 0.0134765625 0.57578125 0.036328125 0.58078125 0.0095703125
0 0.579375 0.0837828125 0.57328125 0.08163437500000001 0.55625 0.1492125 0.5665625000000001 0.0775328125 0.5603125 0.0779234375 0.54515625 0.15078125 0.5234375 0.2328125 0.52953125 0.23300625 0.5378125 0.199803125 0.54984375 0.1597640625 0.5375 0.23203125 0.54203125 0.2355453125 0.5440625 0.22011562499999998 0.551875 0.18144375 0.5623437499999999 0.14394374999999998 0.579375 0.0837828125