1 0.217659375 0.3381390625 0.21722812500000002 0.3419140625 0.21875 0.345459375 0.21875 0.3698734375 0.220703125 0.3723140625 0.22283750000000002 0.4219984375 0.22564062499999998 0.424965625 0.23046875 0.426025 0.23046875 0.4113765625 0.228515625 0.4089359375 0.228515625 0.3820796875 0.2265625 0.3796390625 0.224609375 0.325928125 0.22283750000000002 0.3214203125 0.22265625 0.3137203125 0.2197265625 0.3125 0.21722812500000002 0.3130609375 0.217659375 0.3381390625
1 0.6016375 0.1601703125 0.59765625 0.084228125 0.6154437500000001 0.07873593749999999 0.6150125 0.0730734375 0.5977546874999999 0.07685 0.595703125 0.0598140625 0.5888671875 0.05859375 0.5820078125 0.060939062499999995 0.5671234375 0.060131250000000004 0.5666921874999999 0.06714218749999999 0.5869387859375 0.069107821875 0.587890625 0.09399375 0.5712890625 0.0927734375 0.5703125 0.0988765625 0.5891265625 0.10246718749999999 0.591796875 0.13793906250000001 0.591526428125 0.1640068765625 0.5719806468749999 0.1640068765625 0.572265625 0.18920937499999999 0.57273125 0.2116734375 0.592947940625 0.2126936421875 0.5943031249999999 0.2494234375 0.587184375 0.25077343750000003 0.587184375 0.256975 0.5953828125 0.2575140625 0.6012062499999999 0.45759218749999997 0.6106984375 0.45624374999999995 0.60546875 0.25756875 0.6130718749999999 0.2556265625 0.6115609375 0.248615625 0.6053861640625 0.24894218281249997 0.6041423421875 0.21216057500000002 0.6240734375 0.211134375 0.623046875 0.18432656249999999 0.621915625 0.164753125 0.6014770078125 0.1650730109375 0.6016375 0.1601703125
1 0.5545312499999999 0.1375 0.552884375 0.128290625 0.5464046875 0.1270109375 0.5383921875000001 0.1280765625 0.5385625 0.1340453125 0.5469171875 0.1368140625 0.5472578125 0.15045312500000002 0.54095 0.15151874999999998 0.5418015625 0.15812500000000002 0.5488810875000001 0.15992003125 0.5492364640625 0.17004829999999999 0.5519017984375 0.2199788875 0.541595840625 0.2199788875 0.54296875 0.24047812500000001 0.5442578124999999 0.2540078125 0.5556859375000001 0.253959375 0.5570968749999999 0.280915625 0.55859375 0.3088375 0.564453125 0.3088375 0.564453125 0.2526859375 0.5735953125 0.25158125 0.572265625 0.23071250000000001 0.570575 0.218953125 0.5615234375 0.2197265625 0.55859375 0.21606406250000001 0.55546875 0.148046875 0.5626562500000001 0.14453125 0.56140625 0.13828125 0.5545312499999999 0.1375
1 0.5312714390625 0.24138862656249999 0.5308026890625 0.24920112656249999 0.5275214390625 0.25042143906250003 0.5275214390625 0.2533026890625 0.5322089390625 0.2552558140625 0.5323651890625001 0.2613105015625 0.5329901890625 0.2667792515625 0.5337964390625001 0.2944776890625 0.5336933140625 0.30200581406250004 0.5392401890625 0.3016917515625 0.5385698765625 0.2680526890625 0.5372870640625 0.2626292515625 0.53733130625 0.24574378281249998 0.5389305078125 0.2443222703125 0.53875281875 0.24005773593750002 0.5368964390625 0.2357245640625 0.5364276890624999 0.2324042515625 0.5339276890625 0.2312323765625 0.5289276890625 0.2310370640625 0.5258026890624999 0.23259956406249999 0.5261151890625 0.2361151890625 0.5306464390625 0.2380683140625 0.5312714390625 0.24138862656249999
0 0.662815625 0.23843125 0.6482140625 0.2486984375 0.6509515625 0.253546875 0.6653265625 0.24384999999999998 0.662815625 0.23843125
0 0.7786484375 0.1450625 0.775021875 0.1399953125 0.7355562499999999 0.1794625 0.6828640625 0.22532812500000002 0.6860640625000001 0.22986093749999997 0.7095296875 0.210928125 0.74216875 0.1815953125 0.7786484375 0.1450625
0 0.908990625 0 0.8565125 0.056265625 0.7980609375000001 0.118396875 0.802540625 0.1218640625 0.824940625 0.097596875 0.8795515625 0.041332812499999996 0.917525 0 0.908990625 0
0 0.8349671875 0 0.7937937500000001 0.049865625000000004 0.7972078125000001 0.05573281249999999 0.8413656250000001 0.0005328125000000001 0.8349671875 0
0 0.61194375 0.24995937499999998 0.644059375 0.2229546875 0.66011875 0.209334375 0.6562953125 0.20550937500000002 0.609075 0.24470156250000002 0.61194375 0.24995937499999998
0 0.65140625 0.178125 0.623125 0.1958984375 0.62421875 0.202734375 0.6534375 0.1826171875 0.65140625 0.178125
0 0.6440625 0.1626953125 0.62234375 0.178125 0.6240625 0.1833984375 0.64734375 0.1677734375 0.6440625 0.1626953125
0 0.6642187500000001 0.1267578125 0.66078125 0.123828125 0.63453125 0.151953125 0.620625 0.16171875 0.6228125 0.16640625 0.635 0.1578125 0.64453125 0.1494140625 0.6643749999999999 0.127734375 0.6642187500000001 0.1267578125
0 0.64265625 0.1154296875 0.65859375 0.083203125 0.65390625 0.0794921875 0.6328125 0.12109375 0.61890625 0.145703125 0.60765625 0.1638671875 0.6128125 0.166015625 0.62296875 0.151953125 0.62796875 0.1521484375 0.63171875 0.1517578125 0.6471875 0.13203125 0.6609375 0.112890625 0.656875 0.1111328125 0.6515625 0.1173828125 0.63109375 0.1453125 0.6265625 0.1462890625 0.64265625 0.1154296875
0 0.6014062499999999 0.1595703125 0.61046875 0.1470703125 0.6271875 0.1169921875 0.64171875 0.0859375 0.6625 0.039453125 0.65796875 0.0375 0.64390625 0.0677734375 0.62828125 0.1017578125 0.6159375 0.127734375 0.6003125 0.1521484375 0.6014062499999999 0.1595703125
0 0.6443749999999999 0.053125 0.65703125 0.021484375 0.65140625 0.0193359375 0.635 0.0572265625 0.630625 0.060546875 0.615625 0.0724609375 0.6168750000000001 0.077734375 0.63015625 0.0685546875 0.60625 0.1203125 0.599375 0.132421875 0.6012500000000001 0.1380859375 0.6079687500000001 0.1279296875 0.61984375 0.1064453125 0.6342187499999999 0.07421875 0.6443749999999999 0.053125
0 0.608125 0.0822265625 0.59828125 0.0998046875 0.6003125 0.107421875 0.6129687500000001 0.084375 0.608125 0.0822265625
0 0.6214062499999999 0 0.595 0.0609375 0.59828125 0.0697265625 0.6284375 0.0001953125 0.6214062499999999 0
0 0.6 0 0.59609375 0.0119140625 0.59046875 0.0236328125 0.5860937500000001 0.032421875 0.583125 0.0380859375 0.58 0.044140625 0.5775 0.0484375 0.5684375 0.05859375 0.5745312499999999 0.0607421875 0.5796875 0.0552734375 0.584375 0.048828125 0.5935937499999999 0.032421875 0.60390625 0.0099609375 0.60671875 0 0.6 0
0 0.5660937500000001 0.0658203125 0.54609375 0.12578125 0.55234375 0.127734375 0.55734375 0.1138671875 0.5715625 0.067578125 0.5660937500000001 0.0658203125
0 0.5782812500000001 0.0935546875 0.58875 0.083203125 0.586875 0.0759765625 0.57359375 0.0912109375 0.5771875 0.0935546875 0.5782812500000001 0.0935546875
0 0.56703125 0.0982421875 0.5549999999999999 0.1375 0.56046875 0.138671875 0.57203125 0.1001953125 0.56703125 0.0982421875
0 0.588125 0.146875 0.58828125 0.1408203125 0.57265625 0.140625 0.58984375 0.121875 0.5862499999999999 0.11796875 0.5709375 0.1345703125 0.56984375 0.1361328125 0.56171875 0.137890625 0.56203125 0.145703125 0.588125 0.146875
0 0.58859375 0.1501953125 0.57546875 0.16328125 0.57921875 0.1666015625 0.5912499999999999 0.1541015625 0.58859375 0.1501953125
0 0.57078125 0.1734375 0.558125 0.2037109375 0.5609375 0.21015625 0.57296875 0.1796875 0.57078125 0.1734375
0 0.57140625 0.191796875 0.559375 0.2154296875 0.56296875 0.2189453125 0.57515625 0.19453125 0.57140625 0.191796875
0 0.5859375 0.2408203125 0.59453125 0.233984375 0.59265625 0.228515625 0.586875 0.2341796875 0.5796875 0.238671875 0.573125 0.240625 0.57328125 0.2453125 0.5815625 0.24375 0.5859375 0.2408203125
0 0.589375 0.2162109375 0.5728125000000001 0.2296875 0.5756249999999999 0.234375 0.59265625 0.2201171875 0.589375 0.2162109375
0 0.53203125 0.2134765625 0.52796875 0.230859375 0.5365624999999999 0.23083125 0.5384375 0.2236046875 0.54171875 0.1991921875 0.5443749999999999 0.17751250000000002 0.5446875 0.1577859375 0.53828125 0.157590625 0.5371875 0.17421875 0.5349999999999999 0.1958984375 0.53203125 0.2134765625
0 0.5248437499999999 0.25390625 0.52421875 0.28125 0.52828125 0.2818359375 0.52953125 0.258203125 0.5296875 0.25390625 0.5248437499999999 0.25390625
0 0.45968749999999997 0.3265625 0.4034375 0.330859375 0.40359375000000003 0.336328125 0.46046875 0.33203125 0.45968749999999997 0.3265625
0 0.40640625 0.3267578125 0.46656250000000005 0.3205078125 0.46609375000000003 0.314453125 0.4625 0.3146484375 0.40531249999999996 0.321875 0.40640625 0.3267578125
0 0.1257625 0.260328125 0.050506249999999996 0.2522796875 0.049903125 0.2578125 0.125359375 0.2668671875 0.1257625 0.260328125
0 0.1945046875 0.342709375 0.21290468749999997 0.336390625 0.217959375 0.3336109375 0.2169484375 0.3293140625 0.1941 0.3351265625 0.1835875 0.33790624999999996 0.10837343749999999 0.35281875 0.1089796875 0.3558515625 0.10958593750000001 0.3591359375 0.1945046875 0.342709375
0 0.020203125 0.35481250000000003 0 0.34395312499999997 0.0001953125 0.3503046875 0.0050953125 0.3534875 0.0166578125 0.3591234375 0.038343749999999996 0.369096875 0.0584984375 0.3751765625 0.086409375 0.382821875 0.10934999999999999 0.386646875 0.1091578125 0.3808296875 0.08525625 0.3770359375 0.0484875 0.36668124999999996 0.020203125 0.35481250000000003
0 0.5145171875 0.29600624999999997 0.5145171875 0.2921296875 0.4760375 0.29100000000000004 0.47575312500000005 0.28908125 0.520309375 0.2745875 0.5198328125 0.2697015625 0.46307656250000007 0.2859515625 0.456175 0.2874234375 0.44850625 0.287421875 0.35192812500000004 0.2821609375 0.3525921875 0.2882515625 0.43698750000000003 0.29240625 0.43311406249999995 0.29373593750000004 0.37208593749999996 0.3045875 0.37335625 0.310359375 0.4290140625 0.3001578125 0.4516078125 0.294621875 0.467778125 0.295728125 0.5145171875 0.29600624999999997
0 0.7709875 0.07918125000000001 0.741259375 0.11286875 0.720521875 0.13700937500000002 0.6918046875 0.16913125 0.694584375 0.173646875 0.7040296875000001 0.1646171875 0.73486875 0.1298859375 0.7754328125 0.08265625 0.7709875 0.07918125000000001