1 0.0859375 0.3869625 0.091796875 0.19653281250000001 0.09375 0.072021875 0.0888671875 0.068359375 0.0796453125 0.0682890625 0.072265625 0.318603125 0.072265625 0.3894046875 0.07421875 0.3991703125 0.080078125 0.3991703125 0.0859375 0.3869625
1 0.5896984375 0.3792671875 0.59375 0.081375 0.5986328125 0.05818125 0.6294203125 0.0566078125 0.6310046875 0.0431453125 0.6162109375 0.043532812500000004 0.5480109375 0.0423515625 0.54864375 0.0589828125 0.5853890625 0.059773437500000005 0.58203125 0.37434375000000003 0.5896984375 0.3792671875
1 0.53515625 0.3723140625 0.544921875 0.17944374999999999 0.564453125 0.17700156250000001 0.5638359375 0.1670921875 0.5416453125 0.16575625 0.5168234375 0.16519375 0.5165828125 0.1754234375 0.537109375 0.17944374999999999 0.529296875 0.32836875 0.529296875 0.3723140625 0.53515625 0.3723140625
0 0.65608125 0.195875 0.6950578125 0.16273437500000001 0.7734078125 0.08433437499999999 0.8110937500000001 0.0439453125 0.8062515625 0.037840625 0.7236328125 0.1245125 0.6794484375 0.16625625 0.5928828125 0.2333203125 0.5983078125 0.23791875 0.65608125 0.195875
0 0.5921875 0.2095703125 0.594375 0.21640625 0.61234375 0.201953125 0.6904296875 0.1318359375 0.7340359375000001 0.08136718750000001 0.8043374999999999 0.00221875 0.7957703125 0 0.7427406249999999 0.058367187499999994 0.6990296875 0.10881875 0.6748046875 0.134278125 0.6017187500000001 0.2015625 0.5921875 0.2095703125
0 0.1406703125 0.1008578125 0.187384375 0.10417499999999999 0.3678671875 0.11412968750000001 0.5561546875000001 0.124203125 0.585028125 0.12519843749999998 0.584978125 0.1167828125 0.1974703125 0.0962125 0.14093125 0.0924984375 0.1406703125 0.1008578125
0 0.5838328125000001 0.1508359375 0.562515625 0.1492421875 0.357628125 0.13017812499999998 0.13640000000000002 0.11499375 0.135909375 0.1232875 0.164225 0.1244671875 0.29616875 0.1344421875 0.388853125 0.1409828125 0.5169265625 0.15364843749999998 0.583684375 0.1580625 0.5838328125000001 0.1508359375
0 0.5408828125 0.27363593750000004 0.55359375 0.2607421875 0.5747734375 0.2371734375 0.58375 0.2267578125 0.583125 0.218359375 0.5650000000000001 0.2380859375 0.5408828125 0.2670375 0.5408828125 0.27363593750000004
0 0.649459375 0.2891640625 0.6530703124999999 0.2834453125 0.62586875 0.259675 0.600834375 0.23620468749999998 0.5955375 0.24041875 0.6152765625 0.2599765625 0.649459375 0.2891640625
0 1 0.17806875 0.828628125 0.171390625 0.7712515625 0.1671859375 0.7540375 0.166196875 0.69468125 0.163228125 0.6884375 0.1685546875 0.7684624999999999 0.1738625 0.8144125000000001 0.17683125 1 0.1840046875 1 0.17806875
0 0.5936312499999999 0.15855468749999999 0.6435234375000001 0.1642640625 0.6467375 0.158978125 0.6359125 0.15770937499999998 0.5944765624999999 0.1530578125 0.5936312499999999 0.15855468749999999
1 0.33203125 0.3625484375 0.333984375 0.3601078125 0.333984375 0.25756875 0.3447265625 0.24658281249999997 0.3623046875 0.244140625 0.365234375 0.24047812500000001 0.3642578125 0.23681718749999997 0.3447265625 0.2392578125 0.328125 0.2526859375 0.326171875 0.357665625 0.33203125 0.3625484375
0 0.546875 0.2798828125 0.5396124999999999 0.2811703125 0.5394187500000001 0.285296875 0.5485484375 0.28456875 0.5582609374999999 0.27461250000000004 0.58375 0.244140625 0.582346875 0.23746406250000002 0.546875 0.2798828125
0 0.68234375 0.1619140625 0.6587500000000001 0.1603515625 0.65546875 0.164453125 0.6793750000000001 0.166796875 0.68234375 0.1619140625
0 0.64265625 0 0.611890625 0.040328125 0.619084375 0.043053125 0.6521874999999999 0 0.64265625 0
0 0.6271609375 0 0.5999015625 0.042234375000000005 0.60055625 0.042779687500000003 0.6079671875 0.043596875 0.63434375 0.0005453125 0.6271609375 0
0 0.6575 0 0.6250078125 0.04245 0.632296875 0.0453484375 0.665625 0.0001953125 0.6575 0
0 0.6800296875 0.12527656250000002 0.5964734375 0.120359375 0.594621875 0.126146875 0.678178125 0.13135312500000002 0.6800296875 0.12527656250000002
0 0.7215703125 0.125884375 0.69644375 0.12489531250000001 0.6922890625 0.131078125 0.7164265624999999 0.1313234375 0.7215703125 0.125884375
0 0.7284953125 0.13182031249999998 0.86938125 0.13503437499999998 0.869184375 0.12959375 0.7316765625 0.12613125 0.7279171875 0.1300875 0.7284953125 0.13182031249999998
0 0.7085125 0.0905171875 0.6754687500000001 0.12109375 0.68021875 0.12415156249999999 0.7106890625 0.09620625000000001 0.7085125 0.0905171875
0 0.66578125 0.1306640625 0.65109375 0.14765625 0.6553125 0.151171875 0.670625 0.1326171875 0.66578125 0.1306640625