1 0.6025390625 0.163575 0.5869140625 0.15625 0.5517578125 0.15625 0.54610181875 0.16061818125 0.54815773125 0.1688418328125 0.5579233171875 0.1698697890625 0.580024378125 0.1657579640625 0.5913318984375 0.16729989843749998 0.6124050046875 0.1829762328125 0.6165168296875 0.18708805781249999 0.6171875 0.20385781249999999 0.619140625 0.20629843750000001 0.619140625 0.25024375 0.6230550187499999 0.252166078125 0.626953125 0.2526859375 0.62890625 0.25024375 0.62890625 0.19165000000000001 0.6278125 0.17890625 0.626953125 0.13305625000000001 0.626875 0.127734375 0.61421875 0.128125 0.615234375 0.16479531249999999 0.6157458625000001 0.1696128 0.615231884375 0.1734676359375 0.6025390625 0.163575
1 0.15584375625 0.148163571875 0.1552734375 0.166015625 0.13213906250000002 0.166865625 0.13186718749999998 0.17972656250000002 0.155203740625 0.1792043203125 0.155203740625 0.19936480625 0.1329515625 0.20037500000000003 0.1337625 0.2115421875 0.15584375625 0.21184510625000003 0.1603 0.46268750000000003 0.170046875 0.46235 0.1689640734375 0.2099250609375 0.192521875 0.2084984375 0.1930625 0.195634375 0.16869375 0.19665 0.168644065625 0.1779242890625 0.193924675 0.176964265625 0.193924675 0.1635239421875 0.16832405781249998 0.164483965625 0.16800405000000002 0.14752355625 0.15584375625 0.148163571875
1 0.3557828125 0.2337984375 0.2939199125 0.235930940625 0.2934359375 0.243728125 0.2978515625 0.244140625 0.3067803703125 0.24434869531249997 0.3077156765625 0.2522987953125 0.3133275125 0.2522987953125 0.312859859375 0.24364721562499997 0.3198746546875 0.24411486875000002 0.3203125 0.2551265625 0.32197909375 0.3299291953125 0.3119245546875 0.330163021875 0.311971875 0.3535546875 0.3250188375 0.35307801875 0.32421875 0.4284671875 0.328125 0.4382328125 0.32829648906250003 0.46570307812499995 0.3330078125 0.46630937499999997 0.3371155453125 0.46570307812499995 0.3327351125 0.3521427125 0.3420881734375 0.3509735796875 0.3418203125 0.3300859375 0.33179980625 0.3294615421875 0.33133215312500003 0.31543195156250003 0.330078125 0.25024375 0.3416205203125 0.2506620109375 0.3432573046875 0.2424780828125 0.3554162828125 0.2424780828125 0.35635158906250003 0.23850303281250002 0.3557828125 0.2337984375
1 0.9266078125 0 0.93359375 0.0598140625 0.962890625 0.2526859375 0.98046875 0.599365625 0.9821203125 0.622559375 1 0.6213375 1 0.355225 0.970703125 0.0354 0.9681453125000001 0 0.9266078125 0
0 0.7749046875000001 0 0.7661984375 0.16738124999999998 0.7622953125 0.16850625 0.76109375 0.1820171875 0.7637953125 0.18464375 0.76248125 0.22873281250000002 0.7683 0.2263015625 0.7710015625 0.188396875 0.773103125 0.186521875 0.7743046875 0.140359375 0.7823171875 0 0.7749046875000001 0
0 0.5870124999999999 0.15714062499999998 0.5931484375 0.1558265625 0.6010390625 0.153634375 0.6098046874999999 0.1492515625 0.6131359375 0.1472796875 0.6141890625 0.146403125 0.6134875 0.140046875 0.6064734374999999 0.14442968750000001 0.5994609375 0.1474984375 0.5843812500000001 0.1529765625 0.5870124999999999 0.15714062499999998
0 0.6917187499999999 0 0.6864250000000001 0.0127109375 0.67678125 0.0339703125 0.6620546875 0.0670640625 0.64978125 0.0913921875 0.6375078125 0.11243125000000001 0.63014375 0.12295156249999999 0.625409375 0.1277734375 0.6280390625 0.1341296875 0.6313703125 0.1308421875 0.63645625 0.123609375 0.6455734375 0.110021875 0.6603 0.0839390625 0.6752046875 0.052381250000000004 0.6929125 0.0103015625 0.6972953125 0 0.6917187499999999 0
0 0.21259375 0.2264 0.1981453125 0.1985765625 0.193834375 0.20451718749999998 0.20905 0.2316109375 0.21259375 0.2264
0 0.25261093749999997 0.238646875 0.3043 0.1998265625 0.354321875 0.1623109375 0.377040625 0.1453765625 0.3757890625 0.1396453125 0.35703125 0.153453125 0.29471250000000004 0.199565625 0.2284328125 0.2475046875 0.23030937499999998 0.252975 0.25261093749999997 0.238646875
0 0.5157796875 0.0385265625 0.51953125 0.0291015625 0.4557390625 0.077721875 0.386434375 0.1318390625 0.384653125 0.13918906250000002 0.40407187499999997 0.1247125 0.45716406249999997 0.0837359375 0.5157796875 0.0385265625
0 0.43665624999999997 0 0.4163453125 0.05144531249999999 0.3933625 0.1073484375 0.3764375 0.14653906249999998 0.364375 0.1712890625 0.3473390625 0.20312812500000002 0.33546875 0.21796875 0.3275 0.2271484375 0.319603125 0.23361562500000002 0.3242359375 0.23428125 0.326275 0.234015625 0.334746875 0.226265625 0.3420515625 0.2193609375 0.34864375000000003 0.2106765625 0.35453125 0.20078125 0.361115625 0.1895203125 0.36610312500000003 0.180834375 0.3707359375 0.1705890625 0.3825 0.1451171875 0.3994203125 0.10622968749999999 0.41705781249999996 0.0645859375 0.43505312500000004 0.017595312499999998 0.44235781249999995 0 0.43665624999999997 0
0 0.53640625 0 0.5101625000000001 0.04948125 0.4967 0.073240625 0.47436718750000006 0.11323593750000001 0.45932031249999994 0.136596875 0.4468078125 0.1558015625 0.43777968749999996 0.16768125 0.42390625000000004 0.1853515625 0.41156249999999994 0.1994140625 0.40359375000000003 0.208203125 0.39187500000000003 0.21875 0.3803125 0.2275390625 0.3740625 0.23203125 0.36906249999999996 0.2341796875 0.355 0.2345703125 0.355 0.23984375 0.3728390625 0.23856875 0.3829765625 0.23262812500000002 0.40055781250000005 0.21837499999999999 0.4219390625 0.1965953125 0.444271875 0.1694734375 0.46707968749999995 0.13679687499999998 0.49875625 0.0829421875 0.5415625000000001 0 0.53640625 0
0 0.5575 0 0.53046875 0.0205078125 0.5270312500000001 0.0306640625 0.5678124999999999 0 0.5575 0
0 0.35826875 0.4118015625 0.3620890625 0.41310156249999996 0.3627828125 0.4083265625 0.35896249999999996 0.4063734375 0.35409999999999997 0.40094531250000004 0.3426390625 0.3814078125 0.3336078125 0.3655625 0.3330875 0.37467968749999997 0.3388171875 0.38553281250000004 0.3490625 0.4025390625 0.35826875 0.4118015625
0 0.3417703125 0.3494984375 0.3376015625 0.3514515625 0.341075 0.3616546875 0.34576406249999997 0.3751125 0.35010625 0.38661875 0.35562499999999997 0.3974609375 0.35828125 0.4033203125 0.3608734375 0.40615625 0.3652140625 0.403984375 0.36122031250000003 0.396821875 0.35390625 0.3794921875 0.3417703125 0.3494984375
0 0.36139375 0.375765625 0.356878125 0.3701203125 0.3511484375 0.35926718750000003 0.34454843749999997 0.3434203125 0.34194375 0.3468921875 0.350453125 0.36795 0.35809375 0.3811921875 0.36434687499999996 0.3851 0.3702515625 0.38596718750000003 0.37078125 0.3810546875 0.3676453125 0.38054062499999997 0.364375 0.3791015625 0.36139375 0.375765625
0 0.33984375 0.327734375 0.33406250000000004 0.3080078125 0.330625 0.3111328125 0.3353125 0.3283203125 0.33984375 0.327734375
0 0.31859375 0.278125 0.301875 0.33203125 0.305625 0.3341796875 0.31124999999999997 0.31640625 0.32218749999999996 0.28359375 0.31859375 0.278125
0 0.28109375000000003 0.428125 0.29890625000000004 0.359765625 0.294375 0.3572265625 0.27531249999999996 0.4255859375 0.28109375000000003 0.428125
0 0.27859531249999997 0.332478125 0.2964171875 0.3461328125 0.2870265625 0.3458921875 0.285084375 0.34395312499999997 0.2814625 0.3404109375 0.266521875 0.324334375 0.244484375 0.29750624999999997 0.22589687500000002 0.2704375 0.224171875 0.27714531249999996 0.24275937500000003 0.30565000000000003 0.26518125000000003 0.3305625 0.277828125 0.343496875 0.26997187500000003 0.33990468749999997 0.255215625 0.329125 0.238928125 0.31379531250000003 0.2243640625 0.29702656250000004 0.2186140625 0.2879234375 0.2120984375 0.2903203125 0.223596875 0.30493125 0.245634375 0.328884375 0.2630734375 0.34445468749999997 0.27380468750000003 0.35188125000000003 0.2900921875 0.355234375 0.3067803703125 0.361963425 0.3247850109375 0.36289873125 0.3247850109375 0.35892368124999996 0.312859859375 0.3572868953125 0.30257149375000003 0.354714803125 0.3018700140625 0.35261036562500003 0.3125 0.35078125 0.311746875 0.344215625 0.3110390625 0.3441703125 0.31234375000000003 0.337890625 0.308296875 0.3363109375 0.289134375 0.32553125 0.2667140625 0.302775 0.24141875000000002 0.27307187499999996 0.2274296875 0.25199375 0.2252328125 0.25850625 0.2488921875 0.29463125 0.2625 0.31484375 0.2672890625 0.3197828125 0.27859531249999997 0.332478125