1 0.125 0.11108437499999999 0.123046875 0.13305625000000001 0.12109375 0.23315468749999999 0.12109375 0.3991703125 0.12890625 0.404053125 0.134765625 0.22338906249999999 0.1318359375 0.107421875 0.125 0.11108437499999999
1 0.2806828125 0.22278281249999998 0.283203125 0.3527828125 0.283978125 0.4262125 0.294921875 0.423584375 0.296875 0.19409218749999999 0.2998046875 0.185546875 0.3238390625 0.1844859375 0.320875 0.1737796875 0.265528125 0.1741921875 0.2642109375 0.18778125 0.282 0.189428125 0.2892484375 0.1918984375 0.2885890625 0.2203125 0.2806828125 0.22278281249999998
1 0.2984734375 0.340559375 0.29814375000000004 0.4233296875 0.30539062499999997 0.4241546875 0.3063796875 0.289496875 0.310003125 0.24172656250000002 0.2978515625 0.24169999999999997 0.2984734375 0.340559375
0 1 0.0476078125 0.46565625 0.049407812499999995 0.418734375 0.050365625000000004 0.01683125 0.0663046875 0 0.058654687500000004 0 0.0755484375 0.0402921875 0.0749109375 0.20732656249999998 0.0669421875 0.3679828125 0.060685937499999995 0.479428125 0.057057812500000006 0.5576171875 0.056153125000000005 1 0.056421874999999996 1 0.0476078125
0 0 0.13175781250000002 0.024184375 0.14133281250000002 0.077996875 0.15795937499999999 0.1215296875 0.168790625 0.12334375 0.16073125 0.05139375 0.1418359375 0 0.12329062500000001 0 0.13175781250000002
0 0.3779203125 0.2816765625 0.40509843749999996 0.287828125 0.40509843749999996 0.28274374999999996 0.39268593749999997 0.2814078125 0.3839125 0.2771265625 0.344109375 0.2565296875 0.343253125 0.2642875 0.374496875 0.2779296875 0.349459375 0.276859375 0.3492453125 0.2803375 0.3779203125 0.2816765625
0 0.3224765625 0.31528125 0.3291453125 0.3165 0.3377640625 0.31609375 0.33715625 0.31209375 0.3361375 0.3108078125 0.3309328125 0.3114203125 0.32540468749999996 0.3104015625 0.314834375 0.306540625 0.307190625 0.30288125 0.3054015625 0.30755625000000003 0.315809375 0.3130453125 0.3224765625 0.31528125
0 0.3369984375 0.302834375 0.33140625 0.3017578125 0.3212359375 0.2977109375 0.308784375 0.291603125 0.306734375 0.29534531249999996 0.3086265625 0.29731562500000003 0.3269109375 0.30539375 0.3355796875 0.3075625 0.3369984375 0.302834375
0 0.274375 0.2642578125 0.2809375 0.251953125 0.28015625 0.246875 0.27765625 0.2513671875 0.27296875 0.2587890625 0.26859375 0.2650390625 0.2609375 0.2751953125 0.26390625 0.2775390625 0.26609375 0.275 0.27046875 0.2697265625 0.274375 0.2642578125
0 0.07012968750000001 0.10232343749999999 0.026521875 0.075228125 0.0163203125 0.076503125 0.05559375 0.10200625 0.0984359375 0.1271890625 0.12266250000000001 0.1412140625 0.124446875 0.13420156249999998 0.07012968750000001 0.10232343749999999
0 0.0349640625 0.0303765625 0.06769531250000001 0.062921875 0.0738953125 0.0595140625 0.01760625 0.0043390625 0.0173578125 0.0040296875 0.0131421875 0.0086796875 0.0349640625 0.0303765625
0 0.126775 0.0574078125 0.070084375 0.0002984375 0.0617125 0.0011953125 0.084915625 0.024517187500000003 0.1215125 0.0612953125 0.126775 0.0574078125
0 0.170309375 0.0005984375 0.21001562499999998 0.056809374999999995 0.218865625 0.053521875 0.1779625 0 0.170309375 0.0005984375
0 0.2716640625 0.25821875 0.2543203125 0.25456406249999997 0.278290625 0.24725625 0.27673125 0.24165156250000003 0.2537359375 0.250421875 0.23658593749999998 0.250665625 0.2369765625 0.2574859375 0.26913125 0.2638203125 0.2716640625 0.25821875
0 0.191178125 0.2742953125 0.20423593750000002 0.26942343750000003 0.22508750000000002 0.2628453125 0.217878125 0.2594359375 0.2022875 0.2645515625 0.1917640625 0.26820468750000004 0.1790953125 0.2713734375 0.1697421875 0.2733203125 0.169546875 0.2786796875 0.191178125 0.2742953125
0 0.2301546875 0.26771875 0.2013125 0.292321875 0.178121875 0.3076703125 0.18201875 0.3118109375 0.1972203125 0.301821875 0.209303125 0.292809375 0.222359375 0.28135937499999997 0.2354171875 0.2711296875 0.2301546875 0.26771875
0 0.14538125 0.18392031250000002 0.1773421875 0.220703125 0.20384531250000001 0.24530625 0.22684218750000001 0.2645515625 0.24613593749999998 0.2786796875 0.2634796875 0.28964218750000004 0.26484375 0.28550156250000003 0.232103125 0.2628453125 0.199753125 0.2331265625 0.175978125 0.2092546875 0.146940625 0.17685625 0.134078125 0.1617515625 0.1348578125 0.18684218749999998 0.1407046875 0.18611093750000002 0.14538125 0.18392031250000002
0 0.14109375 0.1658921875 0.14850000000000002 0.1675984375 0.17071562499999998 0.19415 0.191178125 0.21875312500000002 0.22625781250000002 0.25505 0.2551 0.2784375 0.2662078125 0.2852578125 0.2704953125 0.2817984375 0.264259375 0.2783890625 0.231909375 0.2518359375 0.193321875 0.2123734375 0.1547359375 0.163896875 0.1336890625 0.1378296875 0.1338828125 0.15444375 0.136221875 0.159559375 0.14109375 0.1658921875