1 0.3663578125 0.48181874999999996 0.3800953125 0.2825421875 0.3897234375 0.2810390625 0.3909265625 0.2732140625 0.38635312499999996 0.264790625 0.3834640625 0.2602765625 0.38715781250000003 0.197875 0.377815625 0.197740625 0.3733546875 0.2662953125 0.3568078125 0.4842046875 0.3663578125 0.48181874999999996
1 0.73515625 0.232421875 0.727621875 0.23315000000000002 0.7209375 0.2801 0.709375 0.4580078125 0.7082171875000001 0.46446875 0.71171875 0.46484375 0.7234375 0.4638671875 0.7375 0.2880859375 0.73515625 0.232421875
0 0 0.16554375 0.017460937500000002 0.226490625 0.01875 0.2060546875 0 0.144540625 0 0.16554375
1 0.034265625 0.01634375 0.02975625 0.0208515625 0.0234375 0.16479531249999999 0.0092640625 0.17092812500000001 0.0122296875 0.179728125 0.01953125 0.17944374999999999 0.01953125 0.20629843750000001 0.005859375 0.4504390625 0.015625 0.455321875 0.02734375 0.25024375 0.03515625 0.22582968750000001 0.0385390625 0.207059375 0.032465625 0.2014078125 0.033203125 0.18188437500000001 0.048915625000000004 0.1825078125 0.048915625000000004 0.17370625 0.033203125 0.16967812499999999 0.04283125 0.018035937499999998 0.034265625 0.01634375
0 0.022246875 0.152771875 0.0005625 0.1260203125 0 0.1344671875 0.0211203125 0.1619234375 0.022246875 0.152771875
0 0.027596875 0 0.031821875 0.0190078125 0.036890624999999996 0.015137500000000002 0.0335109375 0 0.027596875 0
0 0.364859375 0.2615375 0.3556078125 0.26255625 0.28024218749999996 0.275140625 0.20324375 0.28602343750000003 0.20514843749999997 0.29112499999999997 0.2807859375 0.2816015625 0.36513125 0.26629843750000004 0.364859375 0.2615375
0 0.354325 0.2678671875 0.30589218749999997 0.2967578125 0.30793125 0.3016453125 0.3585734375 0.2697796875 0.354325 0.2678671875
0 0.35075625 0.275728125 0.316259375 0.30036874999999996 0.319996875 0.3037671875 0.3541546875 0.2787015625 0.35075625 0.275728125
0 0.3746875 0.2580078125 0.37421875 0.2580078125 0.37203125 0.258203125 0.370625 0.258203125 0.368125 0.258984375 0.3671875 0.259375 0.365625 0.26015625 0.365 0.260546875 0.36421875 0.2619140625 0.36390625 0.263671875 0.36390625 0.2658203125 0.3640625 0.27109375 0.36421875 0.2734375 0.365 0.27421875 0.3671875 0.2744140625 0.37296874999999996 0.2748046875 0.37312500000000004 0.27421875 0.37312500000000004 0.272265625 0.37265625 0.2685546875 0.37015625 0.2671875 0.37015625 0.265625 0.370625 0.2642578125 0.3721875 0.2642578125 0.37578125 0.2640625 0.3746875 0.2580078125
0 0.5204375 0.30354375 0.474078125 0.2920453125 0.4210953125 0.274796875 0.3981 0.2662890625 0.3960765625 0.26996875 0.40417031249999996 0.2731875 0.4323171875 0.28445468749999997 0.46101562500000004 0.29388437500000003 0.49909687500000005 0.305153125 0.534234375 0.3120515625 0.5666125 0.3155 0.5864796875 0.31642031249999997 0.586296875 0.31228125 0.5603125 0.3103515625 0.5204375 0.30354375
0 0.7165140625 0.306696875 0.662978125 0.33385937499999996 0.6633734375 0.3395390625 0.71809375 0.3126234375 0.7165140625 0.306696875
0 0.7877265625 0.2646984375 0.83004375 0.2814828125 0.8495874999999999 0.28700625 0.8599546874999999 0.2893421875 0.862334375 0.28381875 0.8249453125 0.271921875 0.7625734375000001 0.24855468749999998 0.73538125 0.2385703125 0.73555 0.24409375 0.7870453125 0.2774453125 0.82375625 0.298053125 0.8465296875 0.3110125 0.8500984375 0.3071875 0.8205265624999999 0.2889171875 0.7720906249999999 0.26066406249999996 0.759853125 0.2525890625 0.7877265625 0.2646984375
0 0.796125 0.33861093750000004 0.82 0.347775 0.8213156250000001 0.34331093749999997 0.796875 0.334375 0.796125 0.33861093750000004
0 0.38635312499999996 0.2665953125 0.4547171875 0.2708078125 0.5230812499999999 0.2717109375 0.57515625 0.26875 0.611665625 0.264490625 0.611184375 0.259375 0.5772437499999999 0.263284375 0.535790625 0.265528125 0.48938125 0.2662953125 0.38611249999999997 0.26178124999999997 0.38635312499999996 0.2665953125