1 0.693359375 0 0.6962890625 0.05493125 0.68179375 0.0429265625 0.6474609375 0.025634374999999997 0.5791015625 0.0207515625 0.5703125 0.0317390625 0.5751953125 0.0402828125 0.6396484375 0.0354 0.6648875000000001 0.0485390625 0.69921875 0.0732421875 0.72265625 0.34912187499999997 0.7265625 0.46142656249999997 0.7285921875 0.4897484375 0.7294937499999999 0.5275078125 0.7511359375 0.5275078125 0.744140625 0.400390625 0.713053125 0 0.693359375 0
1 0.294125 0.23500000000000001 0.2881046875 0.23564531249999998 0.293953125 0.5059046875 0.294921875 0.5261234375 0.3037578125 0.5250390625 0.29739375 0.30896093750000003 0.294921875 0.23803749999999999 0.294125 0.23500000000000001
1 0.458984375 0.338134375 0.47046875000000005 0.3341796875 0.47140624999999997 0.3294921875 0.43890624999999994 0.3302734375 0.439359375 0.3356578125 0.453125 0.3405765625 0.45625 0.448046875 0.45703125 0.4699703125 0.462890625 0.4699703125 0.458984375 0.338134375
0 0.8856046875000001 0 0.882725 0.02315625 0.875 0.0988765625 0.8816765625 0.10235156249999999 0.8829171875 0.0891703125 0.8935546875 0 0.8856046875000001 0
0 0.10963125 0.1047328125 0.108125 0.0970703125 0.0783671875 0.1031703125 0.01890625 0.114453125 0.0208421875 0.120884375 0.07461562499999999 0.11202812499999999 0.10963125 0.1047328125
0 0.0730515625 0.1176015625 0.02584375 0.1266171875 0.027095312500000003 0.13286875 0.09718750000000001 0.1203125 0.10874999999999999 0.1171875 0.10874687499999999 0.1103375 0.0730515625 0.1176015625
0 0.18078125 0.0751953125 0.1821875 0.081640625 0.20842343749999998 0.0726234375 0.30625 0.0345703125 0.3628125 0.0099609375 0.37390625 0.004296875 0.3696875 0.0005859375 0.2725 0.03984375 0.2384375 0.0533203125 0.18078125 0.0751953125
0 0.35750000000000004 0.0228515625 0.2974296875 0.046375 0.245740625 0.0656546875 0.21875 0.0759765625 0.18421875000000001 0.08828125 0.185296875 0.0943125 0.21640625 0.0849609375 0.29314062500000004 0.0576734375 0.35953124999999997 0.02890625 0.39656250000000004 0.0134765625 0.40234375 0.010546875 0.4146875 0.005078125 0.41125 0 0.4021875 0.003515625 0.37625000000000003 0.0146484375 0.35750000000000004 0.0228515625
0 0.56685 0.1582828125 0.5736 0.0797203125 0.5757453124999999 0.03803125 0.570478125 0.0387640625 0.5650875 0.12276562499999999 0.5590703125 0.179165625 0.5642765625 0.1807890625 0.56685 0.1582828125
0 0.4390625 0.3181640625 0.44131875000000004 0.32453750000000003 0.46015937500000004 0.3142125 0.5425 0.271484375 0.56545625 0.2574359375 0.5634375 0.25234375 0.5337125 0.270340625 0.5564234375 0.21420781249999998 0.5543578124999999 0.207109375 0.52855 0.26549999999999996 0.5264859375000001 0.27292031250000004 0.4390625 0.3181640625
0 0.598028125 0.270653125 0.7120062500000001 0.2669140625 0.7125328125 0.26031875000000004 0.663284375 0.2616359375 0.5987328125 0.2627359375 0.598028125 0.270653125
0 0.6260765625 0.1585484375 0.6305328125 0.135671875 0.6332375 0.1235375 0.6485578125 0.0400015625 0.6418484375 0.0387125 0.6142328125 0.149365625 0.62625 0.053515625 0.6278125 0.0359375 0.6205421875 0.0364984375 0.6139718750000001 0.09702968749999999 0.606915625 0.142634375 0.60226875 0.1789453125 0.6106203125 0.1783984375 0.625015625 0.13753125 0.6142328125 0.17710781250000002 0.6080546874999999 0.21092968750000002 0.5998703125 0.24071875 0.6080390625 0.24098281250000003 0.6112203125 0.231296875 0.6260765625 0.1585484375
0 0.6177703125 0.0232015625 0.636015625 0.0017859375 0.6295796874999999 0 0.608134375 0.0222296875 0.6177703125 0.0232015625
0 0.6733359375 0.0366546875 0.6819109375 0.0009546875 0.6757984375 0 0.667153125 0.033859375000000004 0.6733359375 0.0366546875
0 0 0.16915156250000002 0.0373125 0.20802187499999997 0.0776109375 0.23849375 0.1574609375 0.27985000000000004 0.159203125 0.2804703125 0.159203125 0.26336875000000004 0.096765625 0.223878125 0.07810937500000001 0.2021125 0.015173437500000001 0.117225 0.0024875 0.097325 0 0.0970140625 0 0.104296875 0.02390625 0.1408203125 0.041293750000000004 0.164178125 0.0845765625 0.221390625 0.0539796875 0.195271875 0 0.12468749999999999 0 0.14427812499999998 0.01203125 0.1599609375 0.0557203125 0.20802187499999997 0.0007468749999999999 0.16168906249999998 0 0.1650390625 0 0.16915156250000002
0 0 0.2400484375 0.0708953125 0.2335171875 0.061193750000000005 0.2263671875 0 0.23320625 0 0.2400484375
0 0.051875000000000004 0.2203125 0 0.2255859375 0.00015625 0.23250625 0.02005625 0.22970625 0.05437499999999999 0.2265625 0.051875000000000004 0.2203125
0 0.12880625 0.1896265625 0.08196718750000001 0.203171875 0.0858125 0.20928906249999998 0.150128125 0.19115625 0.14977968749999998 0.1826375 0.12880625 0.1896265625
0 0.151003125 0.1922484375 0.0861625 0.21059999999999998 0.0917546875 0.215625 0.150478125 0.1979296875 0.151003125 0.1922484375
0 0.14977968749999998 0.1998953125 0.0938515625 0.2169359375 0.0968234375 0.2237078125 0.14977968749999998 0.20601093750000002 0.14977968749999998 0.1998953125
0 0.5890625 0.005859375 0.5934375000000001 0.0033203125 0.587709375 0.0008828124999999999 0.502759375 0.047921875 0.4200390625 0.0904671875 0.410353125 0.0946171875 0.4098 0.09012187499999999 0.46846249999999995 0.060375 0.5753125 0.0029296875 0.56953125 0 0.51453125 0.0275390625 0.4098 0.08181875 0.3597125 0.10706875 0.254009375 0.15065 0.17846718749999999 0.17417031249999998 0.1779140625 0.18143437499999998 0.2102890625 0.172440625 0.1779140625 0.1817796875 0.1787453125 0.1897359375 0.20254218750000003 0.182471875 0.3257734375 0.13093749999999998 0.3539828125 0.1201875 0.31958125000000004 0.1352375 0.2827734375 0.151578125 0.22635624999999998 0.1739375 0.176303125 0.1919984375 0.1767234375 0.1985953125 0.1839046875 0.196146875 0.23354218750000003 0.17916875000000002 0.3218046875 0.143196875 0.46984375 0.073328125 0.5703125 0.0318359375 0.5696875 0.02734375 0.5650000000000001 0.0291015625 0.5182546875 0.047921875 0.5517375 0.028898437500000002 0.5809375 0.010546875 0.5890625 0.005859375
0 0.596875 0.1642578125 0.60484375 0.09453125 0.6095312500000001 0.0388671875 0.60484375 0.03828125 0.5962500000000001 0.127734375 0.5895312500000001 0.180859375 0.5940624999999999 0.18125 0.596875 0.1642578125
0 0.6628546875 0.053048437500000004 0.649575 0.111509375 0.6296546875 0.19306874999999998 0.6140656250000001 0.2536953125 0.6198390625 0.254415625 0.6357171875 0.1970375 0.669784375 0.054853125 0.6628546875 0.053048437500000004
0 0.07734375 0.0658203125 0.1303125 0.047265625 0.20109375 0.0185546875 0.234375 0.004296875 0.230159375 0 0.129375 0.0408203125 0.0909375 0.0548828125 0 0.083984375 0.00015625 0.088671875 0.07734375 0.0658203125
0 0 0.0955078125 0.08015625 0.0724609375 0.11140625 0.0625 0.16625 0.043359375 0.22453281249999998 0.021285937499999998 0.2609375 0.0060546875 0.2581265625 0.0007765625 0.1078140625 0.05761406249999999 0 0.08945625 0 0.0955078125
0 0.171934375 0.2769453125 0.192175 0.2845625 0.21132656249999998 0.29000312500000003 0.2298265625 0.294084375 0.2494140625 0.2965328125 0.28945937499999996 0.294084375 0.289025 0.28809999999999997 0.24919687499999998 0.290275 0.22634375 0.287828125 0.1725875 0.270415625 0.171934375 0.2769453125
0 0.50109375 0.3107421875 0.4703125 0.3275390625 0.4721875 0.332421875 0.5034375 0.316796875 0.50109375 0.3107421875
0 0.5765625 0.262109375 0.5349999999999999 0.2888671875 0.5390625 0.294140625 0.58 0.2671875 0.5765625 0.262109375
1 0.6064453125 0.2001953125 0.5908203125 0.2001953125 0.58984375 0.19409218749999999 0.6005859375 0.192871875 0.6044921875 0.1953125 0.607421875 0.19165000000000001 0.607421875 0.18188437500000001 0.5771484375 0.18310625 0.57328125 0.1833984375 0.5595703125 0.18310625 0.556640625 0.18676718750000001 0.556640625 0.19165000000000001 0.5595703125 0.1953125 0.5732421875 0.192871875 0.578125 0.19653281250000001 0.5751953125 0.20263749999999997 0.5595703125 0.20263749999999997 0.55859375 0.20874062499999999 0.5626562500000001 0.217578125 0.565625 0.2169921875 0.5689062500000001 0.2111328125 0.5771875 0.210546875 0.57890625 0.2115234375 0.580078125 0.21606406250000001 0.580078125 0.24292031249999999 0.565625 0.24453125 0.56546875 0.25078125 0.5665625000000001 0.2546875 0.58203125 0.2551265625 0.583984375 0.2941890625 0.58421875 0.2986328125 0.5859375 0.3039546875 0.591796875 0.3039546875 0.591796875 0.2526859375 0.6057812499999999 0.25078125 0.60546875 0.24536093750000001 0.58984375 0.24292031249999999 0.58984375 0.21118125000000001 0.6005859375 0.2099609375 0.6017187500000001 0.215625 0.6053124999999999 0.216015625 0.609375 0.20385781249999999 0.6064453125 0.2001953125
0 0.6475390625 0 0.643640625 0.024359375 0.6480953125 0.0250546875 0.6523640625 0 0.6475390625 0
0 0.653478125 0 0.647909375 0.0252875 0.6529203125 0.0280703125 0.6581171875 0 0.653478125 0
0 0.6185640625 0.0065453125 0.5887374999999999 0.0168546875 0.5920703125 0.0222109375 0.619675 0.0111046875 0.6185640625 0.0065453125