1 0.150390625 0.20874062499999999 0.169921875 0.22338906249999999 0.171875 0.23803749999999999 0.1708984375 0.2490234375 0.148125 0.2490234375 0.15046874999999998 0.2572265625 0.17234375 0.259375 0.169921875 0.4211421875 0.17578125 0.423584375 0.18140625 0.26015625 0.203125 0.260009375 0.2001953125 0.25146562499999997 0.1826171875 0.25146562499999997 0.1796875 0.24047812500000001 0.1840625 0.21484375 0.203125 0.2142578125 0.2034375 0.2013671875 0.14937499999999998 0.19921875 0.150390625 0.20874062499999999
1 0.225340625 0.2637515625 0.22640937499999997 0.25813437499999997 0.192384375 0.2565296875 0.1911 0.2637515625 0.20440156250000002 0.26756250000000004 0.19965468749999998 0.41108593750000005 0.20703125 0.41381875 0.2109 0.2673171875 0.225340625 0.2637515625
0 0.133753125 0.124271875 0.000359375 0.10973124999999999 0.0013359374999999999 0.1194046875 0.0346671875 0.12599218750000002 0.04194375 0.12278125 0.0780703125 0.12367187500000001 0.404759375 0.1682328125 0.5130796875 0.18636875 0.7419156250000001 0.22282656250000002 0.74815 0.2234765625 0.754903125 0.224775 0.75645625 0.21973281249999999 0.751240625 0.21852343749999997 0.5630703125000001 0.1863984375 0.7538640625 0.209515625 0.75538125 0.20461562500000002 0.7200859375 0.1999703125 0.3607109375 0.153584375 0.000359375 0.09621093750000001 0 0.10275937500000001 0.133753125 0.124271875
0 0.7138 0.247821875 0.6706484374999999 0.23995625 0.6684734375 0.244596875 0.69328125 0.248828125 0.710115625 0.252428125 0.7138 0.247821875
0 0.5203328125 0.2234078125 0.5655281249999999 0.238446875 0.6174999999999999 0.2525390625 0.6275000000000001 0.255078125 0.6287499999999999 0.2494140625 0.61421875 0.24609375 0.5733984375000001 0.2349234375 0.5162796875 0.21603750000000002 0.45765625 0.18984375 0.4146328125 0.169734375 0.408003125 0.17160625000000002 0.432259375 0.1860953125 0.4603125 0.1984375 0.46781249999999996 0.2021484375 0.5203328125 0.2234078125
0 0.042806250000000004 0 0.050768749999999994 0.0207390625 0.06603281250000001 0.05226093750000001 0.0803015625 0.08503125 0.091584375 0.10991718749999999 0.0995484375 0.1107453125 0.0916296875 0.09355156249999999 0.06603281250000001 0.0365 0.0497734375 0 0.042806250000000004 0
0 0.0954515625 0.030475000000000002 0.10787187499999999 0.056925 0.11224218749999999 0.0652640625 0.11807812499999999 0.0643984375 0.0950421875 0.0157625 0.087553125 0 0.0804796875 0.0009546875 0.0954515625 0.030475000000000002
0 0.11703749999999999 0.006390625 0.12699218750000002 0.032287500000000004 0.141790625 0.07298125 0.1591921875 0.1191734375 0.16640468749999998 0.1189546875 0.154140625 0.0884734375 0.12215000000000001 0.006390625 0.11703749999999999 0.006390625
0 0.01183125 0.189096875 0 0.196228125 0.0010562500000000001 0.2020390625 0.01415625 0.1941171875 0.01183125 0.189096875
0 0.06444375 0.1666484375 0.00068125 0.134896875 0.0001703125 0.1404375 0.0581796875 0.1705140625 0.06444375 0.1666484375
0 0.70193125 0.260071875 0.673209375 0.2586125 0.67274375 0.263575 0.70193125 0.2644515625 0.70193125 0.260071875
0 0.10967968749999998 0 0.153953125 0.0298734375 0.2331953125 0.07892656249999999 0.2792296875 0.1062828125 0.3423703125 0.1405578125 0.3692875 0.1540796875 0.3785953125 0.1534515625 0.31872500000000004 0.1207484375 0.257596875 0.0864734375 0.17546875 0.0376953125 0.29558125 0.1031390625 0.3365859375 0.1257796875 0.3713 0.1411875 0.40609375 0.1560546875 0.41331093750000003 0.158796875 0.4213609375 0.160684375 0.4223671875 0.15816875 0.40015625000000005 0.1470703125 0.3330625 0.11634531249999999 0.211309375 0.0503125 0.1843921875 0.0361625 0.1338296875 0.005345312499999999 0.12401875 0 0.10967968749999998 0
0 0.14921875 0.20546875 0.07619843750000001 0.171446875 0.0709796875 0.174578125 0.13703125 0.2064453125 0.14765625 0.21015625 0.14921875 0.20546875
0 0.014029687499999999 0.0002875 0.006875000000000001 0 0.0392265625 0.0648640625 0.062331250000000005 0.10436406250000001 0.0676203125 0.1040765625 0.04278125 0.0592265625 0.014029687499999999 0.0002875
0 0.062273437499999994 0.265625 0.039803125 0.23138437500000003 0.0216140625 0.19286562499999998 0.0019265625 0.1631734375 0 0.1677203125 0.016050000000000002 0.1944703125 0.03745 0.2383390625 0.05885 0.26856874999999997 0.062273437499999994 0.265625
0 0.0010703125 0.153275 0 0.159984375 0.0134828125 0.178709375 0.046009375000000005 0.2160140625 0.08773906249999999 0.2636265625 0.12711406249999999 0.303484375 0.1320375 0.2990625 0.0774671875 0.24368906250000003 0.03659375 0.197146875 0.0010703125 0.153275
0 0.09116250000000001 0.2503765625 0.129896875 0.2891640625 0.132678125 0.2846171875 0.10100781249999999 0.25144687499999996 0.055425 0.2019609375 0.0248234375 0.1653125 0.0066343750000000005 0.142040625 0.0014984375 0.14311093749999998 0.0190453125 0.16665000000000002 0.0400171875 0.1934 0.09116250000000001 0.2503765625
0 0.0782296875 0.1660375 0.074828125 0.16760312500000002 0.07232187500000001 0.1685 0.0691 0.168946875 0.063909375 0.16961718750000002 0.057285937499999995 0.17140781249999998 0.051914062500000004 0.1718546875 0.035265625 0.1772265625 0.0374140625 0.18035937500000002 0.0386671875 0.18080625 0.053346875 0.17588281249999999 0.061045312500000004 0.1743171875 0.06605781250000001 0.17409375 0.0705328125 0.173421875 0.07715625000000001 0.171184375 0.092909375 0.16245625 0.09452031250000001 0.161115625 0.090403125 0.1582046875 0.0836 0.1629046875 0.0782296875 0.1660375
0 0.3794203125 0.2487984375 0.2879109375 0.2234 0.196959375 0.192359375 0.1153125 0.16171875 0.017279687499999998 0.122078125 0.01389375 0.1258421875 0.052965625 0.142540625 0.1064921875 0.1638 0.221778125 0.206315625 0.30503749999999996 0.2336703125 0.37163124999999997 0.2513484375 0.43988750000000004 0.268890625 0.4633 0.2717515625 0.463225 0.2669734375 0.43153125000000003 0.262671875 0.3794203125 0.2487984375
0 0.246353125 0.249640625 0.32420468750000003 0.27353125 0.357609375 0.2831734375 0.3593625 0.278571875 0.3135984375 0.26432656250000003 0.236975 0.24043593749999997 0.18560000000000001 0.22224375 0.18367187499999998 0.22596875 0.1848078125 0.22728593749999998 0.246353125 0.249640625
0 0.32109375 0.24765625 0.349784375 0.254428125 0.35046875 0.25015156250000004 0.2806828125 0.23240625 0.20371250000000002 0.21059687500000002 0.2028578125 0.21316406250000003 0.2028578125 0.214659375 0.2408296875 0.22620468749999997 0.32109375 0.24765625
0 0.46203125 0.1806640625 0.5 0.1953125 0.56515625 0.2171875 0.62578125 0.2353515625 0.6396875 0.23828125 0.64 0.2333984375 0.62390625 0.230078125 0.5775 0.216015625 0.5240625 0.19921875 0.46796875 0.1794921875 0.46203125 0.1806640625