1 0.199784375 0.08647031250000001 0.2055953125 0.0916609375 0.20703125 0.11108437499999999 0.21678125 0.1140296875 0.22265625 0.05493125 0.2314453125 0.0463875 0.2737546875 0.0440015625 0.2734375 0.032959375 0.2691515625 0.020646875000000002 0.164090625 0.029107812500000003 0.16463125 0.047725000000000004 0.1845703125 0.051270312500000005 0.19921875 0.064696875 0.199784375 0.08647031250000001
0 0.06977968749999999 0.11835312499999999 0.00049375 0.057328124999999994 0 0.064725 0.06731406250000001 0.125134375 0.06977968749999999 0.11835312499999999
0 0.098628125 0.1174296875 0.00049375 0.0225 0 0.0302046875 0.091478125 0.1192796875 0.098628125 0.1174296875
0 0.1230390625 0.10417499999999999 0.0189859375 0 0.012821875 0.0006171875 0.11958593749999999 0.11126562499999999 0.1230390625 0.10417499999999999
0 0.166296875 0.026873437500000003 0.13796875 0 0.1323625 0.0010546875 0.163346875 0.03240625 0.166296875 0.026873437500000003
0 0.15765625 0 0.18546875000000002 0.030078125 0.190746875 0.027664062499999996 0.16578125 0 0.15765625 0
0 0.2146875 0.0009765625 0.23531249999999998 0.026171875 0.23859375 0.02265625 0.22328125000000001 0.00390625 0.2200609375 0 0.2146875 0.0009765625
0 0.257940625 0.1129078125 0.2226609375 0.07873593749999999 0.21931250000000002 0.082921875 0.25348906250000003 0.11728125 0.257940625 0.1129078125
0 0.22359062500000002 0.0650015625 0.28195468749999997 0.11708437499999999 0.2878375 0.1141015625 0.225340625 0.059039062499999996 0.22359062500000002 0.0650015625
0 0.2945171875 0.0878609375 0.33618281250000004 0.12801562500000002 0.3388859375 0.121853125 0.2606453125 0.045321875 0.2547609375 0.048701562500000004 0.2945171875 0.0878609375
0 0.308715625 0.075215625 0.3552828125 0.1195296875 0.3594984375 0.11425937500000001 0.2766796875 0.0370390625 0.2742234375 0.0431171875 0.308715625 0.075215625
0 0.447509375 0.194384375 0.3652140625 0.12069531250000001 0.36226250000000004 0.1256890625 0.44370624999999997 0.1986109375 0.447509375 0.194384375