1 0.1474609375 0.2392578125 0.1484375 0.23071250000000001 0.1123046875 0.1904296875 0.107421875 0.19653281250000001 0.12109375 0.21362343749999999 0.12109375 0.2746578125 0.126953125 0.2771 0.12890625 0.24047812500000001 0.1474609375 0.2392578125
1 0.318359375 0.2526859375 0.337890625 0.24047812500000001 0.3367171875 0.2278171875 0.2786359375 0.23470156250000002 0.27765625 0.2529296875 0.305 0.2525390625 0.306640625 0.2551265625 0.310546875 0.3405765625 0.31640625 0.345459375 0.318359375 0.2526859375
0 0.2764953125 0 0.30640625 0.1620171875 0.3140921875 0.19413750000000002 0.3254328125 0.2294359375 0.33203125 0.22827187499999999 0.3253578125 0.205609375 0.3068921875 0.1310140625 0.2836328125 0 0.2764953125 0
0 0.2333984375 0 0.27012187499999996 0.13796406249999998 0.3047578125 0.233128125 0.31041875 0.2303765625 0.26953125 0.11596718749999999 0.239775 0 0.2333984375 0
0 0.0908203125 0 0.12303125 0.071253125 0.189059375 0.19450625 0.2170109375 0.2448515625 0.247603125 0.2899703125 0.2607421875 0.30517656249999997 0.265625 0.3039546875 0.226034375 0.24210156249999998 0.1953125 0.19165000000000001 0.0975015625 0 0.0908203125 0
0 0.115015625 0 0.1963828125 0.17000781250000002 0.22360312499999999 0.22028124999999998 0.265509375 0.290253125 0.28615 0.3135140625 0.290215625 0.3094109375 0.2661359375 0.2767671875 0.2504203125 0.2517984375 0.231890625 0.22028124999999998 0.202003125 0.16479531249999999 0.12400312499999999 0 0.115015625 0
0 0.1376953125 0 0.175 0.09375 0.1953125 0.14282187500000001 0.22562500000000002 0.209765625 0.2304953125 0.20744687499999998 0.1884390625 0.1113515625 0.21304531249999997 0.1602234375 0.24659218749999998 0.21780312500000001 0.27438125 0.24502656250000002 0.27638281249999996 0.24221093749999997 0.2783859375 0.2381421875 0.25585 0.21530468749999998 0.2446875 0.1998046875 0.21437499999999998 0.1494140625 0.1875 0.0927734375 0.1441640625 0 0.1376953125 0
1 0.46186249999999995 0.2817578125 0.470703125 0.443115625 0.4765625 0.4479984375 0.46860937500000005 0.281384375 0.46186249999999995 0.2817578125
0 0.4619765625 0.2836515625 0.4279140625 0.2766921875 0.342859375 0.26084375 0.3193921875 0.2556578125 0.3180296875 0.26084375 0.3492 0.267446875 0.43161250000000007 0.284615625 0.46278125000000003 0.290559375 0.4619765625 0.2836515625
0 0.21213125000000002 0.3011171875 0.243309375 0.2820953125 0.2381125 0.2769921875 0.20693437499999998 0.296940625 0.21213125000000002 0.3011171875
0 0.27421875 0.287109375 0.294375 0.273828125 0.30625 0.2638671875 0.30359375 0.2603515625 0.27218749999999997 0.28203125 0.27421875 0.287109375
0 0.29562499999999997 0.2560546875 0.26734375 0.2759765625 0.26984375 0.2810546875 0.29796875 0.261328125 0.29562499999999997 0.2560546875
0 0.27640625 0.2478515625 0.2578125 0.2615234375 0.25968749999999996 0.2662109375 0.27890625 0.251953125 0.27640625 0.2478515625