1 0.6183719328125 0.0927734375 0.5941484953125 0.0915546875 0.5903641203125 0.084765625 0.5865984953125001 0.08455312499999999 0.5831141203125 0.08489687500000001 0.5793094328125 0.090365625 0.5612359953125 0.0908421875 0.5569906828125 0.08184375 0.5420656828125 0.082746875 0.5418250578125 0.102003125 0.5525208765625 0.102064615625 0.55356023125 0.1137053875 0.5612359953125 0.1134328125 0.5633301640624999 0.1028961 0.5734500578125 0.1025390625 0.57580241875 0.110379453125 0.5768417718750001 0.1322058984375 0.5809991906249999 0.138442025 0.5801677078125 0.1556953109375 0.5761125578125 0.15991249999999999 0.5788953703125 0.191971875 0.5786453703125 0.196875 0.5764891203125 0.1970875 0.5666188078125 0.189265625 0.5402469328125 0.17578125 0.5187156828124999 0.1742203125 0.5136609953125 0.1796375 0.5167906828125 0.1844515625 0.5500125578125 0.1879890625 0.5783328703125 0.20874062499999999 0.5744266203125 0.40649375 0.5740688078125 0.418928125 0.5841906828125001 0.42005468749999997 0.5939578703125 0.10864218750000001 0.5968109953125 0.10296875000000001 0.6088538921875 0.1031039703125 0.6109326015625001 0.11349751562499999 0.6181188078125001 0.1136703125 0.6230419640625 0.10542715312499999 0.6308656828125 0.1034453125 0.6310672453125 0.091553125 0.6296409828125 0.0835641046875 0.6241500578125 0.08214375 0.6183719328125 0.0927734375
1 0.50515625 0.2787109375 0.5230032078125 0.277715534375 0.5220312500000001 0.26484375 0.47531249999999997 0.265234375 0.47602438124999996 0.281872953125 0.49410915 0.28208082343749996 0.4970078125 0.4471484375 0.5027453125 0.4365140625 0.50515625 0.2787109375
1 0.4629285140625 0.37707782968750003 0.47081875 0.3759703125 0.47081875 0.3710109375 0.4579396125 0.37063383125 0.4480984375 0.3707859375 0.4481696796875 0.37645421562500003 0.45482154843749995 0.3772857 0.45773174218749996 0.45066413125000004 0.462890625 0.4504390625 0.4629285140625 0.37707782968750003
0 0.69015625 0 0.6609375 0.04296875 0.64453125 0.0662109375 0.6303124999999999 0.0869140625 0.6328125 0.0939453125 0.69765625 0 0.69015625 0
0 0.5913193984375 0 0.5799408140625 0.021839543750000003 0.55703125 0.066796875 0.5489546875 0.08266718749999999 0.5570453125 0.0828890625 0.5984375 0 0.5913193984375 0
0 0.526265625 0.1719328125 0.54875 0.10328124999999999 0.5425 0.10218750000000001 0.5223421874999999 0.1630453125 0.5185546875 0.173340625 0.526265625 0.1719328125
0 0.57649375 0.27168125 0.5759375 0.258984375 0.55125 0.2998046875 0.54375 0.3103515625 0.5376562500000001 0.31953125 0.53125 0.32836875 0.53515625 0.3332515625 0.54765625 0.31640625 0.57649375 0.27168125
0 0.57625 0.2333984375 0.5470312500000001 0.273828125 0.5349999999999999 0.289453125 0.52300625 0.3057140625 0.514375 0.315234375 0.51171875 0.3185546875 0.502453125 0.3290984375 0.50671875 0.3330078125 0.5165625 0.323046875 0.52515625 0.3140625 0.5271874999999999 0.31171875 0.5325 0.305078125 0.53640625 0.299609375 0.5648734375 0.261115625 0.5782812500000001 0.2421875 0.57625 0.2333984375
0 0.62171875 0.2703125 0.587896875 0.26806874999999997 0.5878125 0.275 0.60578335625 0.29082681093749996 0.6094118875000001 0.2844768796875 0.59580489375 0.27540555 0.60859375 0.276953125 0.6174999999999999 0.2771484375 0.62421875 0.27734375 0.68453125 0.2775390625 0.7121875 0.276953125 0.7128125 0.2712890625 0.6365624999999999 0.270703125 0.62171875 0.2703125
0 0.7570796875 0.065665625 0.77685625 0.040171875 0.79609375 0.0142578125 0.7916890624999999 0.0108140625 0.7780921875 0.0278109375 0.72078125 0.1001953125 0.72865 0.1004296875 0.7570796875 0.065665625
0 0.7090625 0.0939453125 0.77625 0.0177734375 0.7734375 0.0126953125 0.7690625 0.0169921875 0.70359375 0.09140625 0.7090625 0.0939453125
0 0.63484375 0.17890625 0.69796875 0.108203125 0.6951890625 0.1006359375 0.6853921875 0.11261718750000001 0.6296875 0.1759765625 0.63484375 0.17890625
0 0.6173437500000001 0.1888671875 0.58890625 0.2203125 0.5909375 0.2271484375 0.6228125 0.1927734375 0.6173437500000001 0.1888671875
0 0.7056250000000001 0.244140625 0.6771874999999999 0.2380859375 0.63578125 0.228515625 0.63125 0.2330078125 0.68125 0.2447265625 0.70484375 0.248828125 0.7071875000000001 0.2490234375 0.7056250000000001 0.244140625
0 0.704375 0.298828125 0.6798437500000001 0.302734375 0.680625 0.308984375 0.70375 0.30453125000000003 0.72984375 0.2955078125 0.7275 0.290625 0.704375 0.298828125
0 0.67578125 0.29234375 0.67625 0.2974609375 0.7025 0.295703125 0.7196875 0.2904296875 0.71640625 0.285546875 0.7017187500000001 0.2904296875 0.67578125 0.29234375
0 0.44525625 0.41143124999999997 0.35565156249999996 0.4157 0.3561390625 0.4211875 0.44574375 0.41671718750000003 0.44525625 0.41143124999999997
0 0.492578125 0.3104015625 0.43218750000000006 0.325 0.4340625 0.32953125 0.4946921875 0.315078125 0.492578125 0.3104015625
0 0.5069859375 0.2228796875 0.5197499999999999 0.188225 0.514365625 0.1852328125 0.48464843750000003 0.2650109375 0.49063125 0.267253125 0.5069859375 0.2228796875
0 0.594375 0.1623046875 0.6203125 0.1153125 0.61453125 0.11453125 0.5915625 0.155078125 0.5939062500000001 0.1623046875 0.594375 0.1623046875
0 0.54234375 0.17421875 0.5459375 0.1783203125 0.55640625 0.17734375 0.5615625 0.175 0.5756249999999999 0.1666015625 0.5740624999999999 0.1611328125 0.5615625 0.1703125 0.55953125 0.1712890625 0.5589062499999999 0.171484375 0.55625 0.1728515625 0.55203125 0.1740234375 0.54234375 0.17421875
0 0.8323484375 0.0000671875 0.8244671875 0 0.7874078124999999 0.04479375 0.73181875 0.11215 0.6815546875 0.1707359375 0.6570625 0.1976265625 0.6338468749999999 0.2223859375 0.623196875 0.22983906250000002 0.6129734375 0.235965625 0.63831875 0.2093390625 0.6564234375 0.1893734375 0.6800640625 0.160353125 0.7017890625 0.1366578125 0.6970984375 0.1302640625 0.640025 0.19887656250000002 0.6055515625 0.2366640625 0.5959375 0.24626562500000002 0.58805625 0.2507921875 0.5890718749999999 0.2613359375 0.6025359375 0.248503125 0.625325 0.23599062499999998 0.6368265625 0.2285375 0.66600625 0.1973921875 0.708815625 0.14840625000000002 0.7733515625 0.07168125 0.8163734375 0.0181703125 0.8323484375 0.0000671875
1 0.49609375 0.4479984375 0.49609375 0.3991703125 0.494140625 0.396728125 0.494140625 0.355225 0.4892578125 0.3515625 0.48828125 0.3625484375 0.486328125 0.364990625 0.48828125 0.4504390625 0.494140625 0.4504390625 0.49609375 0.4479984375
0 0.54640625 0.2341796875 0.5232812499999999 0.266015625 0.52453125 0.2703125 0.53328125 0.2603515625 0.548125 0.241015625 0.5645773890625 0.214522778125 0.5693584203125 0.2074551671875 0.5656167437499999 0.203713490625 0.54640625 0.2341796875
0 0.68015625 0.21328125 0.6598437500000001 0.2041015625 0.6576562499999999 0.2087890625 0.6793750000000001 0.2177734375 0.68015625 0.21328125
0 0.59375 0.1853125 0.5962500000000001 0.18390625 0.59765625 0.18171874999999998 0.5990624999999999 0.17859375 0.62765625 0.19468749999999999 0.63875 0.20031249999999998 0.6420312499999999 0.1953125 0.6079687500000001 0.17921875 0.6490625 0.18765625 0.65125 0.1828125 0.60046875 0.17203125 0.600625 0.16859375000000001 0.59765625 0.16484375 0.5928125 0.16218749999999998 0.58796875 0.16015625 0.5878125 0.165625 0.5923437500000001 0.1671875 0.5962500000000001 0.16875 0.5971875 0.1703125 0.596875 0.1715625 0.5884375000000001 0.16921875 0.5884375000000001 0.174375 0.59546875 0.1740625 0.59546875 0.17703125 0.5953125 0.17859375 0.59453125 0.17984375 0.5912499999999999 0.1796875 0.58875 0.17781249999999998 0.58921875 0.18203125 0.5912499999999999 0.1840625 0.59375 0.1853125