1 0.7636390625 0.15917187500000002 0.7553124999999999 0.1580078125 0.755 0.1693359375 0.7409375 0.169140625 0.7409375 0.1548828125 0.73046875 0.155859375 0.7303124999999999 0.1697265625 0.7189062500000001 0.16953125 0.7189062500000001 0.1607421875 0.70796875 0.1587890625 0.70859375 0.176953125 0.72953125 0.182421875 0.73109375 0.1912109375 0.718125 0.1919921875 0.71765625 0.1833984375 0.70875 0.1841796875 0.70921875 0.2068359375 0.73046875 0.20874062499999999 0.732421875 0.4016109375 0.7421875 0.4016109375 0.74609375 0.20385781249999999 0.75875 0.2013671875 0.76383125 0.20040156250000002 0.76265625 0.181640625 0.755625 0.182421875 0.755 0.1900390625 0.7434375 0.1916015625 0.74265625 0.1759765625 0.7634375 0.17578125 0.7636390625 0.15917187500000002
1 0.72765625 0.0767578125 0.72859375 0.119921875 0.740625 0.1197265625 0.7403125 0.0837890625 0.72765625 0.0767578125
1 0.7265625 0 0.7265625 0.0109859375 0.71171875 0.0126953125 0.71328125 0.0205078125 0.72703125 0.0216796875 0.7275 0.058984375 0.74046875 0.066015625 0.73953125 0.01328125 0.7390625 0 0.7265625 0
1 0.568359375 0.20629843750000001 0.55296875 0.205859375 0.5525 0.2126953125 0.56015625 0.21328125 0.56078125 0.2279296875 0.5543750000000001 0.228125 0.5543750000000001 0.2361328125 0.56140625 0.2357421875 0.5626562500000001 0.2392578125 0.5626562500000001 0.2451171875 0.5628124999999999 0.2953125 0.55171875 0.2962890625 0.552734375 0.306396875 0.55203125 0.3275390625 0.564453125 0.3308109375 0.56640625 0.44555625 0.572265625 0.44555625 0.57328125 0.3328125 0.5818749999999999 0.327734375 0.58078125 0.2955078125 0.5703125 0.2941890625 0.5696875 0.24375 0.5690625 0.2240234375 0.5756249999999999 0.2228515625 0.5756249999999999 0.2177734375 0.5700000000000001 0.2166015625 0.568359375 0.20629843750000001
1 0.513671875 0.2771 0.5107421875 0.27099687499999997 0.5001562500000001 0.273828125 0.500625 0.277734375 0.50609375 0.27890625 0.5064062500000001 0.2875 0.503125 0.287890625 0.5028125 0.2947265625 0.5079687500000001 0.294140625 0.5078125 0.3112796875 0.5075000000000001 0.3310546875 0.5009375 0.334375 0.5021875 0.3560546875 0.5092187499999999 0.3583984375 0.51171875 0.4016109375 0.51375 0.4609375 0.5146484375 0.4736328125 0.5193749999999999 0.4732421875 0.51765625 0.37890625 0.521875 0.371875 0.5209374999999999 0.3646484375 0.51671875 0.362109375 0.5159374999999999 0.3548828125 0.52296875 0.3548828125 0.52296875 0.3322265625 0.515625 0.3308109375 0.513671875 0.3161625 0.513671875 0.2771
1 0.49285625 0.387140625 0.49228125 0.331528125 0.48441718749999996 0.33200625 0.48384218749999997 0.339678125 0.486528125 0.339196875 0.48748593749999997 0.422378125 0.49343125 0.42190000000000005 0.49285625 0.387140625
1 0.48441718749999996 0.3629296875 0.48460937499999995 0.35717656249999996 0.4744453125 0.35717656249999996 0.47463749999999993 0.393134375 0.47943125000000003 0.393134375 0.47904843750000003 0.42309843750000004 0.48422656249999996 0.42309843750000004 0.48441718749999996 0.3629296875
0 0.7503234375 0.297275 0.7731140625 0.288109375 0.82583125 0.26308750000000003 0.8226609375 0.2566484375 0.7493328125 0.291578125 0.7503234375 0.297275
0 0.76181875 0.2586296875 0.7901578125000001 0.24773125000000001 0.8303890624999999 0.22964375 0.8290015625 0.2251859375 0.7978875000000001 0.2373234375 0.772915625 0.2469859375 0.7546828125 0.25392187499999996 0.7447734374999999 0.256153125 0.7461609375 0.2620984375 0.76181875 0.2586296875
0 0.8901140625 0.19421875 0.84531875 0.2167328125 0.8473546875 0.22202031249999998 0.8912093750000001 0.2000921875 0.8901140625 0.19421875
0 0.8175953125 0.1595640625 0.8451609375 0.14409687499999999 0.8379562500000001 0.1397890625 0.7997390625 0.1623046875 0.7630890625 0.18109999999999998 0.763559375 0.1854078125 0.763871875 0.1871703125 0.7842328125 0.177771875 0.8175953125 0.1595640625
0 0.8851140624999999 0.11211718749999999 0.8589453125000001 0.1282390625 0.8625468749999999 0.133328125 0.8866671875 0.11864531250000002 0.9172109374999999 0.097696875 0.9147046874999999 0.0912359375 0.8851140624999999 0.11211718749999999
0 0.9668609375000001 0.055406250000000004 0.934753125 0.078509375 0.9356921874999999 0.0853609375 0.9699937500000001 0.0608890625 0.9668609375000001 0.055406250000000004
0 0.9330296875 0.05345 0.9568375 0.0356328125 0.9909812499999999 0.00900625 0.9867531250000001 0.0046984375 0.9317765625 0.047184375 0.9330296875 0.05345
0 0.95996875 0 0.9294265625 0.024865625 0.9306796875 0.0313265625 0.965921875 0.0011734375 0.95996875 0
0 0.9499453125 0 0.929740625 0.0156625 0.932246875 0.0217328125 0.9562109375000001 0.00195625 0.9499453125 0
0 0.8412499999999999 0.1216796875 0.8832812499999999 0.091015625 0.9165625000000001 0.0662109375 0.9142187500000001 0.059375 0.8354687500000001 0.1166015625 0.8412499999999999 0.1216796875
0 0.8746875 0.0712890625 0.82515625 0.1099609375 0.8309374999999999 0.1134765625 0.8809374999999999 0.0736328125 0.9168749999999999 0.0431640625 0.914375 0.0384765625 0.8746875 0.0712890625
0 0.81171875 0.1033203125 0.8189062500000001 0.107421875 0.85625 0.0814453125 0.9160937499999999 0.034375 0.91484375 0.02734375 0.85078125 0.0765625 0.81171875 0.1033203125
0 0.9142187500000001 0.006640625 0.9129687499999999 0.0005859375 0.86953125 0.037890625 0.8209375 0.0802734375 0.80296875 0.0974609375 0.8109375 0.1037109375 0.8578125 0.0677734375 0.9075 0.02734375 0.91578125 0.0197265625 0.9142187500000001 0.015625 0.90265625 0.024609375 0.8598437499999999 0.0595703125 0.84765625 0.0681640625 0.85484375 0.060546875 0.878125 0.03984375 0.9142187500000001 0.006640625
0 0.8815625 0.001171875 0.87375 0 0.8315625000000001 0.0392578125 0.78046875 0.085546875 0.7837500000000001 0.091015625 0.80953125 0.06796875 0.85484375 0.026171875 0.8815625 0.001171875
0 0.7654687499999999 0.09765625 0.743125 0.1130859375 0.7465625 0.1181640625 0.76796875 0.1046875 0.7654687499999999 0.09765625
0 0.6928124999999999 0.0873046875 0.6743750000000001 0.1171875 0.68015625 0.1181640625 0.69796875 0.09140625 0.6928124999999999 0.0873046875
0 0.71171875 0.017578125 0.6965625 0.044921875 0.7025 0.048828125 0.7159375 0.0220703125 0.71171875 0.017578125
0 0.6975 0 0.67890625 0.0373046875 0.68453125 0.0408203125 0.70484375 0.00078125 0.6975 0
0 0.620625 0.1892578125 0.614375 0.19609375 0.61265625 0.1943359375 0.6259375 0.176953125 0.6409374999999999 0.1572265625 0.6637500000000001 0.11778124999999999 0.68828125 0.0751953125 0.6954687500000001 0.062503125 0.68921875 0.06055000000000001 0.676875 0.08164375 0.650625 0.1293046875 0.6321875 0.1582234375 0.608125 0.1914265625 0.5921875 0.2091984375 0.58390625 0.21525937499999998 0.5759375 0.2177984375 0.5756249999999999 0.2291265625 0.5865625 0.2201171875 0.5921875 0.219140625 0.6 0.21428281249999998 0.61390625 0.2033203125 0.62703125 0.1892578125 0.64734375 0.16640625 0.66328125 0.1451171875 0.6584375 0.1435546875 0.6378125 0.169921875 0.620625 0.1892578125
0 0.660625 0.0777546875 0.6484375 0.09904375 0.63046875 0.1285359375 0.6153125 0.152559375 0.60109375 0.17091875 0.58359375 0.190640625 0.5721875 0.1998203125 0.56796875 0.20274999999999999 0.5700000000000001 0.208203125 0.57703125 0.204296875 0.58984375 0.1923828125 0.6012500000000001 0.1798828125 0.61640625 0.1603515625 0.62953125 0.141796875 0.64953125 0.1082234375 0.66359375 0.08380937499999999 0.6771874999999999 0.056465625 0.67125 0.054707812499999994 0.660625 0.0777546875
0 0.6603125000000001 0.21035468750000003 0.6359375 0.2380890625 0.61046875 0.265234375 0.5935937499999999 0.2798859375 0.5806250000000001 0.28789375 0.57546875 0.290234375 0.57859375 0.2935546875 0.5939062500000001 0.2865234375 0.6092187499999999 0.2744140625 0.62578125 0.2583984375 0.66734375 0.20957343750000001 0.6909375 0.17578125 0.7025 0.15820625 0.6975 0.157815625 0.69625 0.15820625 0.6815625 0.18008125 0.6603125000000001 0.21035468750000003
0 0.7229687499999999 0.305078125 0.6917187499999999 0.3259765625 0.69375 0.330859375 0.7275 0.308203125 0.7229687499999999 0.305078125
0 0.72984375 0.261328125 0.7065625 0.287109375 0.70859375 0.29453125 0.73125 0.268359375 0.72984375 0.261328125
0 0.6285937500000001 0.30546875 0.6184375 0.3125 0.6196875000000001 0.3166015625 0.63671875 0.30625 0.65625 0.2921875 0.68421875 0.2703125 0.70421875 0.250390625 0.73 0.22265625 0.7275 0.218359375 0.7021875 0.2447265625 0.6790625 0.2666015625 0.6587500000000001 0.2845703125 0.6285937500000001 0.30546875
0 0.71765625 0.2087890625 0.6967187499999999 0.2314453125 0.67890625 0.25 0.66109375 0.2666015625 0.641875 0.2828125 0.6287499999999999 0.2919921875 0.6287499999999999 0.2904296875 0.63765625 0.2802734375 0.6485937500000001 0.269921875 0.6678124999999999 0.24921875 0.69046875 0.2259765625 0.71046875 0.2037109375 0.7071875000000001 0.1900390625 0.68015625 0.2234375 0.6404687499999999 0.2662109375 0.6370312499999999 0.2642578125 0.6515625 0.248828125 0.67625 0.2189453125 0.6884375 0.20234375 0.708125 0.17421875 0.7045312499999999 0.17109375 0.6860937500000001 0.1962890625 0.6528125 0.23828125 0.6292187499999999 0.2642578125 0.615 0.2791015625 0.6090625000000001 0.283984375 0.60390625 0.2884765625 0.5915625 0.29375 0.58109375 0.295703125 0.58296875 0.3068359375 0.5939062500000001 0.301171875 0.60609375 0.2943359375 0.61953125 0.287109375 0.62828125 0.28203125 0.61140625 0.2966796875 0.6065625 0.3005859375 0.58359375 0.3115234375 0.5865625 0.3169921875 0.60875 0.30703125 0.61171875 0.305859375 0.615625 0.3052734375 0.6278125 0.298828125 0.6475 0.2853515625 0.6721874999999999 0.2642578125 0.68984375 0.24765625 0.7068749999999999 0.2287109375 0.72421875 0.21015625 0.71765625 0.2087890625
0 0.531875 0.2666015625 0.5378125 0.2568359375 0.5453125 0.2404296875 0.555496875 0.21505468749999998 0.55234375 0.2109375 0.5353125000000001 0.249609375 0.531875 0.2560546875 0.52828125 0.26171875 0.52515625 0.26484375 0.5131249999999999 0.2744140625 0.51640625 0.278125 0.528125 0.2703125 0.531875 0.2666015625
0 0.54171875 0.2568359375 0.5328125 0.271875 0.5284375 0.2794921875 0.5246875 0.2828125 0.5154687499999999 0.283984375 0.5159374999999999 0.2890625 0.52921875 0.2869140625 0.5348437500000001 0.2830078125 0.5454687500000001 0.2724609375 0.5609375 0.2482421875 0.55734375 0.245703125 0.54578125 0.2654296875 0.5440625 0.2638671875 0.5575 0.2365234375 0.5521874999999999 0.233984375 0.54171875 0.2568359375
0 0.5525 0.3078125 0.5506249999999999 0.303515625 0.53578125 0.3251953125 0.5315624999999999 0.3298828125 0.5231250000000001 0.3337890625 0.5248437499999999 0.3384765625 0.53125 0.335546875 0.535625 0.332421875 0.54078125 0.325390625 0.5525 0.3078125
0 0.52609375 0.344140625 0.534375 0.340625 0.5378125 0.3384765625 0.54203125 0.3349609375 0.5506249999999999 0.3208984375 0.55265625 0.316015625 0.54984375 0.3138671875 0.54109375 0.327734375 0.53359375 0.3357421875 0.52421875 0.339453125 0.52609375 0.344140625
0 0.541875 0.34375 0.5543750000000001 0.3296875 0.5503125 0.3263671875 0.5389062499999999 0.3392578125 0.5348437500000001 0.3421875 0.52625 0.3458984375 0.52734375 0.350390625 0.53515625 0.3478515625 0.541875 0.34375