1 0.6948640625 0.5121234375 0.7048390625 0.5077609375 0.70140625 0.3731125 0.6909875000000001 0.37099375 0.6943796875 0.49728281250000006 0.6948640625 0.5121234375
1 0.693359375 0.20874062499999999 0.696734375 0.2003109375 0.69078125 0.0533203125 0.6784375 0.0544921875 0.6854125 0.2090203125 0.693359375 0.20874062499999999
0 0.0931671875 0 0.1261546875 0.054732812500000005 0.18065625000000002 0.13774999999999998 0.2303125 0.2025390625 0.24375 0.2173828125 0.26390625 0.238671875 0.28765625 0.25703125 0.306065625 0.26661562499999997 0.3090625 0.2619140625 0.291203125 0.250665625 0.2684375 0.233203125 0.263125 0.227734375 0.242596875 0.20485156249999997 0.2290625 0.1884765625 0.21375000000000002 0.1701171875 0.177309375 0.12084375 0.110459375 0.0174203125 0.0996875 0 0.0931671875 0
0 0.6804781249999999 0.10088124999999999 0.68015625 0.0927734375 0.47346562499999995 0.1063359375 0.45999999999999996 0.1072265625 0.4364078125 0.108853125 0.20890625 0.124609375 0.21359374999999997 0.132421875 0.34249999999999997 0.12265625 0.4609375 0.115234375 0.6804781249999999 0.10088124999999999
0 0.68015625 0.0853515625 0.6799999999999999 0.078125 0.5184375 0.0853515625 0.1956375 0.10239218750000001 0.2 0.109765625 0.42125 0.097265625 0.68015625 0.0853515625
0 0.6795312499999999 0.06796875 0.6789609375000001 0.06047812500000001 0.64671875 0.0576171875 0.6135109375 0.053834375000000004 0.29296875 0.034375 0.23312499999999997 0.032421875 0.1540546875 0.030571875 0.15687500000000001 0.0380859375 0.16723593750000001 0.0383890625 0.27015625 0.041015625 0.52078125 0.0564453125 0.6795312499999999 0.06796875
1 0.0328125 0.065234375 0.058437499999999996 0.0548828125 0.1082421875 0.05859375 0.1180078125 0.056153125000000005 0.11953125 0.04375 0.1109375 0.0365234375 0.10234375 0.0353515625 0.0945703125 0.0415046875 0.045742187499999996 0.048828125 0.026210937499999996 0.05859375 0.0047265625 0.0830078125 0.00578125 0.000390625 0 0 0.0004078125 0.3364625 0.0119640625 0.5506734375 0.024365625 0.5485578125 0.007656250000000001 0.16479531249999999 0.007656250000000001 0.15258750000000001 0.0071874999999999994 0.146875 0.016718749999999998 0.1544921875 0.02828125 0.1451171875 0.02765625 0.1388671875 0.01859375 0.128125 0.00796875 0.1173828125 0.0053124999999999995 0.0962890625 0.0328125 0.065234375
0 0.02015625 0.16171875 0.009490624999999999 0.18025 0.0113421875 0.1874828125 0.024071875 0.1663609375 0.02015625 0.16171875
0 0.0465625 0.191796875 0.0721921875 0.22138906249999998 0.1309078125 0.28395468749999997 0.1736125 0.32540625 0.1957203125 0.34491875 0.22973125 0.3685796875 0.24577343749999997 0.3786078125 0.24930312500000001 0.3745953125 0.22447187500000002 0.3579171875 0.20511093749999998 0.343240625 0.1799109375 0.322859375 0.125453125 0.26951718750000003 0.049090625 0.18529374999999998 0.021496875 0.152003125 0.01578125 0.15625 0.0465625 0.191796875
0 0.08324843750000001 0.2127609375 0.098803125 0.2291109375 0.13433124999999999 0.2672734375 0.1652390625 0.2975921875 0.19902031250000002 0.326765625 0.2223421875 0.34509375000000003 0.24898281249999998 0.362965625 0.2518703125 0.3577515625 0.250265625 0.3565484375 0.23012812500000002 0.34245312499999997 0.2014953125 0.320453125 0.1537859375 0.27676875 0.0808546875 0.1993296875 0.030160937500000002 0.1415765625 0.0250265625 0.1463890625 0.08324843750000001 0.2127609375
0 0.128421875 0 0.16238593750000002 0.062307812500000004 0.21247500000000002 0.145890625 0.25515937499999997 0.20751406249999998 0.28039375 0.236475 0.28526093750000003 0.2409875 0.288990625 0.24426562500000001 0.307034375 0.2580265625 0.31498593750000003 0.2618515625 0.3177375 0.258409375 0.3003125 0.2455078125 0.2783125 0.22425 0.2467890625 0.1834859375 0.2030578125 0.11659062499999999 0.15718749999999998 0.039373437500000004 0.1351734375 0 0.128421875 0
0 0.0162453125 0 0.0310875 0.020559374999999998 0.0523484375 0.0481375 0.058565624999999996 0.04663125 0.0312890625 0.012784375 0.0722046875 0.0416171875 0.0746109375 0.0433734375 0.08464374999999999 0.041921875 0.067075 0.0166375 0.05483125 0 0.04933125 0 0.0653015625 0.02306875 0.0752375 0.0366 0.07346406250000001 0.0366 0.040103125 0.01086875 0.0236 0 0.0162453125 0
0 0.18579218749999998 0.1945703125 0.15249531249999998 0.160625 0.116365625 0.119296875 0.07456874999999999 0.06764218749999999 0.064178125 0.0537671875 0.0566078125 0.055400000000000005 0.0706703125 0.07239218750000001 0.08850156249999999 0.09509375 0.146828125 0.16298437500000001 0.1818734375 0.20034375 0.22036406249999999 0.234878125 0.2503546875 0.25465625 0.266884375 0.2635125 0.27515 0.267053125 0.2879015625 0.26911874999999996 0.30230625 0.26970937500000003 0.302778125 0.26528125 0.294040625 0.26380625 0.27845624999999996 0.2584921875 0.2600359375 0.246390625 0.22910781249999998 0.21946249999999998 0.1969203125 0.1868453125 0.1541734375 0.1348125 0.127253125 0.1007875 0.0937203125 0.054740625 0.0881578125 0.054765625 0.1000453125 0.07336875000000001 0.15687500000000001 0.148928125 0.1871015625 0.18528125 0.21171875 0.2111328125 0.22582968750000001 0.22483593750000003 0.2500453125 0.24719687499999998 0.22110625 0.22690000000000002 0.18579218749999998 0.1945703125
0 0.031875 0.055078125 0.0125 0.0265625 0.009218750000000001 0.029296875 0.02078125 0.0470703125 0.027968749999999997 0.0583984375 0.031875 0.055078125
0 0.00640625 0.0353515625 0.023125 0.06171875 0.026718750000000003 0.059375 0.008749999999999999 0.031640625 0.00640625 0.0353515625
0 0.01109375 0.046484375 0.009375 0.04453125 0.006562500000000001 0.04921875 0.01859375 0.06640625 0.0221875 0.0634765625 0.021562500000000002 0.0619140625 0.01109375 0.046484375
0 0.1606171875 0.2278359375 0.1104296875 0.162040625 0.0917125 0.136625 0.07050625 0.10863750000000001 0.036721875 0.062428125 0.0328 0.06534218750000001 0.0499359375 0.0904359375 0.10703125 0.169140625 0.1542515625 0.2299765625 0.1895046875 0.26792343750000003 0.20421874999999998 0.284765625 0.21015625 0.2822265625 0.20078125 0.271484375 0.1606171875 0.2278359375
0 0.0288875 0.070078125 0.0235015625 0.07466874999999999 0.0707515625 0.1395453125 0.13954375000000002 0.22553593749999998 0.16375 0.254296875 0.1940625 0.28515625 0.19921875 0.2818359375 0.1708796875 0.2497109375 0.1255890625 0.194015625 0.032315625 0.0645703125 0.0288875 0.070078125
1 0.3277953125 0.25932187500000003 0.32753437500000004 0.26615625 0.32206718749999996 0.26615625 0.3197234375 0.260625 0.3145171875 0.2609484375 0.3139953125 0.2668078125 0.310090625 0.26550625 0.3095703125 0.263553125 0.3022796875 0.263878125 0.301759375 0.2755953125 0.3072265625 0.276896875 0.3074859375 0.28145312499999997 0.3137359375 0.28047656249999997 0.3139953125 0.2759203125 0.32180624999999996 0.2759203125 0.32206718749999996 0.36808593749999996 0.3179015625 0.3697125 0.31868281249999997 0.381103125 0.3231078125 0.3820796875 0.3246703125 0.48785156250000006 0.3327421875 0.4870078125 0.32935781249999996 0.2736421875 0.34769375 0.2722671875 0.3468015625 0.25802187499999996 0.34046875 0.2583984375 0.3403125 0.2650390625 0.335084375 0.2648546875 0.33430468750000003 0.25899843749999996 0.3277953125 0.25932187500000003
1 0.374228125 0.3739546875 0.3753296875 0.4374921875 0.374471875 0.43777343750000003 0.374471875 0.4452484375 0.3762296875 0.4452484375 0.3767578125 0.4830640625 0.3797484375 0.4830640625 0.3809796875 0.48262499999999997 0.38168281249999997 0.44634843750000003 0.388190625 0.4441484375 0.3878125 0.4373046875 0.381625 0.43710000000000004 0.3800515625 0.436903125 0.37895 0.3737578125 0.374228125 0.3739546875
0 0.14515625000000001 0.030078125 0.11984375 0.0296875 0.12234375 0.0361328125 0.14765625 0.03671875 0.14515625000000001 0.030078125
0 0.11109374999999999 0.02890625 0.07859374999999999 0.029296875 0.0796875 0.034375 0.11390625000000001 0.0345703125 0.11109374999999999 0.02890625
0 0.0365625 0.0267578125 0.01390625 0.0263671875 0.013750000000000002 0.03046875 0.0371875 0.0306640625 0.0365625 0.0267578125
0 0.0665625 0.133984375 0.02828125 0.134765625 0.028437499999999998 0.1408203125 0.0703125 0.1396484375 0.0665625 0.133984375
0 0.05046874999999999 0.1103515625 0.00828125 0.111328125 0.008125 0.11796875 0.05328125 0.1171875 0.05046874999999999 0.1103515625
0 0.1015625 0.108984375 0.07390624999999999 0.1095703125 0.075625 0.115234375 0.1053125 0.114453125 0.1015625 0.108984375
0 0.11921875 0.130859375 0.08953124999999999 0.1318359375 0.09265625 0.1380859375 0.12421875 0.137109375 0.11921875 0.130859375
0 0.12578125 0.1068359375 0.1084375 0.108203125 0.11140625 0.113671875 0.12890625 0.1123046875 0.12578125 0.1068359375
0 0.14296875 0.1298828125 0.12828124999999999 0.1310546875 0.13125 0.1365234375 0.145625 0.1353515625 0.14296875 0.1298828125
0 0.159375 0.1048828125 0.1340625 0.1068359375 0.1365625 0.1119140625 0.16218749999999998 0.1103515625 0.159375 0.1048828125
0 0.17390624999999998 0.12734375 0.15171874999999999 0.1287109375 0.15437499999999998 0.133984375 0.17703125 0.1326171875 0.17390624999999998 0.12734375
0 0.1871875 0.103515625 0.16734374999999999 0.1046875 0.16999999999999998 0.1103515625 0.1903125 0.109375 0.1871875 0.103515625
0 0.200625 0.1255859375 0.181875 0.126953125 0.18546875000000002 0.1322265625 0.20249999999999999 0.1310546875 0.200625 0.1255859375