1 0.27165 0 0.271459375 0.0275890625 0.27771875 0.028826562500000003 0.27574062499999996 0.0432375 0.2652 0.0477703125 0.257671875 0.04178125 0.227590625 0.045959375000000004 0.23046875 0.0598140625 0.23275625 0.08090312499999999 0.24187187500000001 0.08811875 0.27711874999999997 0.08735937499999999 0.275559375 0.390215625 0.2840390625 0.388771875 0.2901890625 0.3887890625 0.29296875 0.3161625 0.294921875 0.072021875 0.3388671875 0.068359375 0.33984375 0.06225625 0.3369796875 0.0482375 0.2978515625 0.048828125 0.2955078125 0 0.27165 0
1 0.3388234375 0.206175 0.3626875 0.21106875 0.3621140625 0.23193437499999997 0.3407 0.23349375 0.34193125 0.24250937499999997 0.363565625 0.241409375 0.3642703125 0.25416249999999996 0.362984375 0.45539375 0.37285625 0.45288125 0.37285625 0.24780312499999999 0.3777390625 0.2392578125 0.394340625 0.23559531250000001 0.3933640625 0.2294921875 0.3757859375 0.23193437499999997 0.3753515625 0.20842968750000002 0.3975125 0.20711093749999998 0.39703750000000004 0.1923828125 0.3392046875 0.192621875 0.3388234375 0.206175
1 0.40234375 0.28174375 0.40234375 0.2622125 0.4169921875 0.25855 0.419921875 0.2548890625 0.4185359375 0.24897968750000002 0.37744374999999997 0.24993125 0.3776328125 0.26015781250000003 0.3916015625 0.2609921875 0.39453125 0.2670953125 0.39453125 0.28174375 0.3916015625 0.28540625 0.3798828125 0.28540625 0.37706249999999997 0.28536562499999996 0.376953125 0.291509375 0.392940625 0.2935171875 0.3932921875 0.2996734375 0.37640625 0.2990140625 0.375878125 0.313525 0.392578125 0.3159234375 0.39095 0.456584375 0.3935546875 0.45630468750000003 0.39913125 0.4551578125 0.39875 0.42519375000000004 0.40234375 0.3134828125 0.4151109375 0.312 0.415871875 0.3053390625 0.4025546875 0.30629062500000004 0.40234375 0.2963921875 0.41663281249999995 0.29154843750000003 0.41739375 0.2848890625 0.4052734375 0.28540625 0.40234375 0.28174375
1 0.4245640625 0.29052812499999997 0.4323765625 0.29052812499999997 0.4323765625 0.283203125 0.4167515625 0.283203125 0.406009375 0.286865625 0.4089390625 0.29296875 0.4147984375 0.29296875 0.41545468750000003 0.299234375 0.415775 0.32836875 0.4060703125 0.3297953125 0.4060703125 0.33381249999999996 0.41457499999999997 0.33815 0.4118765625 0.44944843749999996 0.417728125 0.4504390625 0.417965625 0.43542031249999996 0.41815468750000007 0.40712187499999997 0.4187265625 0.39451718750000003 0.41967499999999996 0.3377109375 0.42319375 0.337271875 0.433353125 0.3332515625 0.4323765625 0.32959062499999997 0.421634375 0.32836875 0.421634375 0.2941890625 0.4245640625 0.29052812499999997
1 0.434315625 0.36277499999999996 0.434821875 0.3483984375 0.4463234375 0.3486109375 0.445815625 0.3365609375 0.42382968749999994 0.336771875 0.42266562499999993 0.34936406249999996 0.4304046875 0.3489234375 0.4306453125 0.3625828125 0.434315625 0.36277499999999996
0 0.0470984375 0.2541015625 0.0476234375 0.2601875 0.14463593749999998 0.26245625 0.144028125 0.257140625 0.0470984375 0.2541015625
0 0.13663125 0.2196328125 0.1652734375 0.207053125 0.21399374999999998 0.182590625 0.21556718749999998 0.1812765625 0.2116328125 0.17636093749999998 0.1799015625 0.1927515625 0.115328125 0.220603125 0.0865421875 0.23110468750000002 0.087853125 0.238971875 0.13663125 0.2196328125
0 0.0947203125 0.0409140625 0.0659578125 0.0003109375 0.058021875 0 0.1041421875 0.0641609375 0.1581984375 0.1338984375 0.1889453125 0.169540625 0.2005984375 0.1806984375 0.20630156249999998 0.17790937499999998 0.191425 0.1617921875 0.1625390625 0.12666249999999998 0.0947203125 0.0409140625
0 0.278540625 0.2367 0.26799531249999997 0.2272421875 0.2425484375 0.2023109375 0.220540625 0.17681093750000001 0.1980734375 0.1487265625 0.1345703125 0.067628125 0.0861984375 0.000571875 0.0772578125 0 0.12081562500000001 0.0630359375 0.1772125 0.13496875 0.21251718749999998 0.17881249999999999 0.23269062499999998 0.20001875 0.250571875 0.21950625 0.2659328125 0.2349796875 0.2755609375 0.2412828125 0.278540625 0.2367
0 0.1483265625 0 0.1779 0.0475609375 0.1980734375 0.0762171875 0.2253546875 0.11347031249999999 0.2411734375 0.13037812499999998 0.2512609375 0.13840312500000002 0.2576796875 0.1438484375 0.2640984375 0.1398359375 0.254928125 0.13324375 0.23750468749999998 0.1166234375 0.22122812500000003 0.0965640625 0.20203125000000002 0.0703125 0.171021875 0.0246375 0.15578125 0 0.1534375 0 0.1483265625 0
0 0.12953125000000001 0 0.12859375 0.0001953125 0.16875 0.06133593750000001 0.20875 0.121728125 0.2359375 0.1641109375 0.24078125 0.159228125 0.21078125 0.11528281250000001 0.13453125 0 0.12953125000000001 0
0 0.13468750000000002 0 0.15031250000000002 0.0234375 0.21390625000000002 0.1193359375 0.24093749999999997 0.159375 0.24500000000000002 0.15546875 0.226875 0.1287109375 0.18671875 0.0671875 0.14250000000000002 0 0.13468750000000002 0
0 0.27453125 0.1275390625 0.25515625000000003 0.087109375 0.24890625000000002 0.0876953125 0.26968749999999997 0.132421875 0.27453125 0.1275390625
0 0.25968749999999996 0.0880859375 0.27625 0.1240234375 0.276875 0.1251953125 0.27796875 0.1138671875 0.26609375 0.086328125 0.25968749999999996 0.0880859375
0 0.19265625 0 0.22875 0.0564453125 0.23015625 0.045703125 0.20078125 0 0.19265625 0
0 0.2090625 0 0.23953125000000003 0.0505859375 0.24343750000000003 0.045703125 0.21546875000000001 0 0.2090625 0
0 0.22328125000000001 0 0.24890625000000002 0.0439453125 0.25453125 0.04140625 0.2290625 0 0.22328125000000001 0
0 0.3498140625 0 0.3527546875 0.0164125 0.3770546875 0.13277343749999998 0.39038125 0.192790625 0.3960640625 0.1910765625 0.37803437500000003 0.1095 0.3553015625 0 0.3498140625 0
0 0.334725 0.046054687500000004 0.319046875 0 0.3133640625 0.000734375 0.3302171875 0.04899375 0.334725 0.046054687500000004
0 0.35025625 0.0847 0.32911875 0 0.3241796875 0.000234375 0.33721718749999996 0.05480937500000001 0.33978593749999997 0.0656734375 0.33919375 0.06863749999999999 0.3544046875 0.12741093750000002 0.37415937499999996 0.194084375 0.3798890625 0.1926015625 0.367640625 0.1513640625 0.35025625 0.0847
0 0.3392359375 0.19304062500000002 0.34418906250000003 0.19088750000000002 0.3220046875 0.133540625 0.29917343750000003 0.0716171875 0.2959421875 0.08130937499999999 0.312528125 0.12654062500000002 0.3392359375 0.19304062500000002
0 0.4040203125 0.232646875 0.4132109375 0.24892187500000001 0.41876406250000003 0.2479640625 0.40861562500000004 0.23073281250000002 0.4030625 0.2149359375 0.3984375 0.2025390625 0.39597812499999996 0.20703749999999999 0.4040203125 0.232646875
0 0.400765625 0.2479640625 0.4068921875 0.2482046875 0.3977015625 0.23168906250000001 0.385446875 0.20775468749999998 0.3821921875 0.2103875 0.3929140625 0.23240781250000003 0.400765625 0.2479640625
0 0.4311234375 0.280071875 0.4225 0.2587890625 0.4215625 0.25625 0.417296875 0.25987343749999997 0.42529218750000003 0.2813203125 0.4311234375 0.280071875
0 0.3115875 0.1601703125 0.294909375 0.1273515625 0.294909375 0.13932187499999998 0.32611875 0.198353125 0.337346875 0.21383437500000002 0.3518765625 0.23034531249999998 0.3579875 0.2297265625 0.348409375 0.2198203125 0.339328125 0.20826093750000002 0.325621875 0.1859703125 0.3115875 0.1601703125
0 0.3314015625 0.2175484375 0.34609375 0.2330078125 0.349565625 0.2297265625 0.340625 0.2197265625 0.3224859375 0.1962890625 0.3081203125 0.1729671875 0.29623125 0.15088125 0.2944140625 0.160375 0.3129078125 0.1919546875 0.32046874999999997 0.20390625 0.3314015625 0.2175484375
0 0.3624453125 0.22353593749999998 0.352371875 0.20846874999999998 0.3469234375 0.2092921875 0.360959375 0.2293140625 0.3624453125 0.22353593749999998
0 0.33875 0.235546875 0.34265625 0.23203125 0.32125 0.2083984375 0.30546875 0.1861328125 0.29562499999999997 0.1703125 0.294375 0.1796875 0.30796875 0.199609375 0.31843750000000004 0.2140625 0.32796875000000003 0.2248046875 0.33875 0.235546875
0 0.3628125 0.27265625 0.3640625 0.2669921875 0.35703125 0.2568359375 0.35046875 0.2427734375 0.34562499999999996 0.2435546875 0.35265625 0.260546875 0.3621875 0.27265625 0.3628125 0.27265625
0 0.35375 0.298046875 0.36484375 0.2931640625 0.36515624999999996 0.2853515625 0.354375 0.2880859375 0.34390624999999997 0.282421875 0.33328125000000003 0.2708984375 0.3209375 0.2521484375 0.3096875 0.2306640625 0.29484374999999996 0.19921875 0.29296875 0.209375 0.31828124999999996 0.2576171875 0.33359375 0.28046875 0.34515625 0.289453125 0.35234375 0.291796875 0.353125 0.2947265625 0.34359375000000003 0.2984375 0.34609375 0.3017578125 0.35375 0.298046875
0 0.30546875 0.280859375 0.31796875 0.3001953125 0.33609374999999997 0.3263671875 0.348125 0.3376953125 0.35812499999999997 0.34453125 0.36421875 0.34453125 0.3646875 0.339453125 0.35953124999999997 0.3396484375 0.35531250000000003 0.3361328125 0.34234375 0.3251953125 0.33015625000000004 0.309765625 0.3146875 0.2857421875 0.29984375 0.25859375 0.29703124999999997 0.26484375 0.30546875 0.280859375
0 0.31437499999999996 0.2634765625 0.31359375 0.2634765625 0.2975 0.2427734375 0.2978125 0.25078125 0.32218749999999996 0.2830078125 0.348125 0.3171875 0.36421875 0.334375 0.36531250000000004 0.3216796875 0.3471875 0.3037109375 0.33484375 0.2869140625 0.31640625 0.2591796875 0.29640625 0.227734375 0.294375 0.2349609375 0.31437499999999996 0.2634765625
0 0.39116249999999997 0.37975625 0.37411249999999996 0.3440328125 0.3724890625 0.35073125 0.3874265625 0.3830015625 0.39116249999999997 0.37975625
0 0.37395 0.3428140625 0.3895375 0.3752890625 0.3926234375 0.3720421875 0.3754109375 0.3361171875 0.37395 0.3428140625