1 0.028284375 0 0.0277125 0.020712500000000002 0.0199984375 0.5010375 0.021484375 0.56274375 0.02734375 0.5651859375 0.04056875 0.5592484375 0.0451390625 0 0.028284375 0
1 0.565209375 0 0.5647796875 0.0577265625 0.5520623140625001 0.0592391234375 0.53913390625 0.060203929687500005 0.5368183703125 0.055379896875 0.5292928796874999 0.055379896875 0.5283203125 0.0591078125 0.5271234375 0.0695796875 0.5321873 0.077184525 0.5368183703125 0.077184525 0.5404846359375 0.07332529843749999 0.553490625 0.0732421875 0.5665344125 0.0731323375 0.567113296875 0.10940906406249999 0.5644118390624999 0.109602025 0.5628681484375 0.10130468906250001 0.556886346875 0.10149765 0.5547637734374999 0.109216103125 0.5298671875000001 0.11075781250000001 0.5310296875 0.11840781250000001 0.5678851421875 0.1206008203125 0.572071875 0.250240625 0.5575823171875001 0.2501000296875 0.55714924375 0.2594111125 0.5738225781249999 0.260710334375 0.574039115625 0.2650410703125 0.574255653125 0.274568690625 0.5824840515624999 0.2741356171875 0.5876809359374999 0.2732694703125 0.5868147875 0.258328428125 0.5995904609375 0.256812671875 0.6004566078125 0.25139925 0.5866546875 0.2516203125 0.585771875 0.2380875 0.5818109375 0.11840781250000001 0.5970223 0.1175134390625 0.597601184375 0.1136542125 0.6113014375 0.1124964453125 0.611880321875 0.116355671875 0.6201776578125 0.11616270937499999 0.6197917359375 0.1007258046875 0.6116873609375 0.10033988281249999 0.6114943984375001 0.1055498375 0.5972152625 0.10593576093749998 0.5962504546875 0.10149765 0.5867953515625 0.10169061093750001 0.5871812734375 0.10709352812499999 0.580834375 0.107421875 0.5798578125 0.0793453125 0.5798487437500001 0.075640834375 0.5798487437500001 0.0713956859375 0.592553125 0.0708015625 0.616484375 0.068775 0.6171484375 0.056898437499999996 0.5793640625 0.05938281250000001 0.5781120921875 0.043030373437500005 0.5771472859375 0 0.565209375 0
1 0.7099515625 0 0.7094406249999999 0.020040625 0.6962140625 0.041584375 0.696615625 0.0496015625 0.6985225765624999 0.05287072968749999 0.7111014859375 0.050315639062499994 0.7236515625 0.4137515625 0.72409375 0.4427546875 0.745084375 0.4430296875 0.7442015625 0.30244218749999996 0.740234375 0.2648921875 0.7318265625 0.0220953125 0.7313456687500001 0 0.7099515625 0
1 0.6640625 0.12329062500000001 0.6655390625 0.1281578125 0.671875 0.12817343750000001 0.673828125 0.12573281249999999 0.671875 0.032959375 0.6708421875 0.0232015625 0.669921875 0.0085453125 0.6669921875 0.0048828125 0.6630859375 0.0048828125 0.66015625 0.0085453125 0.66015625 0.0183109375 0.661340625 0.0232015625 0.6640625 0.12329062500000001
0 0.48062812499999996 0.31884375 0.37859375 0.3265625 0.3783203125 0.3311421875 0.47703125 0.3259765625 0.548959375 0.31906875 0.548959375 0.31303125 0.48062812499999996 0.31884375
0 0.374375 0.328125 0.33890625 0.32734375 0.33859374999999997 0.331640625 0.3746875 0.33203125 0.374375 0.328125
0 0.0238109375 0.1205296875 0 0.1376265625 0.0008437500000000001 0.1433265625 0.0256671875 0.126228125 0.0238109375 0.1205296875
0 0.023640625000000002 0.07451250000000001 0 0.0856984375 0.000675 0.0920328125 0.0246546875 0.0806328125 0.023640625000000002 0.07451250000000001
0 0.25961875 0.08221406249999999 0.09436093749999999 0.0790234375 0.0946921875 0.085934375 0.14615625000000002 0.0874796875 0.22954218750000002 0.0892375 0.2900265625 0.0892375 0.3711890625 0.0857890625 0.46439062499999995 0.0797484375 0.5278015625 0.073946875 0.5274156249999999 0.06790625 0.4584015625 0.0742734375 0.3680953125 0.080471875 0.25961875 0.08221406249999999
0 0.56375 0.009375 0.53984375 0 0.538125 0.0033203125 0.56328125 0.0150390625 0.56375 0.009375
0 0.593125 0 0.5767187500000001 0.0068359375 0.57765625 0.0126953125 0.59640625 0.003125 0.593125 0
0 0.1283234375 0.125109375 0.0745796875 0.11780781250000001 0.0741890625 0.1248671875 0.1335796875 0.13168125 0.21614375 0.13630625000000002 0.215559375 0.129978125 0.1283234375 0.125109375
0 0.1865453125 0.15334375 0.0849 0.16746250000000001 0.0866515625 0.173790625 0.1871296875 0.15967343750000002 0.1865453125 0.15334375
0 0.3672578125 0.0805765625 0.4703125 0.0029296875 0.47296875 0.00078125 0.4648203125 0 0.35872031249999997 0.07861718749999999 0.3672578125 0.0805765625
0 0.51671875 0 0.49171875 0.0326171875 0.43156249999999996 0.0748046875 0.44000000000000006 0.0751953125 0.47484374999999995 0.0513671875 0.45218749999999996 0.0736328125 0.46125 0.073828125 0.49015624999999996 0.0416015625 0.5392187500000001 0.0052734375 0.53515625 0.0005859375 0.5078125 0.0208984375 0.52421875 0 0.51671875 0
0 0.5390625 0.0560546875 0.5506249999999999 0.008984375 0.5459375 0.00703125 0.5334375 0.05546875 0.5390625 0.0560546875
0 0.2809375 0.1302734375 0.25109375 0.13046875 0.25109375 0.1361328125 0.28078125 0.1359375 0.2809375 0.1302734375
0 0.34671875 0.087109375 0.289375 0.127734375 0.2959375 0.1314453125 0.35421874999999997 0.0888671875 0.34671875 0.087109375
0 0.4178125 0.0826171875 0.35562499999999997 0.123828125 0.364375 0.126171875 0.42484374999999996 0.0853515625 0.4178125 0.0826171875
0 0.41765625 0.116796875 0.45093750000000005 0.0826171875 0.4503125 0.0814453125 0.44453125 0.0814453125 0.41125 0.1158203125 0.41765625 0.116796875
0 0.30378906250000004 0.12995625 0.305659375 0.136715625 0.40172656250000005 0.129696875 0.529396875 0.1146234375 0.529396875 0.10968437499999999 0.4087953125 0.124759375 0.511721875 0.10760624999999999 0.565784375 0.099546875 0.56536875 0.09435 0.4096265625 0.1169609375 0.35535625 0.12527968750000001 0.30378906250000004 0.12995625
0 0.555440625 0.09331406249999999 0.53944375 0.07665 0.5350015625 0.07953906250000001 0.5508203125 0.096203125 0.555440625 0.09331406249999999
0 0.610540625 0.0068859375 0.5895671874999999 0.053321875 0.593121875 0.0564328125 0.6144515625 0.009332812499999999 0.610540625 0.0068859375
0 0.646621875 0.03488125 0.6169390625 0.0057765625000000004 0.6149843749999999 0.00022187499999999999 0.609296875 0.0011109375 0.6114296875 0.00733125 0.6304484375 0.0268828125 0.640934375 0.0379921875 0.6459109375 0.050879687500000007 0.6581750000000001 0.0790953125 0.6631515625 0.07731875 0.6484 0.0433234375 0.6617296875 0.0542109375 0.6617296875 0.047325 0.646621875 0.03488125
0 0.6395705359375 0 0.6364405 0.0059122890625 0.6235375000000001 0 0.6196265624999999 0.001334375 0.63234375 0.01015625 0.6326015625 0.01955 0.6366906250000001 0.023549999999999998 0.6370453125 0.013998437499999999 0.63671875 0.0109375 0.643743915625 0.0158240671875 0.65073125 0.017996875000000002 0.6601515625000001 0.0199953125 0.659975 0.014440625000000002 0.65046875 0.013671875 0.643048353125 0.00747730625 0.6442655890625 0 0.6395705359375 0
0 0.3175 0.1501953125 0.31984375 0.15390625 0.32 0.1541015625 0.34578125000000004 0.1373046875 0.34234375 0.133984375 0.3175 0.1501953125
0 0.38140625 0.144140625 0.3421875 0.1837890625 0.34890625000000003 0.1837890625 0.40093750000000006 0.133203125 0.39546875 0.1306640625 0.38140625 0.144140625
0 0.41390625 0.15390625 0.4025 0.1630859375 0.32515625 0.19375 0.3284546875 0.200253125 0.40855625 0.1674375 0.5001546875 0.13294375 0.531390625 0.12144531249999999 0.5281328125 0.1168953125 0.4593375 0.14204531250000002 0.4167953125 0.1585734375 0.45015625000000004 0.13984375 0.47562499999999996 0.1255859375 0.47046875000000005 0.12265625 0.41390625 0.15390625
0 0.5578125 0.124609375 0.55400625 0.120315625 0.48654374999999994 0.1460828125 0.42385312500000005 0.1746171875 0.33884375 0.2086921875 0.34014375 0.2151046875 0.39130937499999996 0.19474375 0.451671875 0.17126875 0.46831562499999996 0.168440625 0.5124390625 0.15225781249999998 0.5654203125 0.1333046875 0.563715625 0.128834375 0.48756562499999995 0.155025 0.486884375 0.153109375 0.5287921875 0.13713906250000002 0.5578125 0.124609375
0 0.4445421875 0.2095953125 0.35491562499999996 0.2365421875 0.35591249999999997 0.24253125 0.4950453125 0.20210937499999998 0.5708984375 0.1801515625 0.5689015625 0.173165625 0.4445421875 0.2095953125
0 0.46250937499999994 0.24507812499999998 0.566365625 0.22395312500000003 0.5652171874999999 0.2186203125 0.46152499999999996 0.239540625 0.46218125 0.24364218750000002 0.46250937499999994 0.24507812499999998
0 0.4113203125 0.23543906250000002 0.41263281249999995 0.2415921875 0.4564390625 0.23277343749999999 0.5684984375 0.2071359375 0.5668578125 0.200984375 0.505003125 0.21451875 0.4113203125 0.23543906250000002
0 0.445775 0.24282187500000002 0.388021875 0.251025 0.388021875 0.2567671875 0.4462671875 0.248359375 0.445775 0.24282187500000002
0 0.564396875 0.21267343749999998 0.45824375 0.234003125 0.459228125 0.23913125000000002 0.56538125 0.21800625 0.564396875 0.21267343749999998
0 0.62690625 0.21595468750000002 0.60459375 0.24364218750000002 0.6073828125 0.24794999999999998 0.6311718749999999 0.218415625 0.62690625 0.21595468750000002
0 0.620671875 0.159146875 0.5821156249999999 0.1691953125 0.5826078125 0.1749375 0.621984375 0.16406875 0.620671875 0.159146875
0 0.6273984375 0.15094375 0.584740625 0.12038437500000002 0.5831000000000001 0.1267421875 0.6254296874999999 0.1573 0.6273984375 0.15094375
0 0.6303515625 0.146021875 0.5985234375 0.11833437499999999 0.5942578125 0.12202500000000001 0.6290390625 0.15094375 0.6303515625 0.146021875
0 0.64774375 0.147046875 0.6354390624999999 0.09228906249999999 0.6303515625 0.09475 0.642821875 0.151353125 0.64774375 0.147046875
0 0.6930265624999999 0.10685 0.712878125 0.062140625000000005 0.708940625 0.057629687500000006 0.6877765625000001 0.10520937500000001 0.6930265624999999 0.10685
0 0.7045109375 0.10807968750000001 0.714190625 0.087778125 0.70926875 0.084496875 0.6986046875 0.10664375 0.7045109375 0.10807968750000001
0 0.697128125 0.07403593750000001 0.673009375 0.07690781249999999 0.67268125 0.08388124999999999 0.6979484375 0.0797796875 0.697128125 0.07403593750000001
0 0.6851299375 0.042081584374999995 0.6724359062499999 0.0471244203125 0.6720881234375 0.053558381249999995 0.6769570671875 0.0549495078125 0.672957578125 0.0667740859375 0.67730485 0.07042579375 0.6896511000000001 0.0504283453125 0.707387965625 0.01008566875 0.7075 0.0068359375 0.6695640625 0.0116890625 0.6702203124999999 0.018662500000000002 0.7000845499999999 0.01425905 0.6851299375 0.042081584374999995
0 0.6237890625 0.0885984375 0.6326484375 0.081625 0.6551265625 0.0734203125 0.6523375 0.0680875 0.6234589765624999 0.077836278125 0.6148105015625001 0.0703409328125 0.6107745453125 0.0718784390625 0.6178855140625 0.0816800453125 0.6061620249999999 0.08417849375 0.602510446875 0.0803347265625 0.5942463484375 0.07207062812500001 0.5913635234375 0.074953453125 0.5998198109375 0.0866769421875 0.5804750000000001 0.092084375 0.581459375 0.098646875 0.6237890625 0.0885984375
0 0.591303125 0.098646875 0.5914671874999999 0.1027484375 0.5926171874999999 0.10377343750000001 0.6283828125 0.09475 0.6561109375 0.08982812500000001 0.65561875 0.08593125 0.633634375 0.0900328125 0.6341265625 0.086546875 0.6575875 0.0834703125 0.656275 0.0791640625 0.623953125 0.0869578125 0.62428125 0.091059375 0.591303125 0.098646875
0 0.6472515624999999 0.0547578125 0.617390625 0.05721875 0.6182109375 0.061524999999999996 0.6480718750000001 0.058859375000000005 0.6472515624999999 0.0547578125
0 0.6390625 0.0369140625 0.624375 0.0427734375 0.630625 0.027734375 0.62703125 0.02578125 0.61765625 0.0453125 0.61125 0.050390625 0.61421875 0.055078125 0.64109375 0.040234375 0.6390625 0.0369140625
0 0.6395359375 0.137696875 0.6204796875 0.1145578125 0.61685 0.1170546875 0.6379015625 0.1424609375 0.6395359375 0.137696875
0 0.6017187500000001 0.1609375 0.58703125 0.14453125 0.5845312500000001 0.148828125 0.59890625 0.1646484375 0.6017187500000001 0.1609375