1 0.0275668359375 0 0.02734375 0.006103125 0.025884374999999998 0.12651718750000002 0.0248061609375 0.6225005703125001 0.0375444609375 0.6235062250000001 0.038550115625 0.56383735 0.039220553125 0.393211184375 0.041646875 0.13647343750000002 0.0511046875 0.1346078125 0.051934375 0.12465 0.050440624999999996 0.1117921875 0.043471875 0.1088890625 0.042975 0.1018359375 0.04296875 0.064696875 0.0595703125 0.0415046875 0.0830078125 0.0244140625 0.10187500000000001 0.019140625 0.14109375 0.021484375 0.17015625 0.0203125 0.171875 0.0109859375 0.1715625 0.0068359375 0.1630859375 0.0048828125 0.0849609375 0.0146484375 0.0640890625 0.02606875 0.0458984375 0.0463875 0.0424883328125 0 0.0275668359375 0
1 0.2106015625 0.43398281250000004 0.21080625 0.44650625 0.216796875 0.44555625 0.22382246874999998 0.1911974984375 0.25238125 0.1871859375 0.2517953125 0.1749671875 0.1845453125 0.1761875 0.1845453125 0.18987343750000002 0.21370619999999999 0.19094459218749998 0.212890625 0.396728125 0.21182812499999998 0.410978125 0.21162343749999998 0.42631406250000003 0.2106015625 0.43398281250000004
0 0.5777953124999999 0.18483906249999998 0.54734375 0.1818359375 0.5470312500000001 0.1884765625 0.578125 0.190625 0.5777953124999999 0.18483906249999998
0 0.5525 0.1552734375 0.60390625 0.1583984375 0.6040265625 0.15187656249999998 0.5528125 0.1486328125 0.5525 0.1552734375
0 0 0.089409375 0.025023437500000002 0.1060546875 0.0253875 0.09888125 0 0.0801625 0 0.089409375
0 0.09830781250000001 0.22330624999999998 0.12 0.2498046875 0.1257921875 0.24753124999999998 0.086328125 0.19467812499999998 0.055104687500000006 0.14690468750000002 0.04475 0.1334546875 0.04235 0.143290625 0.09830781250000001 0.22330624999999998
0 0.212628125 0.2503296875 0.21375000000000002 0.2447265625 0.2098765625 0.24306250000000001 0.2003515625 0.2377484375 0.1906578125 0.23222031250000003 0.1771875 0.216796875 0.166875 0.203515625 0.1363171875 0.158740625 0.12004062499999998 0.130553125 0.099365625 0.09409218750000001 0.0752921875 0.042779687500000003 0.0699109375 0.033140625 0.06529531250000001 0.0373890625 0.0877375 0.083521875 0.127553125 0.1570765625 0.149921875 0.192371875 0.16921875 0.218359375 0.17328125 0.2232421875 0.19371875 0.2422125 0.199159375 0.2448109375 0.212628125 0.2503296875
0 0.06589062500000001 0.025546875000000004 0.0539109375 0 0.050034375 0.0017609375 0.05884374999999999 0.022903125 0.0627328125 0.0300953125 0.06589062500000001 0.025546875000000004
0 0.0990125 0.0314671875 0.094059375 0.023203124999999998 0.0881484375 0.024259375 0.13609374999999999 0.1109375 0.1628125 0.1533203125 0.1832265625 0.17769531249999998 0.186946875 0.1747046875 0.1833328125 0.1699703125 0.1575046875 0.13365 0.13178125000000002 0.0926890625 0.0990125 0.0314671875
0 0.215146875 0.08905625 0.1940015625 0.025634374999999997 0.187084375 0.0041390625 0.1856125 0 0.1788765625 0.0004890625 0.21080312499999998 0.0894171875 0.22875937500000001 0.14154843749999999 0.24156249999999999 0.175 0.2446875 0.17421875 0.2478125 0.17265625 0.22789062499999999 0.122 0.215146875 0.08905625
1 0.2666015625 0.27099687499999997 0.2490234375 0.27099687499999997 0.238125 0.27156250000000004 0.234375 0.2736328125 0.23453125 0.2845703125 0.234950365625 0.29084275625 0.24609375 0.2917484375 0.24658407656249998 0.3032351875 0.25015624999999997 0.30796875 0.2474703125 0.42069999999999996 0.248046875 0.4382328125 0.25390625 0.4382328125 0.2537890625 0.426228125 0.2537890625 0.41753906250000006 0.2537890625 0.40569375 0.255859375 0.3137203125 0.25671875 0.30625 0.25906250000000003 0.305 0.25859375 0.29421875000000003 0.25890625 0.29031250000000003 0.26703125 0.29015625 0.2740625 0.2896875 0.27375 0.27078125000000003 0.2666015625 0.27099687499999997
0 0.26265625 0.2712890625 0.26728125 0.2713671875 0.2638734375 0.24591249999999998 0.25380156249999997 0.186603125 0.2470875 0.1880015625 0.2532140625 0.21956718749999998 0.26265625 0.2712890625
0 0.22774062499999997 0.12343124999999999 0.22888125 0.12866093750000002 0.2589078125 0.1310546875 0.349784375 0.1376890625 0.42162499999999997 0.1424078125 0.4350125 0.143015625 0.43815781249999997 0.13740468749999998 0.39882968750000003 0.1353125 0.22774062499999997 0.12343124999999999
0 0.23515625 0.1578125 0.171875 0.1486328125 0.171875 0.15563125 0.2361046875 0.1649125 0.23515625 0.1578125
0 0.158578125 0.1352140625 0.22937500000000002 0.145703125 0.22793281250000003 0.13728281250000002 0.1813890625 0.131075 0.15437499999999998 0.12734375 0.158578125 0.1352140625
0 0.22259687499999997 0.122796875 0.149746875 0.1186578125 0.15195468750000002 0.12555624999999998 0.22388593750000002 0.1299265625 0.22259687499999997 0.122796875
0 0.19209375 0.101290625 0.176196875 0.06099687499999999 0.16648125 0.033946875 0.164053125 0.027325 0.1625078125 0.02263125 0.1598578125 0.0209765625 0.15802031249999998 0.02119375 0.15649375000000001 0.0218296875 0.158359375 0.0277640625 0.159884375 0.0324265625 0.1614109375 0.037090625 0.18057541562499999 0.08978189375 0.191653125 0.120334375 0.199628125 0.11886875 0.19209375 0.101290625
0 0.54358125 0.014606250000000001 0.43597656249999994 0.0069984375 0.333975 0.002434375 0.2799328125 0.000609375 0.27969218749999997 0.004759375 0.3455875 0.008784375 0.44604218749999996 0.014276562500000001 0.54151875 0.0212328125 0.7512296875 0.0399046875 0.8938578125 0.0538140625 0.93843125 0.05811875 0.9381875000000001 0.051426562499999995 0.8230437500000001 0.0404703125 0.68720625 0.0267765625 0.54358125 0.014606250000000001
0 0.23498281250000003 0.1368453125 0.2355765625 0.1437046875 0.3225046875 0.1560578125 0.4269578125 0.17105625 0.42734843749999996 0.16445937500000002 0.31533125 0.14759843749999998 0.23498281250000003 0.1368453125
0 0.240065625 0.146375 0.239675 0.14857499999999998 0.2406515625 0.152240625 0.424025 0.1803421875 0.42461093749999995 0.1752109375 0.3161125 0.15835 0.240065625 0.146375
0 0.425784375 0.192315625 0.3237375 0.17594375 0.3221734375 0.1803421875 0.42461093749999995 0.19818125 0.425784375 0.192315625
0 0.4248078125 0.1859625 0.3247140625 0.17105625 0.3247140625 0.17594375 0.4248078125 0.1903609375 0.4248078125 0.1859625
0 0.025609375 0.1307359375 0.00078125 0.1300046875 0.000390625 0.1361109375 0.026000000000000002 0.1368453125 0.025609375 0.1307359375
0 0.0191578125 0.1368453125 0.0011734375 0.1686125 0.0058640625 0.17325625 0.0246328125 0.13855625 0.0191578125 0.1368453125
0 0.23312499999999997 0.27531249999999996 0.22140624999999997 0.284765625 0.2209375 0.291796875 0.234375 0.28109375000000003 0.23312499999999997 0.27531249999999996
0 0.8221578125000001 0.23118750000000002 0.75639375 0.226634375 0.7559890625000001 0.23169374999999998 0.8223609375 0.2362453125 0.8221578125000001 0.23118750000000002
0 0.8026859375000001 0.17096875 0.737003125 0.1651265625 0.7378546874999999 0.1706359375 0.8229765625000001 0.17872656250000002 0.9999828125000001 0.1937234375 0.999490625 0.1875734375 0.8026859375000001 0.17096875
0 0.75094375 0.205225 0.896725 0.21811562499999998 1 0.2279734375 0.9992359375 0.22215781250000002 0.75094375 0.19991874999999998 0.75094375 0.205225
0 0.7545828125 0.2087640625 0.7541781249999999 0.21204843750000002 0.7551890625000001 0.21356718749999998 0.8799421875 0.22519218749999997 0.9998421875 0.234290625 0.999640625 0.22898281250000002 0.7545828125 0.2087640625
0 0.25544687499999996 0.26980468750000003 0.23517656250000002 0.19566875 0.23018437500000002 0.195203125 0.249253125 0.2705078125 0.25544687499999996 0.26980468750000003
0 0.11880312500000001 0.1402078125 0.051934375 0.1287984375 0.051437500000000004 0.1348140625 0.1183046875 0.1456 0.11880312500000001 0.1402078125
0 0.107021875 0.11801406249999999 0.048284375000000004 0.10992656249999999 0.0494453125 0.11697656249999999 0.10884687500000001 0.1250671875 0.107021875 0.11801406249999999
0 0.14390624999999999 0.1251953125 0.11625 0.122265625 0.11687499999999999 0.126953125 0.14640625000000002 0.1306640625 0.14390624999999999 0.1251953125
0 0.13999999999999999 0.11875 0.11328125 0.116796875 0.11546875000000001 0.12109375 0.14203125 0.1234375 0.13999999999999999 0.11875