1 0.6604687499999999 0.0994140625 0.6481250000000001 0.0970703125 0.6481250000000001 0.07890625 0.62796875 0.08046875 0.6271875 0.0849609375 0.62703125 0.0890625 0.6275000000000001 0.0896484375 0.6407812500000001 0.09140625 0.640625 0.11484375 0.6293859375 0.1147796875 0.62953125 0.125 0.6423609375 0.1252578125 0.646153125 0.21608125 0.6391671875 0.21857812499999998 0.6357734374999999 0.20859687500000001 0.629984375 0.21034375 0.6305828124999999 0.2575046875 0.6484375 0.2624515625 0.653609375 0.3603234375 0.6545140625 0.41369531249999997 0.6554781249999999 0.43661093749999996 0.658221875 0.47398281249999996 0.658221875 0.47768750000000004 0.66015625 0.4772953125 0.6674453125 0.47809999999999997 0.666015625 0.404053125 0.658203125 0.2648921875 0.6748968750000001 0.256753125 0.671875 0.22827187499999999 0.6689453125 0.21240312499999997 0.65625 0.21362343749999999 0.65125 0.106640625 0.66125 0.1056640625 0.6604687499999999 0.0994140625
1 0.56703125 0.2181640625 0.5553125 0.2205078125 0.55515625 0.22578125 0.5621875000000001 0.2267578125 0.561875 0.237890625 0.5571875000000001 0.2392578125 0.55671875 0.246875 0.563125 0.24765625 0.564453125 0.29663125 0.5578125 0.2970703125 0.55765625 0.3197265625 0.56796875 0.325 0.568359375 0.338134375 0.576171875 0.338134375 0.57546875 0.3259765625 0.58421875 0.321484375 0.583125 0.2927734375 0.572265625 0.2941890625 0.56921875 0.237109375 0.573125 0.2359375 0.57375 0.231640625 0.5701562499999999 0.22890625 0.5678124999999999 0.2291015625 0.56703125 0.2181640625
1 0.53671875 0.308203125 0.5387500000000001 0.333984375 0.5440625 0.3353515625 0.5443749999999999 0.30703125 0.53671875 0.308203125
0 1 0.0744625 0.918496875 0.15050468749999998 0.8203125 0.23559531250000001 0.8237406249999999 0.2412671875 0.882984375 0.19125468750000002 0.934965625 0.14521875 0.97931875 0.10281562500000001 1 0.08178125 1 0.0744625
0 1 0.12769375 0.9609984375 0.15637812499999998 0.81309375 0.258009375 0.8146390625000001 0.26401875 0.9101156250000001 0.201771875 0.91715625 0.1964046875 0.9642453124999999 0.1625734375 1 0.136946875 1 0.12769375
0 1 0.1866703125 0.9247125 0.2378328125 0.9308937500000001 0.24148125 1 0.1957609375 1 0.1866703125
0 0.826134375 0 0.7502421874999999 0.10182031250000001 0.711246875 0.14549218749999998 0.6725828125 0.184759375 0.65476875 0.1998390625 0.6584875 0.20489687499999998 0.678625 0.1892890625 0.7159 0.1530453125 0.7346640625 0.1299171875 0.751578125 0.1098890625 0.803878125 0.0432953125 0.8345921875 0 0.826134375 0
0 0.9641203125000001 0 0.9210765625 0.0453078125 0.8714796874999999 0.0953046875 0.816765625 0.14599375 0.7867421875 0.173315625 0.749909375 0.20187499999999997 0.7140125 0.22388124999999998 0.6923171875 0.23560468750000002 0.6733890625 0.24265468750000002 0.6736578125 0.24899374999999999 0.6999703125 0.240640625 0.745265625 0.21465 0.7696046875 0.19779843749999998 0.775315625 0.1931859375 0.81354375 0.159084375 0.8616906249999999 0.115696875 0.92436875 0.0528046875 0.959571875 0.0148109375 0.9710203125 0.00055625 0.9686718750000001 0 0.9641203125000001 0
0 0.8246 0.2990078125 0.8022765625 0.3112421875 0.8027906249999999 0.317896875 0.8270031250000001 0.3045875 0.8246 0.2990078125
0 0.8434015625000001 0.0669484375 0.9053703125 0.00042968750000000006 0.8971421875000001 0 0.8673828125 0.0334703125 0.8651078125 0.032814062500000005 0.893290625 0.00021093750000000002 0.8848890624999999 0 0.8003390625 0.09451875 0.7649781250000001 0.13193749999999999 0.723315625 0.17110468750000002 0.7357453125 0.1568828125 0.7723312499999999 0.116184375 0.8311484374999999 0.042884375 0.8638828125 0.0004359375 0.8544296875 0 0.838675 0.0210015625 0.7964875 0.07657968750000001 0.7387203125 0.1448515625 0.702309375 0.1822703125 0.678503125 0.20305625 0.668175 0.209403125 0.6718515625 0.21509218749999998 0.6848046875 0.208965625 0.699509375 0.2010875 0.7292671875 0.1820515625 0.7033609375000001 0.20546562499999999 0.6716765625 0.22843906249999998 0.6736015625 0.234346875 0.6856796875 0.2269078125 0.6937328125 0.22471875 0.7154390625 0.2122484375 0.7388953125 0.1980234375 0.761303125 0.1816140625 0.7966640625 0.150540625 0.846025 0.10240625 0.91254375 0.030853125 0.9389765625000001 0.00043750000000000006 0.93215 0 0.8721062500000001 0.06412812500000001 0.8020890625 0.13676875 0.7628781250000001 0.1711234375 0.7261171875 0.19738125 0.7087875 0.20744531249999998 0.7294421875 0.18994375 0.766553125 0.153821875 0.8434015625000001 0.0669484375
0 0.7201562499999999 0.021484375 0.7328125 0.000390625 0.72546875 0 0.69765625 0.0431640625 0.6678124999999999 0.081640625 0.65671875 0.0974609375 0.65890625 0.1013671875 0.67703125 0.090625 0.7032812500000001 0.0638671875 0.7409375 0.018359375 0.7542187499999999 0.00078125 0.74703125 0 0.71984375 0.03359375 0.6984375 0.0611328125 0.67890625 0.0796875 0.69984375 0.05234375 0.7201562499999999 0.021484375
0 0.6604687499999999 0.050390625 0.63671875 0.0771484375 0.64375 0.08125 0.6596875 0.06171875 0.67484375 0.0416015625 0.7028125000000001 0.0009765625 0.6954687500000001 0 0.6604687499999999 0.050390625
0 0.5775 0.21602656250000002 0.58703125 0.2035265625 0.5974999999999999 0.1822375 0.6118750000000001 0.1505859375 0.6228125 0.119140625 0.6326562499999999 0.0904296875 0.6264062499999999 0.0900390625 0.6078125 0.143565625 0.595 0.1742296875 0.58296875 0.1980578125 0.57265625 0.21270625 0.56703125 0.21895625000000002 0.5671875 0.22364375 0.5704687500000001 0.223253125 0.5775 0.21602656250000002
0 0.59203125 0.21796875 0.6014062499999999 0.201171875 0.61484375 0.1716796875 0.6285937500000001 0.1396484375 0.6334375 0.124609375 0.62765625 0.124609375 0.6157812500000001 0.1572265625 0.599375 0.19375 0.58921875 0.2125 0.58640625 0.2181640625 0.583125 0.22265625 0.5790625 0.22734375 0.5743750000000001 0.23046875 0.57484375 0.2392578125 0.58296875 0.2318359375 0.595 0.2263671875 0.6079687500000001 0.2095703125 0.63046875 0.1693359375 0.6421875 0.1435546875 0.63765625 0.1419921875 0.6184375 0.1810546875 0.60234375 0.2083984375 0.5940624999999999 0.2189453125 0.59203125 0.21796875
0 0.583125 0.297265625 0.5953125 0.284375 0.6051562500000001 0.272265625 0.61828125 0.25078125 0.6315625 0.2267578125 0.6271875 0.223046875 0.614375 0.246875 0.6021875 0.2658203125 0.5971875 0.2744140625 0.58 0.2921875 0.583125 0.297265625
0 0.58484375 0.312890625 0.5878125 0.3162109375 0.59890625 0.31015625 0.6046875 0.308984375 0.61171875 0.3052734375 0.62328125 0.2958984375 0.6470312500000001 0.267578125 0.64265625 0.265234375 0.6265625 0.2837890625 0.6174999999999999 0.2935546875 0.6056250000000001 0.3025390625 0.60984375 0.2953125 0.62203125 0.2830078125 0.6404687499999999 0.26171875 0.6365624999999999 0.26015625 0.62671875 0.2712890625 0.6328125 0.2587890625 0.62984375 0.25546875 0.61828125 0.273046875 0.61265625 0.2806640625 0.61046875 0.2828125 0.6092187499999999 0.2826171875 0.620625 0.265234375 0.63203125 0.243359375 0.6290625000000001 0.2373046875 0.61796875 0.2568359375 0.6046875 0.2771484375 0.5951562499999999 0.28984375 0.59203125 0.294921875 0.58390625 0.299609375 0.58484375 0.305859375 0.5953125 0.298828125 0.60046875 0.296484375 0.5990624999999999 0.30234375 0.58484375 0.312890625
0 0.585 0.319140625 0.5901562499999999 0.3205078125 0.59703125 0.320703125 0.6014062499999999 0.3197265625 0.60765625 0.317578125 0.61515625 0.3138671875 0.6128125 0.31015625 0.6056250000000001 0.31328125 0.5990624999999999 0.315625 0.5856250000000001 0.3158203125 0.585 0.319140625