1 0.157165625 0 0.158415625 0.006475 0.19140625 0.0078125 0.2078125 0.0244140625 0.20765625000000001 0.034375 0.15709843750000002 0.033764062500000004 0.1573015625 0.0422046875 0.16237656250000002 0.0640359375 0.173915625 0.06531875000000001 0.18203125 0.05078125 0.1972296875 0.058285937499999996 0.1983015625 0.0998203125 0.20625 0.1025390625 0.2024671875 0.42400937499999997 0.21493125000000002 0.4273140625 0.215625 0.4033203125 0.2196609375 0.14720781249999998 0.2310265625 0.15063593749999998 0.2314171875 0.1437796875 0.220275 0.12829375 0.2203125 0.0673828125 0.22578125 0.052734375 0.23984375 0.046875 0.24765625 0.046875 0.2545875 0.0628703125 0.26545312499999996 0.06131875 0.26703125 0.0458984375 0.27046875 0.042578125 0.27125 0.03359375 0.22218749999999998 0.034375 0.221875 0.0205078125 0.23828125 0.005859375 0.26968749999999997 0.0046875 0.27171875 0 0.157165625 0
1 0.3258296875 0.1800171875 0.3254609375 0.17609999999999998 0.31634843749999997 0.17615468750000002 0.31605625000000004 0.17955625 0.2990921875 0.1802484375 0.295403125 0.17425625 0.2911625 0.1747171875 0.2890625 0.1826171875 0.28895 0.1883140625 0.31679375 0.18900625 0.3144984375 0.47363437499999994 0.3244078125 0.47363437499999994 0.3276734375 0.1899296875 0.353503125 0.18942343749999999 0.35376875 0.17250625 0.346296875 0.1724109375 0.34445312499999997 0.1790953125 0.336525 0.1793265625 0.3346796875 0.1714875 0.3276734375 0.17102656249999998 0.3278578125 0.1800171875 0.3258296875 0.1800171875
1 0.337896875 0.26899531250000003 0.356334375 0.271553125 0.35574062500000003 0.32596250000000004 0.33894531250000004 0.3264140625 0.3370578125 0.3279859375 0.3375375 0.3333828125 0.3549484375 0.3348671875 0.3539 0.4335265625 0.360034375 0.4314625 0.3624671875 0.3353609375 0.38110468750000004 0.33270468750000004 0.38278124999999996 0.3271984375 0.3624671875 0.3264578125 0.36345625 0.269575 0.36919375 0.269821875 0.382571875 0.27030625 0.382153125 0.2590328125 0.337896875 0.258246875 0.337896875 0.26899531250000003
1 0.38423124999999997 0.329178125 0.38423124999999997 0.341296875 0.384040625 0.4349546875 0.384459375 0.4433453125 0.38949375 0.44386875000000003 0.389703125 0.42342031249999995 0.39115625 0.33907031249999997 0.39115625 0.3296734375 0.4027078125 0.3274625 0.40207812499999995 0.3203828125 0.38984375 0.3203125 0.3826484375 0.3200265625 0.3706171875 0.319071875 0.3706171875 0.3258890625 0.38423124999999997 0.329178125
0 0.9503671875 0.2375921875 0.9781890625 0.23649375 0.9796531249999999 0.2288046875 0.8642625 0.231734375 0.8639703125 0.23942187499999998 0.9503671875 0.2375921875
0 0.8510828125 0.2313671875 0.8270671875 0.2313671875 0.8267749999999999 0.23832499999999998 0.8502046875 0.23795625 0.8510828125 0.2313671875
0 0.7887015625 0.234296875 0.7515078125 0.2335640625 0.750921875 0.23942187499999998 0.7889953125 0.2405203125 0.7887015625 0.234296875
0 0.7245625 0.2335640625 0.700546875 0.2332 0.6999625 0.23942187499999998 0.7242703125000001 0.2397890625 0.7245625 0.2335640625
0 0.6389265625 0.23464999999999997 0.6147125 0.23399999999999999 0.6149734375 0.23855624999999997 0.6391875 0.23888125 0.6389265625 0.23464999999999997
0 0.6368437499999999 0.215775 0.6141921875 0.215775 0.6147046875 0.219775 0.636378125 0.2199296875 0.6368437499999999 0.215775
0 0.67578125 0.234375 0.6618296875 0.2341421875 0.662203125 0.23856093750000001 0.67578125 0.239025 0.67578125 0.234375
1 0.099609375 0.45288125 0.099609375 0.279540625 0.0989671875 0.229475 0.08914531249999999 0.229475 0.0901828125 0.453921875 0.099609375 0.45288125
0 0 0.041404687499999995 0.035671875 0.070646875 0.0407671875 0.065725 0.000521875 0.0345234375 0 0.041404687499999995
0 0.01694375 0 0.027135937500000002 0.00984375 0.07647343749999999 0.057328124999999994 0.1040375 0.0819390625 0.1068640625 0.076025 0.0567515625 0.031053124999999997 0.02435625 0 0.01694375 0
0 0.20528749999999998 0.10006250000000001 0.16225 0.10140625 0.1620359375 0.1078625 0.20550312499999998 0.10651718750000001 0.20528749999999998 0.10006250000000001
0 0.1928078125 0.1350296875 0.2061484375 0.13718125 0.205934375 0.13018749999999998 0.2012 0.12965 0.1725796875 0.12238750000000001 0.1435296875 0.1124359375 0.1181171875 0.102859375 0.113834375 0.1067875 0.1493171875 0.1215015625 0.1751625 0.12938125 0.1928078125 0.1350296875
0 0.05078437500000001 0.07101093750000001 0.0482015625 0.0761234375 0.07079687500000001 0.0890328125 0.1039359375 0.105171875 0.10651718750000001 0.0981796875 0.08155625 0.0860734375 0.05078437500000001 0.07101093750000001
0 0 0.051390625 0.038906249999999996 0.0879921875 0.078615625 0.12383906250000001 0.105690625 0.14765625 0.1064921875 0.13863125 0.0870390625 0.121584375 0.0461265625 0.085484375 0.009025 0.051390625 0 0.04361875 0 0.051390625
0 0.203559375 0.234896875 0.20556562500000003 0.22787656250000002 0.17929375 0.20456249999999998 0.160240625 0.18801718750000002 0.1552265625 0.183503125 0.1319625 0.1616953125 0.128353125 0.1674609375 0.153621875 0.191275 0.180696875 0.21484062499999998 0.203559375 0.234896875
0 0.2049640625 0.20506406250000003 0.17849062499999999 0.2015546875 0.1817 0.20707031250000002 0.20516406250000002 0.21007812499999998 0.2049640625 0.20506406250000003
0 0.0679875 0.146653125 0.016043750000000002 0.1087984375 0.0010031250000000001 0.0980203125 0 0.10503906249999999 0.0754078125 0.16144375 0.10437031249999999 0.182 0.105690625 0.17473125 0.0679875 0.146653125
0 0.0278765625 0.0782140625 0.0004015625 0.096265625 0.0048125 0.100275 0.0312859375 0.083228125 0.0278765625 0.0782140625
0 0.1093 0.185509375 0.124140625 0.19754218750000002 0.128153125 0.19303125000000002 0.110103125 0.17974375 0.1093 0.185509375
0 0.1389828125 0.199046875 0.1367765625 0.20506406250000003 0.178690625 0.240159375 0.20125 0.2583984375 0.2039609375 0.2526953125 0.185309375 0.2379046875 0.2029578125 0.24818125000000002 0.2039609375 0.24266875 0.16365000000000002 0.21785000000000002 0.1389828125 0.199046875
0 0.26492499999999997 0.2108921875 0.21809375000000003 0.206728125 0.21828906250000002 0.2143203125 0.2680609375 0.217996875 0.26492499999999997 0.2108921875
0 0.31665625 0.21579062499999999 0.2747234375 0.21285156249999998 0.27609374999999997 0.21824062500000002 0.3168515625 0.22264843750000002 0.31665625 0.21579062499999999
0 0.2396484375 0.17415 0.266296875 0.216034375 0.277075 0.2292609375 0.2945140625 0.24469375000000002 0.30097968750000004 0.24787656249999998 0.3168515625 0.2495921875 0.31724375 0.24395937499999998 0.3103859375 0.244203125 0.29703124999999997 0.2384765625 0.2800140625 0.2228953125 0.2704125 0.21064687499999998 0.24434999999999998 0.1717015625 0.23200625000000002 0.148921875 0.22789062499999999 0.15014687499999999 0.2396484375 0.17415
0 0.2308296875 0.148921875 0.2872640625 0.18027500000000002 0.290203125 0.174640625 0.26708125 0.16214843750000002 0.2322015625 0.1440234375 0.2308296875 0.148921875
0 0.225146875 0.268696875 0.2222078125 0.276290625 0.22612656250000002 0.27923125 0.2304375 0.27800625 0.23514062500000002 0.2738421875 0.2647296875 0.2976 0.29549375 0.3186640625 0.31587187499999997 0.329196875 0.3164609375 0.323809375 0.30391875 0.3159703125 0.271 0.2939265625 0.2435671875 0.2735953125 0.2333765625 0.26404375 0.21868125 0.2522875 0.21809375000000003 0.261103125 0.223775 0.2652671875 0.225146875 0.268696875
0 0.22162031249999997 0.2488578125 0.2247546875 0.2552265625 0.227303125 0.257675 0.23807968750000003 0.25914375 0.260221875 0.27947500000000003 0.28216874999999997 0.2976 0.30352812500000004 0.313521875 0.3164609375 0.321603125 0.3164609375 0.31499062499999997 0.3070546875 0.3086234375 0.284128125 0.2912328125 0.2592421875 0.27163593750000004 0.24043125 0.2547359375 0.2229921875 0.2390609375 0.21926874999999998 0.2388140625 0.21750468750000002 0.2444484375 0.22162031249999997 0.2488578125
0 0.2640625 0.274609375 0.31671875 0.28203125 0.316875 0.2779296875 0.26437499999999997 0.2697265625 0.2575 0.269140625 0.2640625 0.274609375
0 0.25015624999999997 0.2640625 0.316875 0.2740234375 0.31671875 0.271484375 0.31609375 0.26796875 0.24984375 0.258203125 0.25015624999999997 0.2640625
0 0.4400046875 0.2001796875 0.33116875 0.192728125 0.33116875 0.198559375 0.44389218750000003 0.20730468750000003 0.5317375 0.21475624999999998 0.5941875 0.21799375 0.5926328125 0.2118390625 0.4400046875 0.2001796875
0 0.5091921875 0.23483749999999998 0.5957421875 0.2380765625 0.5954828125 0.2322453125 0.45814374999999996 0.2270640625 0.32546875000000003 0.2176703125 0.32494999999999996 0.22349999999999998 0.3275421875 0.2251203125 0.435340625 0.23127499999999998 0.5091921875 0.23483749999999998
0 0.3386484375 0.19914218749999998 0.3335375 0.2020703125 0.3505765625 0.21059062499999998 0.37485625 0.2220390625 0.37932968749999996 0.21884375 0.3548359375 0.2071296875 0.3386484375 0.19914218749999998
0 0.5186234375 0.280609375 0.5624984375000001 0.2949859375 0.5639890624999999 0.289128125 0.5088250000000001 0.2712921875 0.45387500000000003 0.24999375000000001 0.416815625 0.2356171875 0.4065921875 0.230025 0.39658125 0.2302921875 0.42384374999999996 0.24493593749999998 0.4811375 0.2670328125 0.5186234375 0.280609375
0 0.3569140625 0.2854375 0.3254828125 0.280703125 0.324915625 0.28567343749999996 0.356725 0.29040625000000003 0.3569140625 0.2854375
0 0.5602703124999999 0.30531874999999997 0.5621640625000001 0.301059375 0.5208875 0.2965609375 0.4169359375 0.282359375 0.3655828125 0.27592343750000003 0.3655828125 0.2812171875 0.39819218749999996 0.28567343749999996 0.43568125 0.291353125 0.4977875 0.2994 0.5602703124999999 0.30531874999999997
0 0.5038203125 0.3115 0.5087328125 0.30683906250000004 0.4601125 0.30048906249999996 0.364396875 0.287146875 0.36253437499999996 0.2869359375 0.36236406250000003 0.2918046875 0.41420312499999995 0.29900625000000003 0.43216093750000006 0.30578125 0.4604515625 0.31700625 0.4636703125 0.3127703125 0.446221875 0.3055703125 0.446390625 0.3036640625 0.5038203125 0.3115
0 0.26205 0.1322359375 0.22667500000000002 0.0781546875 0.22219531250000002 0.0835015625 0.26518125000000003 0.1488015625 0.27200625 0.14679375 0.26205 0.1322359375
0 0.310015625 0.1092359375 0.3315390625 0.1586515625 0.3381515625 0.1561265625 0.3159484375 0.10824843749999999 0.310015625 0.1092359375
0 0.0719359375 0.2318640625 0.0005515625 0.27630625000000003 0.0019296875000000002 0.28457656249999996 0.0788265625 0.23461875000000001 0.0719359375 0.2318640625
1 0.27140624999999996 0.026171875 0.2734375 0.0220703125 0.2734375 0.0048828125 0.26921875 0.005078125 0.26937500000000003 0.020703125 0.2628125 0.028125 0.26515625 0.0330078125 0.2684375 0.0294921875 0.27140624999999996 0.026171875