0 1 0.0448625 0.4855953125 0.04935 0.0380859375 0.06591875 0.01519375 0.06740937500000001 0 0.0561734375 0 0.076503125 0.0177625 0.07596875 0.029959375 0.07463125000000001 0.04365625 0.0748984375 0.173709375 0.068640625 0.47590625 0.0578734375 0.5595703125 0.056153125000000005 1 0.056078125 1 0.0448625
1 0.12890625 0.4724125 0.133825 0.1067484375 0.12419218750000001 0.1060984375 0.12109375 0.23071250000000001 0.12109375 0.4724125 0.12890625 0.4724125
1 0.296875 0.4187015625 0.296875 0.18920937499999999 0.2998046875 0.18310625 0.3228484375 0.18160156249999998 0.32206718749999996 0.17574375 0.2634859375 0.1770453125 0.26582812499999997 0.18648437499999998 0.2890625 0.18676718750000001 0.291015625 0.423584375 0.296875 0.4187015625
0 0 0.131075 0.013279687500000002 0.13683281249999998 0.12283437500000001 0.16959375000000002 0.1252578125 0.1619546875 0.060775 0.143646875 0 0.12329062500000001 0 0.131075
0 0.2186671875 0.2574515625 0.1677203125 0.27604843749999997 0.16822187500000002 0.281325 0.175428125 0.279890625 0.2240765625 0.262896875 0.2186671875 0.2574515625
0 0.20001875 0.299259375 0.22292968750000003 0.281325 0.2351859375 0.269953125 0.231775 0.26596875 0.19596093750000002 0.29474999999999996 0.1734171875 0.3150390625 0.17702500000000002 0.318984375 0.20001875 0.299259375
0 0.40768281249999994 0.2823203125 0.3946953125 0.2815296875 0.3829734375 0.27558906250000004 0.36396875 0.2672734375 0.3434875 0.25866406249999996 0.3434875 0.2644546875 0.34459062500000004 0.266384375 0.35573125 0.2684625 0.3576328125 0.275984375 0.3449625 0.27638124999999997 0.3474953125 0.2807359375 0.3611171875 0.2799453125 0.40483125 0.28984375 0.40768281249999994 0.2823203125
0 0.3471796875 0.292615625 0.399534375 0.2990625 0.4000796875 0.2953875 0.400390625 0.2934453125 0.3481296875 0.28628125 0.3471796875 0.292615625
0 0.3079265625 0.3098046875 0.3141859375 0.31136875 0.3206953125 0.3148125 0.3252015625 0.3160640625 0.3332125 0.31762812500000004 0.33796875000000004 0.3160640625 0.33821875 0.30949218749999996 0.3364671875 0.31043125 0.3302078125 0.31168125 0.31969375 0.30886562500000003 0.3166890625 0.3073015625 0.312684375 0.3032328125 0.306175 0.29979062500000003 0.3056734375 0.30886562500000003 0.3079265625 0.3098046875
0 0.27713125 0.252171875 0.2611234375 0.27476406249999996 0.26439375 0.2786359375 0.2807453125 0.2558296875 0.27713125 0.252171875
0 0.2680078125 0.2579828125 0.2361984375 0.2520453125 0.2368953125 0.25733125 0.26921249999999997 0.2635765625 0.2822953125 0.2650828125 0.28315625 0.261853125 0.2680078125 0.2579828125
0 0.1673359375 0 0.1786078125 0.014901562500000002 0.21242187499999998 0.0585234375 0.219575 0.0560859375 0.1775234375 0 0.1673359375 0
0 0.06234531250000001 0 0.1179421875 0.062265625000000005 0.1206984375 0.054642187499999995 0.0716890625 0 0.06234531250000001 0
0 0.0034234375 0 0.06645 0.062296874999999995 0.07127343750000001 0.060582812500000006 0.0145515625 0 0.0034234375 0
0 0.1370640625 0.2771734375 0.1404140625 0.2786953125 0.151684375 0.2809796875 0.1644765625 0.2813609375 0.162953125 0.27565 0.16234375 0.27565 0.15899375 0.27565 0.1529015625 0.27565 0.14406875 0.2748890625 0.13828125 0.2714625 0.13158125 0.2714625 0.13158125 0.27679375 0.1370640625 0.2771734375
0 0.1998078125 0.2299625 0.22782968750000002 0.2554703125 0.24458281249999997 0.2707015625 0.262553125 0.2825046875 0.2701671875 0.28554843750000003 0.27473593749999997 0.2821234375 0.2631625 0.2771734375 0.23788125 0.25851718749999997 0.1809234375 0.1979796875 0.15259687500000002 0.1610484375 0.13371249999999998 0.136684375 0.132190625 0.14734375 0.13371249999999998 0.1484859375 0.1346265625 0.15381562499999998 0.135540625 0.1610484375 0.138890625 0.16561874999999998 0.1431546875 0.167140625 0.15016093749999998 0.1686640625 0.16965468749999998 0.1941734375 0.1998078125 0.2299625
0 0.26635 0.28476875 0.2577578125 0.2805390625 0.22729531249999999 0.2577578125 0.1827734375 0.216425 0.14371875 0.1734640625 0.133565625 0.16337656250000002 0.1330453125 0.18420468750000002 0.138771875 0.18648437499999998 0.141115625 0.1858328125 0.145021875 0.18355468749999998 0.1606421875 0.20275625000000003 0.18485625 0.227490625 0.21375625 0.2535265625 0.23250312499999998 0.2691484375 0.2520296875 0.2818421875 0.2647875 0.2896515625 0.26635 0.28476875
0 0.12497499999999999 0.1334796875 0.093303125 0.11502343749999999 0.0342390625 0.08025 0.02418125 0.0748984375 0.0179765625 0.077575 0.0590640625 0.1051265625 0.0992953125 0.1278625 0.12411875000000001 0.14230937500000002 0.12497499999999999 0.1334796875
1 0.1687140625 0.2671953125 0.1630859375 0.2685546875 0.161684375 0.28802500000000003 0.16015625 0.4675296875 0.16796875 0.4675296875 0.16897500000000001 0.345628125 0.16975625 0.3072265625 0.1687140625 0.2671953125