1 0.376953125 0.4406734375 0.380859375 0.4406734375 0.3828125 0.4382328125 0.3844828125 0.296140625 0.39804375 0.2965390625 0.39804531249999997 0.29024218749999997 0.3621453125 0.29024218749999997 0.3624671875 0.2945453125 0.3629859375 0.2986390625 0.3749515625 0.2973265625 0.3757921875 0.3091359375 0.376953125 0.4406734375
0 0.41763281250000006 0 0.4103671875 0.0039265624999999995 0.48508125 0.036740625 0.5586265625 0.0675328125 0.5632937499999999 0.0622046875 0.47296562499999995 0.02456875 0.41763281250000006 0
0 0.20406875000000002 0.1458203125 0.12822499999999998 0.071103125 0.060417187500000004 0 0.05141875 0.000403125 0.07070156250000001 0.021290625 0.113121875 0.0638703125 0.17193125 0.12332343750000001 0.22142187500000002 0.1739390625 0.22367187500000002 0.1671109375 0.20406875000000002 0.1458203125
0 0.02603125 0 0.06716562499999999 0.0393671875 0.1275828125 0.099221875 0.18575 0.153453125 0.2127453125 0.18076874999999998 0.2166015625 0.1751453125 0.18575 0.1438125 0.1494359375 0.109265625 0.1054078125 0.06829062500000001 0.060739062499999996 0.025709375 0.0363140625 0 0.02603125 0
0 0.2659890625 0.2129625 0.305346875 0.21989687500000002 0.3573828125 0.22583906250000002 0.4138828125 0.2313765625 0.41474687499999996 0.22678125 0.3241 0.216265625 0.27354218750000003 0.20894062500000002 0.26640625 0.2076171875 0.2659890625 0.2129625
0 0.28621875 0.24768906249999997 0.28364531249999997 0.2548375 0.29453125 0.2701171875 0.30375 0.2841796875 0.3285359375 0.3188140625 0.3308640625 0.315959375 0.33233437499999996 0.313334375 0.3279640625 0.3073765625 0.28621875 0.24768906249999997
0 0.2714796875 0.13031718750000001 0.276534375 0.1445328125 0.2822203125 0.1447953125 0.276875 0.129296875 0.2719 0.113203125 0.2657921875 0.1147828125 0.2714796875 0.13031718750000001
0 0.3354890625 0.117365625 0.3447390625 0.1205171875 0.4459171875 0.150296875 0.487959375 0.16396093750000001 0.49076250000000005 0.15800625 0.34501875000000004 0.11315937499999999 0.33658125 0.11041562499999999 0.3354890625 0.117365625
0 0.19665 0 0.188815625 0.0012640625 0.212321875 0.042654687499999996 0.23817343750000003 0.0842984375 0.2390265625 0.07149375 0.22309218749999998 0.044818750000000004 0.19665 0
1 0.240684375 0 0.23828125 0.0964359375 0.1854390625 0.0975265625 0.185546875 0.10375937500000001 0.18708750000000002 0.11263749999999999 0.2236328125 0.1123046875 0.23828125 0.12084999999999999 0.23426249999999998 0.235159375 0.23046875 0.4406734375 0.23046875 0.46845156250000003 0.24669375 0.46721250000000003 0.2469015625 0.4373890625 0.24609375 0.3137203125 0.24862812500000003 0.2282546875 0.254903125 0.179390625 0.259765625 0.16235312500000001 0.2714828125 0.15456406250000002 0.2860671875 0.149484375 0.3358203125 0.1502875 0.34375 0.14770468750000001 0.34507656249999996 0.14415625 0.3428171875 0.1402609375 0.3271484375 0.13671875 0.2861328125 0.1416015625 0.2682375 0.14890781250000001 0.2597390625 0.15499687499999998 0.251953125 0.15014687499999999 0.2548828125 0.114746875 0.3002875 0.11119062500000002 0.3033265625 0.09910624999999999 0.25392187499999996 0.0969078125 0.25392187499999996 0 0.240684375 0
0 0.2803125 0.2408203125 0.26890625 0.2208984375 0.26375000000000004 0.2236328125 0.27703125 0.24375 0.2803125 0.2408203125
0 0.9582265624999999 0.21255000000000002 0.922590625 0.20150937500000002 0.9222859375000001 0.2034140625 0.9204593750000001 0.2068390625 0.952440625 0.215596875 0.952440625 0.21826249999999997 0.8878671875 0.22701875 0.8878671875 0.23463281249999998 0.8967015625 0.2331109375 0.963709375 0.2216890625 0.9667562500000001 0.2216890625 0.9694968749999999 0.2213078125 0.999346875 0.23501406249999998 1 0.2275671875 0.976503125 0.21711874999999997 0.99995625 0.20569687499999997 0.9978234374999999 0.19960625 0.9664515625 0.21369375000000002 0.9582265624999999 0.21255000000000002