1 0.648275 0.28828906249999997 0.6484375 0.284765625 0.65390625 0.28125 0.6558453125 0.27624375 0.6541 0.2708890625 0.65078125 0.26933281249999996 0.6401390625000001 0.27128593749999996 0.6357212078125001 0.2767627921875 0.6369671875 0.2841765625 0.6293515625 0.28457187500000003 0.6284375 0.2931640625 0.59921875 0.29277031249999996 0.59421875 0.2943359375 0.5928125 0.2982421875 0.59375 0.3013671875 0.595 0.303515625 0.6 0.3044921875 0.6185937499999999 0.3015625 0.639096875 0.30469843750000003 0.637309375 0.39807031249999997 0.6440640625 0.3985671875 0.6471203125 0.3067828125 0.6875 0.31718437499999996 0.6884578125 0.4444390625 0.6953125 0.44609062499999996 0.694375 0.24906250000000002 0.7025 0.24921875 0.7032406250000001 0.23470156250000002 0.6755804546874999 0.23412916250000002 0.6751480828124999 0.24731649218750001 0.68640625 0.24921875 0.68671875 0.30839531249999996 0.65983125 0.3017171875 0.65953125 0.2876953125 0.648275 0.28828906249999997
1 0.1140078125 0 0.10926406250000001 0.1404515625 0.0875796875 0.1422109375 0.086171875 0.1636828125 0.0859375 0.1728515625 0.0844828125 0.1865640625 0.0836375 0.2009953125 0.1078546875 0.2066296875 0.10625 0.2763671875 0.0946203125 0.280903125 0.09490156250000001 0.29040625000000003 0.1067296875 0.29463125 0.1117984375 0.4995 0.120809375 0.500203125 0.12221718749999999 0.29463125 0.12925781249999999 0.29181406249999997 0.130665625 0.2816078125 0.12193593750000001 0.2780859375 0.121875 0.2060546875 0.1439015625 0.20135 0.1444640625 0.174946875 0.14305625 0.14256249999999998 0.12390625 0.1390421875 0.1234375 0.0166015625 0.150434375 0.0097578125 0.1530359375 0.005617187500000001 0.150434375 0 0.12578125 0.0078125 0.12265625 0 0.1140078125 0
1 0.305362365625 0.21303303593749998 0.31994531249999997 0.21018906249999997 0.3192421875 0.2029125 0.30625 0.20185625 0.307809375 0.1877640625 0.320403125 0.18380625 0.320596875 0.177759375 0.29828125 0.1767578125 0.2977828125 0.18996249999999998 0.283184375 0.1886421875 0.2840640625 0.1976578125 0.2971875 0.2013671875 0.29391406249999996 0.2618578125 0.2837125 0.261196875 0.283184375 0.27680781250000003 0.28335937499999997 0.29769531250000003 0.2921875 0.29755937499999996 0.29061875000000004 0.4041046875 0.29061875000000004 0.5125234375 0.298946875 0.5097031249999999 0.3015625 0.29755937499999996 0.3130859375 0.29725625 0.31361249999999996 0.285603125 0.3134375 0.28164375 0.3134375 0.2774671875 0.312734375 0.269553125 0.3130859375 0.2627359375 0.30393906249999997 0.262296875 0.3049953125 0.230196875 0.305362365625 0.21303303593749998
1 0.34921875 0.2759765625 0.35 0.2828125 0.35890625 0.2849609375 0.3546875 0.4072265625 0.35515625 0.491796875 0.3609375 0.4912109375 0.36531250000000004 0.2923828125 0.37609375 0.291796875 0.3753125 0.2857421875 0.36546875 0.2853515625 0.365625 0.2765625 0.37578125 0.275390625 0.3759375 0.2669921875 0.35859375 0.265625 0.35875 0.2775390625 0.34921875 0.2759765625
1 0.3921875 0.4814453125 0.39859374999999997 0.314453125 0.393896875 0.314634375 0.3875 0.4384765625 0.38765625 0.4830078125 0.3921875 0.4814453125
0 0.8105046874999999 0.3170421875 0.843396875 0.3027515625 0.8965046875 0.27499843749999997 0.9206125000000001 0.261196875 0.91765625 0.255078125 0.83421875 0.2986328125 0.8120875 0.307809375 0.7737437500000001 0.324959375 0.7741609375 0.33101875000000003 0.8105046874999999 0.3170421875
0 0.6901828125 0.23650937500000002 0.709375 0.2236328125 0.7379687500000001 0.1982421875 0.7809375000000001 0.1568359375 0.8226109375 0.1120875 0.9109375 0.0009765625 0.9039718750000001 0 0.78359375 0.142578125 0.73109375 0.19375 0.7073203125 0.21595312500000002 0.684296875 0.2341296875 0.6901828125 0.23650937500000002
0 0.7045515625000001 0.2395390625 0.7634078125 0.1988578125 0.8104687500000001 0.15859375 0.8234765625 0.1460609375 0.9269953125000001 0.046740625 0.92265625 0.0407984375 0.841653125 0.1174984375 0.8111859375 0.14627812499999998 0.7604656249999999 0.1897703125 0.700396875 0.23434531249999999 0.7045515625000001 0.2395390625
0 0 0.163671875 0.08276718749999999 0.198353125 0.0852921875 0.191140625 0 0.1552734375 0 0.163671875
0 0 0.137890625 0.00578125 0.13984375 0.024375 0.1462890625 0.03765625 0.151953125 0.08493125 0.17355937500000002 0.0851109375 0.16702343749999998 0 0.1193359375 0 0.1251953125 0.02515625 0.1400390625 0 0.13046875 0 0.137890625
0 0 0.0623046875 0.10891406249999999 0.13681875 0.1101765625 0.1327625 0.110596875 0.12940000000000002 0.04375 0.084765625 0 0.0537109375 0 0.0623046875
0 0.40940175468750006 0.3184235875 0.41015625 0.3244140625 0.45703125 0.3197265625 0.505 0.3130859375 0.57859375 0.2984375 0.62765625 0.286328125 0.6265625 0.280859375 0.6003125 0.285546875 0.5228125 0.301953125 0.4996875 0.3056640625 0.45984375 0.3123046875 0.40940175468750006 0.3184235875
0 0.47656875000000004 0.33746875 0.5571515625 0.3365234375 0.6395515625 0.3321984375 0.639709375 0.324925 0.5527484375 0.3290546875 0.509503125 0.3304296875 0.4153921875 0.33195312499999996 0.41609375000000004 0.3380953125 0.4436140625 0.3380953125 0.47656875000000004 0.33746875
1 0.5872796874999999 0.4301078125 0.5879515625 0.47009375000000003 0.5926390625 0.47009375000000003 0.592296875 0.40747343750000004 0.5901156249999999 0.40747343750000004 0.5872796874999999 0.40747343750000004 0.5872796874999999 0.4301078125
0 0.4234375 0.3427734375 0.4231765625 0.3505453125 0.58125 0.3525390625 0.5826734375 0.3457421875 0.4234375 0.3427734375
0 0.16875 0 0.19953125 0.053515625 0.21031249999999999 0.072265625 0.23625 0.11171875 0.25187499999999996 0.1328125 0.26921875 0.15234375 0.2915625 0.1720703125 0.29515625 0.1751953125 0.2975 0.1771484375 0.2996875 0.177734375 0.30125 0.178125 0.30593750000000003 0.17421875 0.27625 0.1478515625 0.25968749999999996 0.129296875 0.24093749999999997 0.10546875 0.22125 0.0755859375 0.17640625000000001 0 0.16875 0
0 0.8113953125 0.3440171875 0.838896875 0.337834375 0.897065625 0.31631875 0.9415828125000001 0.29430625 0.9518578124999999 0.2887578125 0.9459359375 0.28416562500000003 0.8909328125 0.3103828125 0.8517578125 0.3252203125 0.82306875 0.335609375 0.806646875 0.33981249999999996 0.8113953125 0.3440171875
0 0.8015343749999999 0.3418875 0.7709296875 0.3469453125 0.7714562500000001 0.3524421875 0.802940625 0.34804375 0.8015343749999999 0.3418875
0 0.7725515625 0.2874421875 0.7734390624999999 0.291275 0.7754624999999999 0.29605000000000004 0.7765859374999999 0.29605000000000004 0.87613125 0.24324374999999998 0.938871875 0.206634375 0.9370265625 0.2002703125 0.8714124999999999 0.236784375 0.8532109374999999 0.246615625 0.89421875 0.2201171875 0.93328125 0.194921875 0.9282703124999999 0.190475 0.8325374999999999 0.251953125 0.7725515625 0.2874421875
0 0.69559375 0.355375 0.7196875 0.3564453125 0.7384375000000001 0.3568359375 0.7381249999999999 0.35078125 0.6950390625 0.3491359375 0.69559375 0.355375
0 0.7409375 0.29828125 0.6965171875 0.28744375 0.6959375 0.2935546875 0.740328125 0.3040796875 0.7409375 0.29828125
0 0.6862484375 0.295796875 0.6601203124999999 0.29518125 0.6601203124999999 0.2992890625 0.6864140625 0.3001109375 0.6862484375 0.295796875
0 0.6862125 0.2841265625 0.6609359375 0.2850640625 0.6609359375 0.29138281250000003 0.686084375 0.2900453125 0.6862125 0.2841265625
0 0.6872812500000001 0.319715625 0.64796875 0.323828125 0.6487515625 0.3283296875 0.6882203125 0.3250015625 0.6872812500000001 0.319715625
0 0.6868109375 0.3492796875 0.66895625 0.36474687499999997 0.670678125 0.37120625 0.6885343749999999 0.355153125 0.6868109375 0.3492796875
0 0.6861843750000001 0.3424265625 0.6667625 0.3588734375 0.6698953125 0.362396875 0.6874374999999999 0.3488859375 0.6861843750000001 0.3424265625
0 0.3767578125 0.29133437500000003 0.37215 0.2919515625 0.3782390625 0.308615625 0.3821265625 0.3174578125 0.3870015625 0.317653125 0.38284843749999997 0.30738125 0.3767578125 0.29133437500000003
0 0.39439375 0.3127390625 0.3897609375 0.30491250000000003 0.38511562499999996 0.2946546875 0.3772515625 0.273021875 0.3731375 0.2738453125 0.37646562499999997 0.2869890625 0.38328125 0.3048828125 0.39078124999999997 0.3171875 0.39439375 0.3127390625
0 0.343125 0.323828125 0.34750000000000003 0.32109375 0.33265625 0.2994140625 0.31359375 0.2689453125 0.311875 0.2748046875 0.32765625 0.30078125 0.343125 0.323828125
0 0.33484375 0.326953125 0.31390625 0.2943359375 0.3096875 0.2974609375 0.33109375 0.3306640625 0.33484375 0.326953125
0 0.34203125 0.325 0.315625 0.283984375 0.3121875 0.287890625 0.338125 0.3287109375 0.34203125 0.325
0 0.33546875 0.2791015625 0.33921875 0.2802734375 0.3503921875 0.2798203125 0.351940625 0.2798203125 0.3509734375 0.27570937500000003 0.340525 0.27570937500000003 0.3322046875 0.2674859375 0.32272500000000004 0.2558765625 0.3086015625 0.2321765625 0.3037640625 0.236771875 0.32253125 0.266034375 0.33546875 0.2791015625
0 0.339375 0.252734375 0.321875 0.2091796875 0.31578125 0.2103515625 0.32359375 0.2302734375 0.33984375 0.2642578125 0.34750000000000003 0.2759765625 0.35171874999999997 0.2744140625 0.339375 0.252734375
0 0.35078125 0.259765625 0.3596875 0.268359375 0.36234375 0.2642578125 0.3584375 0.2599609375 0.35078125 0.2513671875 0.3415625 0.2322265625 0.3228125 0.18359375 0.3171875 0.1857421875 0.32984375 0.2203125 0.34390624999999997 0.25 0.35078125 0.259765625
0 0.29734375 0.2115234375 0.2921875 0.1984375 0.28734375 0.19921875 0.29625 0.219921875 0.29734375 0.2115234375
0 0.11383125000000001 0.0151640625 0.103721875 0 0.0986671875 0.00050625 0.11282031249999999 0.024009375 0.11383125000000001 0.0151640625
0 0.17640625000000001 0.2119140625 0.1871875 0.2208984375 0.18890625 0.22265625 0.201015625 0.2328015625 0.1847015625 0.221446875 0.14953125 0.1953125 0.14656249999999998 0.20078125 0.1515625 0.204296875 0.1716390625 0.2198375 0.21125 0.2458984375 0.23694687499999997 0.25985 0.2630703125 0.271809375 0.2628859375 0.2741078125 0.246875 0.272265625 0.25405625 0.27847656249999997 0.28201875 0.2798578125 0.28265625 0.273828125 0.2741078125 0.27111874999999996 0.24656250000000002 0.256640625 0.21303125 0.233634375 0.1896671875 0.21523750000000003 0.1464359375 0.17660625000000002 0.1446875 0.18359375 0.1663046875 0.2025921875 0.17640625000000001 0.2119140625
0 0.2547921875 0.251803125 0.27265625 0.261328125 0.263621875 0.25985 0.2496875 0.2541015625 0.2303234375 0.2423734375 0.22828125 0.2453125 0.2501921875 0.260540625 0.2617828125 0.26444999999999996 0.2752109375 0.2674390625 0.284778125 0.2656 0.28515625 0.2609375 0.25515937499999997 0.2451328125 0.23203125 0.22890625 0.22328125000000001 0.222265625 0.20656249999999998 0.2083984375 0.145590625 0.15206875 0.1439015625 0.1612203125 0.17991718750000002 0.192703125 0.21450312500000002 0.22443749999999998 0.23374999999999999 0.2392578125 0.2547921875 0.251803125
0 0 0.1064453125 0.050309375 0.13253593749999998 0.0847515625 0.149665625 0.0885375 0.14290468750000002 0.0632921875 0.12960624999999998 0.00078125 0.0861328125 0 0.092640625 0.0319171875 0.11720937499999999 0 0.0985 0 0.1064453125
0 0.1409375 0.2083984375 0.13625 0.2126953125 0.16828125 0.23671875 0.19875 0.25625 0.23546874999999998 0.2765625 0.2621875 0.288671875 0.2440625 0.2841796875 0.203125 0.2689453125 0.165625 0.246875 0.13828125 0.22734375 0.13421875 0.233203125 0.15562499999999999 0.248828125 0.193125 0.2705078125 0.22609374999999998 0.28515625 0.25187499999999996 0.293359375 0.27296875 0.2931640625 0.2834375 0.29375 0.28390624999999997 0.2873046875 0.26578124999999997 0.2826171875 0.2509375 0.2759765625 0.21453125 0.255078125 0.1846875 0.23203125 0.1496875 0.20234375 0.145 0.206640625 0.1834375 0.2396484375 0.1409375 0.2083984375
0 0.1682578125 0.0450859375 0.2072546875 0.10733437500000001 0.23471718749999998 0.14738437499999998 0.25760312500000004 0.1721015625 0.2676734375 0.1817140625 0.266025 0.1824 0.238928125 0.16500781250000002 0.216775 0.1460125 0.1900453125 0.11625937500000001 0.15177968749999998 0.06682656249999999 0.1276125 0.0357015625 0.12321718749999999 0.040965625 0.1380484375 0.0601890625 0.16312500000000002 0.094140625 0.21109375 0.15 0.23562500000000003 0.171875 0.25515625000000003 0.183984375 0.2678125 0.1900390625 0.27578125 0.1923828125 0.28375 0.1939453125 0.28390624999999997 0.1873046875 0.2759375 0.1798828125 0.24125000000000002 0.142578125 0.20998125 0.09998281249999999 0.186159375 0.06152656250000001 0.1672859375 0.0286296875 0.1547109375 0.007859375 0.14887343749999998 0.0095421875 0.1682578125 0.0450859375
1 0.56640625 0.4406734375 0.5673828125 0.44189531249999997 0.5703125 0.4406734375 0.5717187499999999 0.439453125 0.572265625 0.43335 0.5731453125 0.3888671875 0.57421875 0.384521875 0.57421875 0.37475625 0.5712890625 0.37109375 0.568359375 0.37475625 0.568359375 0.3942875 0.56640625 0.396728125 0.56640625 0.4406734375
1 0.58203125 0.353125 0.5821875000000001 0.35859375 0.5873437499999999 0.358203125 0.5875 0.3732421875 0.5896874999999999 0.3736328125 0.5915625 0.373828125 0.59140625 0.3634765625 0.595625 0.3625 0.595625 0.358203125 0.59171875 0.358203125 0.596875 0.35703125 0.59671875 0.352734375 0.58203125 0.353125
1 0.416015625 0.357665625 0.41194687500000005 0.41971875000000003 0.41015625 0.423584375 0.41015625 0.4479984375 0.408203125 0.4504390625 0.408528125 0.48360156249999997 0.41292343750000005 0.482178125 0.41487656250000005 0.4248046875 0.41780625000000005 0.4215484375 0.41682968750000005 0.3995765625 0.41796875 0.396728125 0.419921875 0.3527828125 0.421875 0.3503421875 0.4208984375 0.341796875 0.41796875 0.3430171875 0.41796875 0.355225 0.416015625 0.357665625
1 0.4296875 0.3625484375 0.4296875 0.3723140625 0.427734375 0.37475625 0.42578125 0.4089359375 0.423828125 0.4113765625 0.423828125 0.43335 0.421875 0.435790625 0.42073593750000005 0.4799390625 0.42594374999999995 0.4797359375 0.42578125 0.443115625 0.427734375 0.4406734375 0.427734375 0.4211421875 0.4296875 0.4187015625 0.4296875 0.3991703125 0.431640625 0.396728125 0.431640625 0.3698734375 0.43359375 0.36743125 0.4326171875 0.361328125 0.4296875 0.3625484375