1 0.306640625 0.0671390625 0.3095703125 0.068359375 0.3212046875 0.06877187500000001 0.320215625 0.0860671875 0.3310546875 0.087890625 0.3330078125 0.0903328125 0.3466796875 0.0903328125 0.34765625 0.0891109375 0.3515625 0.0817875 0.3515625 0.064696875 0.3486328125 0.061035937500000005 0.3388671875 0.061035937500000005 0.3369140625 0.05859375 0.3251953125 0.05859375 0.3232421875 0.061035937500000005 0.3076171875 0.061035937500000005 0.306640625 0.06225625 0.306640625 0.0671390625
0 0.3189515625 0 0.333071875 0.059021875 0.33816406250000003 0.0581546875 0.3258921875 0 0.3189515625 0
0 0.4134375 0.158984375 0.38703125 0.1587890625 0.3871875 0.165234375 0.41328125 0.16484375 0.4134375 0.158984375
1 0.529296875 0.325928125 0.537109375 0.3039546875 0.537109375 0.25756875 0.53515625 0.2551265625 0.53515625 0.24780312499999999 0.53125 0.24292031249999999 0.53125 0.19409218749999999 0.5312375 0.1855703125 0.5257296874999999 0.18619531250000002 0.525390625 0.3234859375 0.529296875 0.325928125
0 0.412315625 0.41591093749999997 0.42871875 0.41109999999999997 0.46476562499999996 0.394646875 0.46193125 0.3898359375 0.42770625000000007 0.40553125 0.4165671875 0.409834375 0.409278125 0.41109999999999997 0.39975937500000003 0.41160625 0.3999625 0.4166703125 0.412315625 0.41591093749999997
0 0.42365624999999996 0.3705984375 0.39875 0.3791015625 0.4003671875 0.38401406250000003 0.4421875 0.37109375 0.47651093749999995 0.3597125 0.47347343750000004 0.35540781250000003 0.42365624999999996 0.3705984375
0 0.5602546875 0.247628125 0.5577578125 0.2456234375 0.5459890625 0.254984375 0.541353125 0.256990625 0.5368953125 0.2574375 0.5370734374999999 0.2612265625 0.5395703125 0.2614484375 0.547059375 0.25810625 0.5547265625 0.25275625 0.5602546875 0.247628125
0 0.4446875 0.202734375 0.40268125 0.2212734375 0.40363125 0.22661250000000002 0.4480046875 0.20644374999999998 0.4446875 0.202734375
0 0.47481875 0.2684359375 0.5244125000000001 0.25894375 0.524175 0.252715625 0.5222765625 0.2530125 0.462953125 0.2639859375 0.42230625 0.2690109375 0.3976984375 0.2705109375 0.3981734375 0.27644375 0.42005156250000003 0.2756859375 0.4482421875 0.2731796875 0.47481875 0.2684359375
0 0.38113125000000003 0.2515171875 0.380928125 0.2568421875 0.392084375 0.2548140625 0.426565625 0.24213749999999998 0.46064218749999997 0.224134375 0.47119062500000003 0.2172890625 0.4649015625 0.2157671875 0.43589687499999996 0.23148906249999998 0.40810781250000006 0.24365781250000002 0.3908671875 0.2492359375 0.38599843749999996 0.2507578125 0.38113125000000003 0.2515171875
0 0.46591562499999994 0.24315000000000003 0.5093234375 0.21500781249999998 0.50546875 0.21221874999999998 0.4722046875 0.23224843750000002 0.4431984375 0.248475 0.3989796875 0.267490625 0.4027890625 0.271540625 0.42940625 0.26140625 0.46591562499999994 0.24315000000000003
0 0.43907187499999994 0.303590625 0.41098125 0.314934375 0.412278125 0.319796875 0.436478125 0.31169375 0.4909296875 0.288734375 0.4857453125 0.2844140625 0.43907187499999994 0.303590625
0 0.4920640625 0.32518125000000003 0.41350312499999997 0.3248875 0.4130328125 0.32959218749999997 0.4920640625 0.3301796875 0.4920640625 0.32518125000000003
0 0.4122640625 0.3069875 0.4278375 0.3040953125 0.44145312499999995 0.299490625 0.479165625 0.281640625 0.47392500000000004 0.277525 0.453090625 0.2875234375 0.4392015625 0.2943609375 0.4324671875 0.29751875 0.4274171875 0.2990984375 0.4110015625 0.3012015625 0.4122640625 0.3069875
0 0.41907187500000004 0.23527499999999998 0.39391875 0.220353125 0.39242656249999996 0.225684375 0.41694062499999995 0.2398046875 0.41907187500000004 0.23527499999999998
0 0.4459734375 0.27885 0.4208484375 0.288140625 0.40919218749999997 0.291734375 0.40919218749999997 0.2981765625 0.42887031249999996 0.291734375 0.4724453125 0.2741640625 0.471040625 0.2688921875 0.4459734375 0.27885
0 0.48030156249999995 0.24 0.47078125000000004 0.2392578125 0.47015624999999994 0.24296875 0.48765625 0.24453125 0.5092187499999999 0.2453125 0.509375 0.2412109375 0.48030156249999995 0.24