1 0.12734375 0 0.12255156250000002 0.5141390625 0.128125 0.5673828125 0.13359375 0.57421875 0.146875 0.5732421875 0.1515625 0.5673828125 0.14578125 0.2493109375 0.1489859375 0 0.12734375 0
0 0.7904 0.035028125 0.8371921875 0.041953125 0.8374234375 0.036165625 0.7785515625 0.0264625 0.6517921875 0.009546875 0.5781046875 0 0.5717078124999999 0.0030453125000000003 0.6237921875 0.012184375 0.65546875 0.0167515625 0.72065 0.025128125 0.7904 0.035028125
0 0 0.09390625 0.0484359375 0.0919296875 0.073740625 0.09069374999999999 0.07670625 0.0958828125 0.0784859375 0.09711875 0.08105625 0.0976125 0.1033953125 0.0981078125 0.11130312499999999 0.097365625 0.1160484375 0.09267031249999999 0.1259328125 0.085503125 0.125340625 0.0783375 0.1184203125 0.083528125 0.1130828125 0.0864921875 0.11150156250000001 0.087975 0.1087328125 0.0897046875 0.08421875 0.0899515625 0.081846875 0.0887171875 0.08125312500000001 0.0864921875 0.11387343750000001 0.0857515625 0.114071875 0.0798203125 0.0782875 0.0815515625 0.056937499999999995 0.08278593749999999 0 0.0862453125 0 0.09390625
0 0 0.0311359375 0.04448125 0.0449765625 0.066228125 0.0516484375 0.0944984375 0.0551078125 0.0980578125 0.057085937499999996 0.12613125 0.05955625 0.12613125 0.053379687499999995 0.0921265625 0.049178125 0.06603125 0.043 0.03914375 0.0353375 0 0.024712500000000002 0 0.0311359375
0 0 0.0486828125 0.0409234375 0.058320312500000006 0.049621874999999996 0.0590625 0.049425000000000004 0.06202656250000001 0 0.0632640625 0.0001984375 0.072159375 0.06919375 0.0704296875 0.069984375 0.07660781250000001 0.1012203125 0.07537031250000001 0.120396875 0.0820453125 0.12613125 0.078584375 0.12613125 0.07339375000000001 0.1083375 0.07265468750000001 0.10912812499999999 0.0677109375 0.1265265625 0.0677109375 0.1259328125 0.05856875 0.0956859375 0.058073437500000005 0.058518749999999994 0.057085937499999996 0 0.03855 0 0.0486828125
0 0.19709375 0.0774296875 0.19687656250000002 0.072015625 0.192978125 0.07255625 0.1925453125 0.0763453125 0.1925453125 0.0787828125 0.1925453125 0.0817625 0.19232812500000002 0.08609375 0.1914625 0.0915078125 0.1899453125 0.096921875 0.1892953125 0.097734375 0.18777968750000001 0.0996296875 0.1864796875 0.0996296875 0.1849640625 0.0990875 0.1843140625 0.0931328125 0.17846718749999999 0.0923203125 0.1780328125 0.098546875 0.17955000000000002 0.10260781249999999 0.1840984375 0.10612656250000001 0.1875640625 0.1053140625 0.1899453125 0.103690625 0.1921109375 0.10044062499999999 0.1947109375 0.09665312499999999 0.19644375 0.0931328125 0.197309375 0.086634375 0.19709375 0.0774296875
0 0.7901421875 0.15475624999999998 0.8538234375 0.16365000000000002 0.94383125 0.1738765625 1 0.17965781249999999 0.9995953125 0.173434375 0.8724140625000001 0.1584921875 0.782928125 0.14598906250000002 0.629315625 0.1240703125 0.5129812499999999 0.106728125 0.510846875 0.11161875000000002 0.5805765625 0.1222921875 0.671296875 0.1374125 0.7901421875 0.15475624999999998
0 0.942434375 0.15004375 0.837809375 0.14092031249999998 0.8369984374999999 0.14700156250000002 0.9435156250000001 0.1584921875 0.942434375 0.15004375
0 1 0.159165625 0.98109375 0.157815625 0.9797421875 0.162209375 1 0.1638984375 1 0.162884375 1 0.159165625
0 0.8451140625000001 0.1314359375 0.9597374999999999 0.14096875 0.9595062499999999 0.1357671875 0.9467953124999999 0.13490312499999998 0.8446515625 0.12565781250000002 0.8451140625000001 0.1314359375
0 0.915828125 0.11092656249999999 0.8483484375 0.1051484375 0.8483484375 0.1120796875 0.9149046875 0.1164140625 0.915828125 0.11092656249999999
0 0.61494375 0.12017031250000001 0.7427390625 0.13605625 0.797321875 0.1414984375 0.795890625 0.13490312499999998 0.711540625 0.1262359375 0.6057 0.112946875 0.535215625 0.10630312500000001 0.536140625 0.110059375 0.5368328124999999 0.11063750000000001 0.61494375 0.12017031250000001
0 0.1971703125 0.0712421875 0.20524375 0.0656015625 0.2218671875 0.0670859375 0.26715625 0.0730234375 0.28900312499999997 0.07806874999999999 0.349796875 0.0846 0.4113015625 0.0932078125 0.41557656249999997 0.089646875 0.3295828125 0.0762453125 0.2857140625 0.069109375 0.3800640625 0.07474375 0.5254375 0.085259375 0.5747890625000001 0.088640625 0.6786171875 0.0969046875 0.764253125 0.10291406249999999 0.8087234375 0.10591718750000001 0.823146875 0.1066703125 0.8264515625 0.10141249999999999 0.6257828125 0.085259375 0.435671875 0.07098750000000001 0.2560078125 0.0597203125 0.2109359375 0.05709062499999999 0.1487359375 0.054460937499999994 0.14635 0.053728125 0.146825 0.06886718750000001 0.1698609375 0.0697578125 0.173421875 0.0810375 0.1890953125 0.081334375 0.1893328125 0.07985 0.1893328125 0.07658437500000001 0.1917078125 0.0739140625 0.1971703125 0.0712421875
0 0.7097328125 0.11250156250000001 0.5822109375 0.103003125 0.47990625 0.09617656249999999 0.4252828125 0.094096875 0.29007031250000004 0.08638124999999999 0.2589765625 0.0846 0.146178125 0.077475 0.1470625 0.087271875 0.1700984375 0.0935046875 0.20120624999999998 0.09201875000000001 0.2776734375 0.09261406250000001 0.3664546875 0.09587812500000001 0.49434843749999996 0.1041921875 0.58241875 0.1092359375 0.753665625 0.12200156250000001 0.807809375 0.126453125 0.8089968750000001 0.12022031250000001 0.7097328125 0.11250156250000001