1 0.6639999999999999 0.12400625000000001 0.671875 0.4853515625 0.6828125 0.4892578125 0.674534375 0.073159375 0.6724859375000001 0.035846875 0.66015625 0.03515625 0.6639999999999999 0.12400625000000001
1 0.535046875 0.44925781249999996 0.546875 0.4501953125 0.5359375 0.2041015625 0.55314375 0.1945171875 0.5538234375 0.18545625 0.51953125 0.185546875 0.50535 0.18687343750000002 0.506709375 0.198765625 0.52734375 0.201171875 0.5296875 0.2099609375 0.534375 0.4228515625 0.535046875 0.44925781249999996
1 0.50234375 0.3474390625 0.503125 0.4245875 0.509375 0.42849375 0.5057375000000001 0.348671875 0.50234375 0.3474390625
1 0.49478906250000004 0.3517125 0.49426718750000004 0.41492968750000003 0.5 0.4150390625 0.49765625 0.3515625 0.49478906250000004 0.3517125
0 0.6881671875 0.14678906249999998 0.7357812499999999 0.12890625 0.802315625 0.0893234375 0.9178124999999999 0.0009765625 0.90479375 0 0.808096875 0.07348125 0.75453125 0.109375 0.7089640625 0.13056718750000001 0.69004375 0.13955625 0.686134375 0.1415109375 0.6881671875 0.14678906249999998
0 0.8158125 0 0.7692015624999999 0.048421874999999996 0.677234375 0.14131093749999998 0.6817140625 0.145921875 0.75734375 0.071478125 0.8234859374999999 0.0003296875 0.8161078125 0 0.8158125 0
0 0.75101875 0 0.7352578125 0.018415624999999998 0.719915625 0.038153124999999996 0.6743359375 0.0902546875 0.6759171875 0.09815937500000001 0.71735625 0.052428125000000006 0.7612671875 0 0.75101875 0
0 0.528796875 0.1129109375 0.5298421875 0.106115625 0.5319328125 0.0904328125 0.5411328125 0.00444375 0.535696875 0 0.524196875 0.0967046875 0.515625 0.1572265625 0.5140625 0.1748046875 0.51896875 0.17955937500000002 0.528796875 0.1129109375
0 0.549915625 0.09461562500000001 0.53125 0.1708984375 0.5359375 0.1767578125 0.5553578124999999 0.10673593750000002 0.57421875 0.00390625 0.5693609375 0.00575 0.549915625 0.09461562500000001
0 0.5851140625 0.146359375 0.615715625 0.0754078125 0.6297921875 0.0394484375 0.62734375 0.02734375 0.5786453125000001 0.145146875 0.5851140625 0.146359375
0 0.5617640625 0.0107375 0.53774375 0.035065625 0.5368671875000001 0.044490625 0.565971875 0.01315 0.5617640625 0.0107375
0 0.535815625 0.06925624999999999 0.5625 0.0439453125 0.5603609374999999 0.0366 0.53774375 0.058078125 0.5356390625 0.06596874999999999 0.535815625 0.06925624999999999
0 0.5701796875 0.0366 0.599109375 0.008328125 0.5943765625 0.0054781249999999995 0.5818234375 0.01666875 0.5703546875 0.0295875 0.5701796875 0.0366
0 0.5588890625 0.3524390625 0.5674812499999999 0.34997656250000003 0.57734375 0.34375 0.599446875 0.3146109375 0.6224578125 0.2650203125 0.6449359375 0.20949218749999998 0.64164375 0.202009375 0.596875 0.3056640625 0.57109375 0.341796875 0.5578125 0.3486328125 0.5588890625 0.3524390625
0 0.401975 0.3467828125 0.3782859375 0.350140625 0.37950625 0.35471875 0.42786093750000004 0.35105624999999996 0.4644921875 0.347696875 0.4637609375 0.342203125 0.401975 0.3467828125
0 0.417746875 0.3326078125 0.41858125 0.3379296875 0.46680781250000003 0.3345515625 0.47219531249999996 0.3345515625 0.472021875 0.33129375 0.47097812499999997 0.3299875 0.417746875 0.3326078125
0 0.5511421875 0.2890546875 0.5404296875 0.3024453125 0.542646875 0.3075234375 0.55188125 0.2992125 0.5648093750000001 0.278896875 0.5877234375 0.237496875 0.6117234375 0.186546875 0.6309328125 0.143603125 0.624653125 0.1412953125 0.6109843749999999 0.1759265625 0.5858656250000001 0.22948906249999998 0.5655484375000001 0.2650421875 0.5511421875 0.2890546875
0 0.562465625 0.3146796875 0.552821875 0.32256874999999996 0.5538484375 0.327603125 0.5690046875 0.316946875 0.585740625 0.2944484375 0.6091078125 0.2498484375 0.6337375 0.1997203125 0.6422625 0.18156406249999998 0.6387890625 0.1788015625 0.6141890625 0.2270546875 0.5942000000000001 0.266725 0.57736875 0.2967078125 0.562465625 0.3146796875
0 0.49190625 0.10229999999999999 0.43324375000000004 0.15774375000000002 0.4355328125 0.1620375 0.4821765625 0.1205453125 0.525959375 0.0790515625 0.5262453125000001 0.0704671875 0.49190625 0.10229999999999999
0 0.5283781249999999 0.0567171875 0.52939375 0.0439953125 0.47244843750000004 0.10229999999999999 0.422084375 0.15130625 0.42465937499999995 0.158103125 0.47330625 0.111959375 0.5283781249999999 0.0567171875
1 0.5372359375 0 0.5380125 0.0080921875 0.5494046875 0.014240625000000002 0.5810546875 0.0024421875 0.6141328125000001 0.0100328125 0.6281234375 0.024040625 0.6365421875 0.128975 0.6328125 0.13549843749999999 0.640625 0.16723593750000001 0.654296875 0.364990625 0.656390625 0.456884375 0.6575609375 0.485415625 0.6707296875 0.4828546875 0.654296875 0.13549843749999999 0.64209375 0 0.626559375 0 0.6284359375 0.008990624999999999 0.6142578125 0 0.5372359375 0
0 0.6936312499999999 0.0480453125 0.6746703125 0.0730265625 0.6756953125 0.080075 0.7072125 0.0400375 0.7371921875 0.0006406249999999999 0.7274546875000001 0 0.6936312499999999 0.0480453125