1 0.15390625 0.17578125 0.15 0.1826171875 0.15625 0.2138671875 0.1546875 0.2509765625 0.1625 0.2568359375 0.165625 0.2060546875 0.175 0.1923828125 0.15390625 0.17578125
1 0.6415656249999999 0 0.6510281250000001 0.026021875 0.653125 0.1376953125 0.6533515624999999 0.1599234375 0.659375 0.1572265625 0.6640625 0.1552734375 0.661303125 0.0665765625 0.6702250000000001 0 0.66796875 0 0.6415656249999999 0
0 0 0.10039374999999999 0.0253515625 0.1048828125 0.11531406250000001 0.1219890625 0.21075781249999997 0.1347203125 0.225140625 0.1363984375 0.4038734375 0.14430937500000002 0.4286125 0.1445484375 0.44491250000000004 0.14430937500000002 0.6231890625000001 0.1347921875 0.6515078125 0.13268437500000002 0.64963125 0.12494687499999999 0.47789843750000005 0.13591718749999998 0.4723359375 0.1361578125 0.46102187499999997 0.1361578125 0.40502343749999997 0.1361578125 0.31953125 0.1328125 0.21402656250000002 0.1261953125 0.12734375 0.11328125 0 0.0908203125 0 0.10039374999999999
0 0.7870921875 0 0.71709375 0.1108296875 0.6804281249999999 0.1636078125 0.68465 0.1711078125 0.7302046875 0.107775 0.7976140625 0 0.7870921875 0
0 0.8417578125 0 0.753315625 0.12721875 0.727315625 0.15999531250000001 0.6982046875 0.19249687499999998 0.703125 0.1982421875 0.75625 0.1396484375 0.8524484375 0 0.8417578125 0
0 0.7109375 0.2177734375 0.710871875 0.22471718749999997 0.9290890624999999 0.231659375 0.9279781249999999 0.22443906249999998 0.7109375 0.2177734375
0 0.9355328125 0.21638281250000002 0.9379781250000001 0.21055000000000001 0.82686875 0.20249375 0.7057609375 0.1927734375 0.7022046875 0.198884375 0.9355328125 0.21638281250000002
0 0.1538359375 0.200003125 0.0003421875 0.200859375 0 0.20942500000000003 0.1534921875 0.2068546875 0.1538359375 0.200003125
0 0.357215625 0.1916921875 0.1751375 0.195125 0.17542968750000001 0.2039125 0.4087421875 0.19871875 0.5331125 0.1948640625 0.532428125 0.187584375 0.357215625 0.1916921875
0 0.6010156249999999 0.16036875 0.6309375 0.1431640625 0.63953125 0.1369140625 0.6349750000000001 0.134740625 0.59775625 0.1562953125 0.6010156249999999 0.16036875
0 0.60131875 0 0.5791390625 0.1291015625 0.5867890625000001 0.1291015625 0.6074484375 0 0.60131875 0
0 0.6655390625 0.13832968750000002 0.7123999999999999 0.054748437500000004 0.7413296875000001 0.002028125 0.733759375 0.002028125 0.662384375 0.1290984375 0.6655390625 0.13832968750000002