1 0.74053125 0 0.740234375 0.05493125 0.75390625 0.4016109375 0.75390625 0.426025 0.74609375 0.4309078125 0.74609375 0.521240625 0.7509765625 0.556640625 0.791015625 0.560303125 0.8046875 0.552978125 0.806640625 0.4479984375 0.7978515625 0.42724687499999997 0.783203125 0.423584375 0.76395625 0 0.74053125 0
1 0.4750015625 0.48633125 0.4676875 0.29250937499999996 0.4612796875 0.29374218750000003 0.46484375 0.4772953125 0.4644078125 0.48633125 0.4750015625 0.48633125
1 0.24625 0.30234375 0.25375000000000003 0.3015625 0.25 0.17944374999999999 0.2488297921875 0.169489625 0.278447240625 0.170570553125 0.278447240625 0.1634364234375 0.277150125 0.1560861078125 0.20828125000000003 0.1548828125 0.20859375 0.1708984375 0.2294921875 0.1708984375 0.23937499999999998 0.1708984375 0.24625 0.30234375
0 0.10535781250000001 0 0.1298078125 0.08068906249999999 0.13671875 0.084228125 0.12030937500000001 0.0244046875 0.11204218749999999 0 0.10535781250000001 0
0 0.0608578125 0 0.091990625 0.08706562500000001 0.097971875 0.083328125 0.0670140625 0 0.0608578125 0
0 0.034826562500000005 0 0.0749296875 0.0974 0.080078125 0.09399375 0.040454687499999996 0 0.034826562500000005 0
0 0 0.210771875 0.06390781250000001 0.2110796875 0.064375 0.20390625 0.0499 0.20366093749999997 0 0.20385781249999999 0 0.210771875
0 0.732223503125 0 0.7272536609375 0.0026032515624999997 0.713008828125 0.031558371875000005 0.667253125 0.108384375 0.5929953125 0.2166875 0.5083953125 0.22086875 0.41824374999999997 0.22595468749999997 0.1159109375 0.236771875 0 0.23853749999999999 0 0.24619531249999999 0.319896875 0.2379484375 0.594653125 0.22376718750000002 0.612984375 0.20871093749999997 0.641678125 0.1733640625 0.6592620515625 0.1473341015625 0.7206921875 0.040546874999999996 0.723603125 0.048343750000000005 0.7302578125 0.04600625 0.7323359375 0.040546874999999996 0.7406531249999999 0.022093750000000002 0.7423171875000001 0.008315625 0.74097989375 0 0.732223503125 0
0 0 0.2529296875 0.238809375 0.25090625 0.5729015625 0.242071875 0.7213078125 0.22471875 0.7481828125 0.22027968750000002 0.746675 0.2136890625 0.72509375 0.217334375 0.700121875 0.2196890625 0.5959890624999999 0.2332359375 0.441890625 0.23853749999999999 0.133253125 0.244428125 0 0.2473734375 0 0.2529296875
0 0.746846875 0.202353125 0.6028359375 0.217196875 0.603190625 0.22406874999999998 0.7487578125 0.209440625 0.746846875 0.202353125
0 0.8472484375 0.007781250000000001 0.8387499999999999 0.0203125 0.8432859374999999 0.0226390625 0.850625 0.0091796875 0.8472484375 0.007781250000000001
0 0.18156250000000002 0.209375 0.24137499999999998 0.2092359375 0.2421125 0.2024765625 0.18203125 0.2021484375 0.18156250000000002 0.209375
0 0.5245328125000001 0.20197500000000002 0.3201453125 0.2023515625 0.250509375 0.20197500000000002 0.25110625 0.209671875 0.38465781250000003 0.2098890625 0.5615328125 0.21568593749999998 0.5952 0.2161859375 0.5974046875 0.21042343749999998 0.5018125 0.2086703125 0.599609375 0.209671875 0.6012125 0.203909375 0.5245328125000001 0.20197500000000002
0 0.596596875 0.022350000000000002 0.6270671875 0.0002046875 0.6169515624999999 0.0003953125 0.3764390625 0.16045937500000002 0.3217390625 0.195653125 0.3158328125 0.19934375 0.3117828125 0.2019296875 0.3227765625 0.202859375 0.32377500000000003 0.20260937499999998 0.3295640625 0.199115625 0.4054828125 0.151221875 0.44101718749999996 0.1263328125 0.526228125 0.07009062499999999 0.5785671875 0.035428125 0.596596875 0.022350000000000002
0 0.7231234375 0 0.6369828125 0.131046875 0.5890515625 0.2021796875 0.5963203125 0.2040375 0.64095625 0.138296875 0.6451421875000001 0.132321875 0.6841 0.0706234375 0.69695 0.050735937499999995 0.7294765625 0 0.7231234375 0
0 0.7452734375000001 0.19543125 0.6804953125 0.199025 0.6808500000000001 0.2083328125 0.70274375 0.2070765625 0.7468921875000001 0.203025 0.7452734375000001 0.19543125
0 0.370353125 0 0.3342796875 0.044090625 0.26654218749999997 0.112728125 0.22485624999999998 0.1543140625 0.23215781249999998 0.1560703125 0.24609999999999999 0.14379375 0.276875 0.1140625 0.31421875 0.076171875 0.24921875 0.154296875 0.25734375 0.1560546875 0.3036125 0.10120312499999999 0.34126249999999997 0.0488109375 0.37949062499999997 0 0.370353125 0
0 0.3975 0 0.3262625 0.08968125 0.303034375 0.117103125 0.2687453125 0.152378125 0.2716984375 0.1570953125 0.3394890625 0.09619531249999999 0.4252640625 0.0070140624999999995 0.4316765625 0 0.42366093749999995 0.0005015625000000001 0.34781249999999997 0.0767578125 0.40475781250000004 0 0.4004921875 0 0.3975 0
0 0.45168125000000003 0 0.42726875 0.0220453125 0.39540625 0.053732812500000005 0.3346796875 0.109721875 0.2759640625 0.15955625 0.27856562500000004 0.1658359375 0.3018125 0.1472984375 0.39039375 0.0681390625 0.4602125 0 0.45168125000000003 0
0 0.8209171874999999 0.1270328125 0.7995375 0.0768796875 0.7954375 0.0779765625 0.8176953125 0.129228125 0.8209171874999999 0.1270328125
0 0.825896875 0.121540625 0.8020625000000001 0.0712359375 0.7983671875 0.0750484375 0.8232609375 0.126665625 0.825896875 0.121540625
0 0.825896875 0.116415625 0.8304046875 0.1117515625 0.8284359374999999 0.10756718750000001 0.82705625 0.10387500000000001 0.82448435 0.0965122203125 0.8374937499999999 0.1083046875 0.8428109375 0.10608906250000001 0.8083500000000001 0.065228125 0.80393125 0.06699374999999999 0.825896875 0.116415625
0 0.7735671875000001 0.034078125 0.766490625 0.022353124999999998 0.765159375 0.0290109375 0.7711046875 0.0397953125 0.7735671875000001 0.034078125
0 0.7661109374999999 0.0133171875 0.7839937499999999 0.0477984375 0.7845640625 0.0477984375 0.7872281250000001 0.0454203125 0.7708671875 0.010225 0.7661109374999999 0.0133171875
0 0.7307358625 0.076376346875 0.7384062499999999 0.07243125 0.741056990625 0.0577983171875 0.74131501875 0.035091835937499996 0.7371865671875 0.0312214125 0.7208796875 0.0728125 0.665578125 0.1634453125 0.6356375 0.198359375 0.617375 0.214315625 0.6264984375 0.2144453125 0.6417375 0.2027703125 0.6501765625 0.1943703125 0.6638578125000001 0.1772703125 0.677621875 0.1576078125 0.711459375 0.10267343749999999 0.7156781249999999 0.0949203125 0.7254078125000001 0.077171875 0.7307358625 0.076376346875
0 0.30428125 0 0.25406249999999997 0.0830078125 0.2459375 0.093359375 0.18375 0.1572265625 0.18703125 0.163671875 0.22640625 0.1263671875 0.21031249999999999 0.1541015625 0.2165625 0.15546875 0.2412328125 0.11574218750000001 0.26421875 0.08125 0.27828125 0.0689453125 0.33718750000000003 0 0.3278125 0 0.27921874999999996 0.0564453125 0.3103125 0 0.30428125 0
0 0.45415625000000004 0.300853125 0.4326359375 0.318478125 0.43535625 0.323734375 0.45865 0.30421875 0.45415625000000004 0.300853125
0 0.5761796875 0.24192343749999998 0.5416171875 0.28997656250000003 0.545309375 0.2934515625 0.5815406249999999 0.24307812499999998 0.5761796875 0.24192343749999998
0 0.5710296875 0.1755921875 0.605821875 0.0869796875 0.6246875000000001 0.0384765625 0.6184375 0.0376953125 0.5705953125 0.1590109375 0.55189375 0.20277343750000001 0.5573296875 0.20331875 0.5710296875 0.1755921875
0 0.6497468750000001 0.02609375 0.6449640624999999 0.024734375 0.624740625 0.066321875 0.5829890625 0.1524890625 0.5582125 0.20185 0.5632015625 0.2038609375 0.576465625 0.1796703125 0.6047359375 0.12274218750000002 0.6354015625 0.059384375 0.6497468750000001 0.02609375
0 0.5313749999999999 0.25921249999999996 0.5391640625 0.24315000000000003 0.5327390624999999 0.24168906250000002 0.5140453125 0.27649375 0.49613281249999996 0.30229531249999997 0.4860078125 0.31470625 0.4904859375 0.3186015625 0.4924328125 0.3168984375 0.50734375 0.2982421875 0.5163828125000001 0.2855 0.5313749999999999 0.25921249999999996
0 0.5064265625 0.343303125 0.5172390625000001 0.3300328125 0.5119312500000001 0.327575 0.5001359375 0.339125 0.48244218749999995 0.353378125 0.47005625 0.3614875 0.470253125 0.36910468750000003 0.48381875 0.3609953125 0.5064265625 0.343303125
0 0.5327703125000001 0.31209375 0.5376562500000001 0.3037109375 0.53355625 0.30128125 0.520975 0.3182359375 0.5265625 0.3203125 0.5327703125000001 0.31209375
0 0.27171875 0.2013671875 0.2725 0.1701171875 0.26687500000000003 0.169921875 0.26609375 0.201171875 0.27171875 0.2013671875
0 0.2996875 0.208984375 0.27156250000000004 0.2255859375 0.275625 0.2314453125 0.30796875 0.2111328125 0.2996875 0.208984375
0 0.26984375 0.23046875 0.2709375 0.209765625 0.26578124999999997 0.2091796875 0.26453125 0.2298828125 0.26984375 0.23046875
0 0.21859375 0.2015625 0.21640625 0.1716796875 0.21171875 0.1724609375 0.2134375 0.2017578125 0.21859375 0.2015625
0 0.2084375 0.17109375 0.18140625 0.191796875 0.1834375 0.1986328125 0.2125 0.1748046875 0.2084375 0.17109375
0 0.22046875 0.2330078125 0.21875 0.209375 0.21328125 0.2087890625 0.21437499999999998 0.2333984375 0.22046875 0.2330078125
0 0.22640625 0.2916015625 0.2228125 0.2505859375 0.21671875 0.2513671875 0.21984374999999998 0.2916015625 0.22640625 0.2916015625
0 0.8074734375 0.21730624999999998 0.8116546874999999 0.216703125 0.81744375 0.21449218750000001 0.8225906249999999 0.210471875 0.8256453125000001 0.2074578125 0.84011875 0.2074578125 0.84011875 0.2016265625 0.8217859375 0.20243125 0.8205 0.20283437499999998 0.81985625 0.203234375 0.8155140624999999 0.20725625 0.8119765624999999 0.2100703125 0.8065078124999999 0.210875 0.800396875 0.2100703125 0.800396875 0.2088640625 0.8151921874999999 0.2064515625 0.8172828125 0.2052453125 0.8185687500000001 0.20283437499999998 0.8208203125000001 0.2016265625 0.8357765625000001 0.198209375 0.853628125 0.19599843749999998 0.8534671875000001 0.19097187499999999 0.8324 0.1917765625 0.8274140624999999 0.1935859375 0.816478125 0.19740625 0.8143874999999999 0.20001875 0.796215625 0.2026328125 0.7942859375 0.2004203125 0.772575 0.2004203125 0.772896875 0.20625 0.7907484375 0.20625 0.7905875 0.2088640625 0.7727359375 0.2100703125 0.7737015625 0.2163015625 0.791390625 0.214090625 0.797340625 0.2132875 0.802809375 0.21730624999999998 0.8074734375 0.21730624999999998
0 0.8590953125 0.18453906250000002 0.8483203125 0.160015625 0.8433359375 0.16303125000000002 0.8541109375 0.187153125 0.8590953125 0.18453906250000002
0 0.24000559687499998 0.173588953125 0.2349111375 0.1684944953125 0.2281185265625 0.16962659687499998 0.2386848109375 0.1790607796875 0.24000559687499998 0.173588953125
0 0.259251328125 0.1690605453125 0.2541568703125 0.16830581093750002 0.24774162500000002 0.1730229015625 0.249439778125 0.1773626265625 0.2605721140625 0.16962659687499998 0.259251328125 0.1690605453125
0 0.6317150671875 0 0.629040309375 0.0089683078125 0.633917809375 0.0092829859375 0.6375366015624999 0 0.6317150671875 0