1 0.24343750000000003 0.14598906250000002 0.2255859375 0.148625 0.2268984375 0.127521875 0.2427296875 0.12290468750000001 0.24396093749999997 0.11520937499999999 0.2272515625 0.1180671875 0.2236328125 0.11444531250000001 0.21743281250000002 0.1147796875 0.21593749999999998 0.13173125000000002 0.19902031250000002 0.1313640625 0.20118593749999997 0.1401640625 0.216796875 0.142521875 0.2155375 0.17333437499999998 0.21484375 0.201115625 0.1959453125 0.199796875 0.1961859375 0.24613437500000002 0.21484375 0.24994375 0.21066406249999997 0.445125 0.22014062499999998 0.4444484375 0.22265625 0.24750156250000002 0.2441359375 0.2466875 0.244140625 0.22797031250000002 0.24396093749999997 0.20315468750000001 0.2255859375 0.20477812499999998 0.22435 0.192875 0.224609375 0.1596109375 0.24234375 0.153996875 0.2453125 0.1510671875 0.24343750000000003 0.14598906250000002
1 0.3315625 0.230078125 0.3403125 0.2291015625 0.34078125 0.22265625 0.3251953125 0.22216874999999997 0.322265625 0.23071250000000001 0.3224078125 0.29615625 0.31589999999999996 0.3009921875 0.31640625 0.3161625 0.3162515625 0.32627656250000003 0.322265625 0.32836875 0.3244890625 0.4396140625 0.3247296875 0.4597734375 0.3314703125 0.457665625 0.3315546875 0.3278171875 0.338765625 0.3258375 0.337890625 0.3161625 0.3384140625 0.3007734375 0.33137812499999997 0.29725625 0.33203125 0.25024375 0.3422609375 0.249453125 0.34203125 0.2412109375 0.33125 0.2419921875 0.3315625 0.230078125
1 0.3665625 0.450390625 0.37265625 0.449609375 0.37609375 0.290234375 0.38639687500000003 0.2863453125 0.38720937499999997 0.26603750000000004 0.3728578125 0.26603750000000004 0.36419375 0.26772968750000004 0.36328125 0.27734375 0.36953125 0.28203125 0.36953125 0.31171875 0.369140625 0.3161625 0.3665625 0.450390625
1 0.3929359375 0.443934375 0.39453125 0.443115625 0.396484375 0.4406734375 0.396484375 0.41381875 0.3984375 0.4113765625 0.39808125 0.297521875 0.3933328125 0.297521875 0.392578125 0.3503421875 0.390625 0.3527828125 0.3909375 0.43671875 0.39115625 0.4441796875 0.3929359375 0.443934375
1 0.41015625 0.3308109375 0.41015625 0.3625484375 0.408203125 0.364990625 0.408203125 0.4211421875 0.40625 0.423584375 0.40625 0.4309078125 0.408203125 0.435790625 0.41015625 0.435790625 0.412109375 0.43335 0.4140625 0.3430171875 0.416015625 0.3405765625 0.416015625 0.32836875 0.41796875 0.325928125 0.41667812499999995 0.3165640625 0.4130859375 0.3173828125 0.410940625 0.3178015625 0.412109375 0.32836875 0.41015625 0.3308109375
1 0.42578125 0.3503421875 0.423828125 0.3527828125 0.423828125 0.364990625 0.421875 0.36743125 0.421875 0.3869625 0.419921875 0.3894046875 0.419921875 0.4187015625 0.41796875 0.4211421875 0.41796875 0.4309078125 0.4208984375 0.4345703125 0.421875 0.43335 0.423828125 0.4309078125 0.423828125 0.404053125 0.42578125 0.4016109375 0.42578125 0.3796390625 0.427734375 0.377196875 0.427734375 0.357665625 0.4296875 0.355225 0.4287109375 0.33203125 0.42578125 0.3332515625 0.42578125 0.3503421875
0 0.8020375 0.1539390625 0.711003125 0.13594375 0.7101171875000001 0.1414796875 0.8031453125000001 0.1597546875 0.8020375 0.1539390625
0 0.11616718749999999 0.0135828125 0.11979843750000001 0.0196953125 0.25996874999999997 0.047878125 0.38032343750000003 0.0723265625 0.518865625 0.10085 0.5975046875000001 0.11816718749999999 0.5983203125000001 0.1117171875 0.5537687499999999 0.10186875 0.40028593749999997 0.0702890625 0.2797421875 0.0465203125 0.18869843749999998 0.028184375 0.11616718749999999 0.0135828125
0 0.09515 0 0.09875 0.005078125 0.125578125 0.035318749999999996 0.14996875 0.05946875 0.16546875 0.0744140625 0.1883671875 0.0920703125 0.20672031249999998 0.10746562500000001 0.2203125 0.1138671875 0.23739062500000002 0.116521875 0.23980625 0.11289843749999999 0.2234375 0.1068359375 0.20875 0.0990234375 0.19150625 0.08482656250000001 0.16625 0.06484375 0.1496875 0.0490234375 0.12296875 0.021484375 0.10375000000000001 0 0.09515 0
0 0.3706109375 0.26713749999999997 0.367696875 0.2658359375 0.364159375 0.2624546875 0.36041406249999997 0.2577734375 0.35479531249999996 0.24814843749999999 0.3435578125 0.22421875 0.33918906249999997 0.2294203125 0.3416859375 0.23488281249999998 0.3498015625 0.2523109375 0.35812499999999997 0.264796875 0.361246875 0.2676578125 0.364159375 0.269478125 0.3670734375 0.2699984375 0.369153125 0.269478125 0.3706109375 0.26713749999999997
0 0.3466828125 0.272153125 0.34045625 0.26725937499999997 0.3352984375 0.2583671875 0.33120781250000003 0.2601453125 0.332275 0.2645921875 0.3351203125 0.27015 0.3393890625 0.274153125 0.3447265625 0.27815625 0.3507734375 0.2808234375 0.3534421875 0.281490625 0.359490625 0.2797125 0.36358125 0.2859375 0.3662484375 0.281490625 0.354509375 0.2661484375 0.343303125 0.24413749999999998 0.33956718750000003 0.24969531250000002 0.34525937500000003 0.2610359375 0.3489953125 0.2677046875 0.3550421875 0.27593125 0.3505953125 0.274375 0.3466828125 0.272153125
0 0.3590390625 0.342765625 0.3606296875 0.3371953125 0.336009375 0.32885 0.3590390625 0.342765625
0 0.36174375 0.3300328125 0.34009999999999996 0.3151140625 0.337871875 0.3208828125 0.35999375 0.33480937499999996 0.36174375 0.3300328125
0 0.3614265625 0.320684375 0.3407359375 0.3057640625 0.33803125 0.311134375 0.359515625 0.3262546875 0.3614265625 0.320684375
0 0.27134843750000004 0.24906718749999998 0.2554328125 0.22439843750000002 0.24715781250000002 0.210275 0.243975 0.20649375 0.243496875 0.2164421875 0.2640265625 0.24847031249999998 0.284875 0.27592343750000003 0.29872187499999997 0.29084374999999996 0.31140625 0.2998046875 0.3153125 0.2962890625 0.2959375 0.2794921875 0.27134843750000004 0.24906718749999998
0 0.260625 0.247265625 0.24500000000000002 0.223046875 0.244375 0.233984375 0.25421875 0.2482421875 0.27875 0.28125 0.29453125 0.300390625 0.3003125 0.29765625 0.28046875 0.2736328125 0.260625 0.247265625
0 0.26937500000000003 0.3126953125 0.27718750000000003 0.3111328125 0.26015625 0.2970703125 0.2475 0.286328125 0.23625 0.275 0.224375 0.2625 0.2228125 0.269140625 0.24546874999999999 0.293359375 0.24874999999999997 0.2962890625 0.26937500000000003 0.3126953125
0 0.2421875 0.276953125 0.26375000000000004 0.2966796875 0.28734375 0.3095703125 0.28859375 0.3087890625 0.28953125 0.30546875 0.26937500000000003 0.2919921875 0.25375000000000003 0.27890625 0.23562500000000003 0.2591796875 0.22703125000000002 0.24765625 0.2228125 0.25234375 0.23078125 0.2638671875 0.2421875 0.276953125
0 0.2325 0.2515625 0.25 0.269921875 0.2703125 0.2875 0.29234375 0.3048828125 0.29390625 0.301171875 0.26296875000000003 0.2654296875 0.24500000000000002 0.2408203125 0.24125000000000002 0.24609375 0.25625 0.2666015625 0.2546875 0.2685546875 0.23703124999999997 0.247265625 0.22984374999999999 0.2484375 0.2325 0.2515625
0 0.32406250000000003 0.2251953125 0.32 0.2234375 0.31437499999999996 0.219921875 0.305 0.2134765625 0.29328125 0.201171875 0.278125 0.1798828125 0.25875 0.1439453125 0.244375 0.1158203125 0.24203125 0.123046875 0.25265624999999997 0.14609375 0.27140624999999996 0.180078125 0.28703124999999996 0.2029296875 0.30109375 0.21875 0.31171875 0.2271484375 0.315 0.2283203125 0.3225 0.2291015625 0.32406250000000003 0.2251953125
0 0.24640625 0.1671875 0.26046874999999997 0.191015625 0.27828125 0.215625 0.28828125 0.228515625 0.2959375 0.2361328125 0.30359375 0.2431640625 0.3146875 0.2494140625 0.32296874999999997 0.250390625 0.3225 0.2443359375 0.31625000000000003 0.2451171875 0.3025 0.2359375 0.2915625 0.2244140625 0.26734375 0.1908203125 0.2534375 0.1673828125 0.2459375 0.15234375 0.24156249999999999 0.1552734375 0.24640625 0.1671875
0 0.22484375 0.1763671875 0.24734375000000003 0.205078125 0.26453125 0.2234375 0.276875 0.2345703125 0.28546875 0.2380859375 0.2921875 0.23984375 0.2975 0.2396484375 0.2953125 0.2345703125 0.29203125 0.2345703125 0.28781249999999997 0.2322265625 0.27921874999999996 0.227734375 0.27218749999999997 0.222265625 0.2546875 0.205078125 0.2340625 0.1794921875 0.22531249999999997 0.1666015625 0.22484375 0.1763671875
0 0.32437499999999997 0.2341796875 0.301875 0.234375 0.30890625 0.2392578125 0.32437499999999997 0.2390625 0.32437499999999997 0.2341796875
0 0.15806562500000002 0.2307828125 0.179425 0.2365875 0.19595625 0.23960468750000002 0.197071875 0.23333750000000003 0.16716718749999998 0.22753281250000001 0.14469218749999999 0.220103125 0.10754375000000001 0.2043140625 0.0884125 0.196421875 0.0869265625 0.20315468750000001 0.107915625 0.21128125 0.1320625 0.221728125 0.15806562500000002 0.2307828125
0 0.12258906249999998 0.1896875 0.122775 0.1917765625 0.08952656249999999 0.171578125 0.0872984375 0.18016875000000002 0.1289046875 0.20106406250000003 0.140978125 0.20663749999999997 0.1645671875 0.21383437500000002 0.19632812500000002 0.22613906250000002 0.1961421875 0.215690625 0.1786828125 0.21267343749999998 0.160625 0.20390625 0.15828124999999998 0.202734375 0.151875 0.199609375 0.12388906250000001 0.182490625 0.08915625 0.1581109375 0.0858125 0.16414843750000002 0.12258906249999998 0.1896875
0 0.0875 0.1396484375 0.11765624999999999 0.162109375 0.13468750000000002 0.1734375 0.14109375 0.180078125 0.118125 0.1671875 0.08859375 0.148046875 0.08640624999999999 0.1560546875 0.10265625 0.1662109375 0.13218749999999999 0.1818359375 0.15546875 0.19296875 0.1828125 0.203515625 0.198125 0.2078125 0.19671875 0.2001953125 0.18796875 0.1982421875 0.17640625000000001 0.1927734375 0.16109374999999998 0.1841796875 0.13968750000000002 0.1701171875 0.09140625 0.1349609375 0.07375000000000001 0.122265625 0.07203125 0.1275390625 0.0875 0.1396484375
0 0.079375 0.108203125 0.10906249999999999 0.1322265625 0.14765625 0.16171875 0.1753125 0.18046875 0.20187499999999997 0.1947265625 0.21390625000000002 0.1994140625 0.21421874999999999 0.198046875 0.21421874999999999 0.1939453125 0.20203125000000002 0.1876953125 0.16765625 0.1673828125 0.13125 0.1423828125 0.09234375 0.111328125 0.06390625 0.08515625 0.059375 0.0892578125 0.079375 0.108203125
0 0.21609375000000003 0.1541015625 0.209375 0.1416015625 0.20328125 0.143359375 0.21531250000000002 0.1642578125 0.21609375000000003 0.1541015625
0 0.011774999999999999 0 0.037896875000000003 0.025984374999999997 0.075609375 0.06116875000000001 0.1142421875 0.0910625 0.145884375 0.11221874999999999 0.17955000000000002 0.1315359375 0.197384375 0.1365546875 0.1992234375 0.135865625 0.1994078125 0.1303453125 0.191496875 0.1259765625 0.1811953125 0.11815781249999999 0.1497375 0.0930921875 0.1094484375 0.0553796875 0.0794734375 0.023454687499999998 0.0594203125 0 0.050590625 0 0.0592359375 0.010346875 0.09400625 0.0492109375 0.1262 0.08163437500000001 0.155634375 0.10761875000000001 0.16296875 0.1146484375 0.14275625 0.10325 0.1203125 0.087109375 0.08646406250000001 0.0625484375 0.061628125 0.040703125 0.030537500000000002 0.0114984375 0.018396875 0 0.011774999999999999 0
0 0 0.0646 0.0155359375 0.07870468750000001 0.0168453125 0.073390625 0 0.057648437500000003 0 0.0646
0 0 0.034753125 0.038596875 0.072571875 0.041703125 0.06746250000000001 0 0.026371875 0 0.034753125