1 0.13803125 0.23681718749999997 0.13787031249999998 0.2096640625 0.1460609375 0.2073171875 0.14623124999999998 0.19878437499999999 0.133434375 0.18662812499999998 0.1331484375 0.15014687499999999 0.136078125 0.14404375 0.14421875 0.1505859375 0.1484375 0.146484375 0.1487734375 0.13305625000000001 0.136565625 0.11815 0.1301109375 0.10753281249999999 0.1305390625 0.09309062500000001 0.16625 0.0892578125 0.164375 0.06640625 0.15546875 0.066015625 0.15484375 0.07421875 0.1419375 0.078125 0.1078125 0.077734375 0.10703125 0.0814453125 0.10718749999999999 0.0833984375 0.0796875 0.0828125 0.0783734375 0.0971265625 0.11555937499999999 0.0976359375 0.1162015625 0.10111406249999999 0.1050734375 0.10432343749999999 0.10453125 0.11484375 0.09765625 0.119140625 0.0935171875 0.12813125 0.0971546875 0.131075 0.10171875 0.1296875 0.1082828125 0.1238515625 0.11361718750000001 0.12817343750000001 0.104946875 0.1513671875 0.10016093749999999 0.188546875 0.12338281250000001 0.20874062499999999 0.1390078125 0.533446875 0.1468203125 0.5358890625 0.15069375000000002 0.5335671875 0.1382109375 0.249121875 0.22396875 0.192871875 0.24403281250000003 0.18930625 0.2660765625 0.1882046875 0.2698671875 0.18188437500000001 0.26606874999999997 0.1744921875 0.25521875 0.17578125 0.222015625 0.18310625 0.13803125 0.23681718749999997
1 0.6392421875000001 0.3901734375 0.6360359375 0.171925 0.63015625 0.1720703125 0.6259375 0.1732421875 0.632115625 0.3919546875 0.6392421875000001 0.3901734375
1 0.6431515625 0.3032265625 0.6452140625 0.3713890625 0.651109375 0.3713890625 0.6487515625 0.2907 0.640203125 0.2877515625 0.636665625 0.2899625 0.6431515625 0.3032265625
0 0.043125000000000004 0 0.0976515625 0.041984375000000004 0.1433671875 0.0765828125 0.147721875 0.0703609375 0.10418281250000001 0.0369296875 0.0528125 0 0.043125000000000004 0
0 0.0024046874999999997 0 0 0.00400625 0.068115625 0.0544265625 0.10577812499999999 0.08046875 0.1103203125 0.0757953125 0.057162500000000005 0.0383984375 0.0024046874999999997 0
0 0.0790671875 0.08647812499999999 0.000534375 0.046078125 0 0.052756250000000005 0.07853281250000001 0.0931578125 0.0790671875 0.08647812499999999
0 0.0870453125 0.1141640625 0.0870453125 0.1081890625 0.08671875 0.0984375 0.0829234375 0.09809218750000001 0.082759375 0.11025 0.0839125 0.11890468750000001 0.08523125000000001 0.12426250000000001 0.08605625 0.12488125000000001 0.0891890625 0.12261249999999999 0.08869375 0.12096562500000001 0.088034375 0.11766875000000002 0.0870453125 0.1141640625
0 0.1511828125 0.13308906250000002 0.1516296875 0.1397953125 0.2119671875 0.1464984375 0.447953125 0.167728125 0.5462171875 0.17795624999999998 0.6262828125000001 0.1828125 0.6266640625 0.17538437499999998 0.5879015625 0.1731078125 0.5617281249999999 0.1714515625 0.46448906250000005 0.1627015625 0.2133078125 0.13923593750000002 0.1511828125 0.13308906250000002
0 0.187603125 0.206221875 0.1395578125 0.1865234375 0.1380328125 0.1931953125 0.1812484375 0.210353125 0.187603125 0.206221875
0 0.5105875 0.2652046875 0.43019999999999997 0.26015625 0.3718359375 0.2528171875 0.2723625 0.23125 0.19711406250000002 0.20968593750000003 0.193809375 0.2142734375 0.22868125 0.2271203125 0.29401875 0.24501562500000001 0.368165625 0.259696875 0.4467171875 0.268415625 0.506915625 0.2716265625 0.626946875 0.2679578125 0.6291484374999999 0.2670390625 0.62768125 0.2615328125 0.5994171875000001 0.262909375 0.5105875 0.2652046875
0 0.6219984375000001 0.2852765625 0.62333125 0.2872203125 0.6259984375000001 0.2888890625 0.6295531249999999 0.29 0.6288875 0.2833328125 0.627553125 0.2827765625 0.6271093750000001 0.281109375 0.6264421875 0.27749999999999997 0.62533125 0.2708328125 0.6255531249999999 0.26749999999999996 0.620665625 0.266665625 0.62133125 0.27944375 0.6219984375000001 0.2852765625
0 0.056409375 0.1530640625 0 0.1991546875 0.0010999999999999998 0.20500156249999998 0.045678125 0.1702625 0.0938328125 0.13276875 0.09053125 0.12761093750000002 0.056409375 0.1530640625
0 0.10208906250000001 0.1551265625 0.0200875 0.21291406249999997 0.025315625 0.21738437500000002 0.1040140625 0.1602875 0.10208906250000001 0.1551265625
0 0.0993375 0.1451515625 0.0123828125 0.2087859375 0.018160937499999998 0.21325781250000003 0.1034640625 0.15031250000000002 0.0993375 0.1451515625
0 0.126578125 0.260725 0.114471875 0.258315625 0.10098750000000001 0.2528125 0.06714218749999999 0.236303125 0.0621890625 0.24249375 0.062464062499999994 0.24283749999999998 0.1040140625 0.2634765625 0.1271296875 0.26966875 0.126578125 0.260725
0 0.056960937499999996 0.23320625 0.0019265625 0.2036265625 0.00027499999999999996 0.21119374999999999 0.0539328125 0.23836718750000002 0.056960937499999996 0.23320625
0 0.0734703125 0.2228890625 0.0327453125 0.2559078125 0.0371484375 0.26003750000000003 0.06714218749999999 0.236990625 0.10979375 0.1988109375 0.10566562500000001 0.1946828125 0.0734703125 0.2228890625
0 0 0.24111875 0.034396875 0.2541890625 0.039075 0.24902968749999999 0 0.2321765625 0 0.24111875
0 0.125478125 0.2813625 0.126028125 0.276203125 0.1122703125 0.2744828125 0.0979609375 0.27104374999999997 0.04925625 0.25178124999999996 0.0423765625 0.257628125 0.064665625 0.265884375 0.096584375 0.27723437500000003 0.10263906249999999 0.2789546875 0.125478125 0.2813625
0 0 0.286178125 0.028617187500000002 0.266228125 0.0222890625 0.2624453125 0 0.2786109375 0 0.286178125
0 0.0605375 0.27482656250000004 0.1130953125 0.29168125 0.126853125 0.29168125 0.126853125 0.2892734375 0.07044375 0.27035624999999996 0.00027499999999999996 0.245246875 0 0.2548765625 0.0605375 0.27482656250000004
0 0.025590625 0.3064734375 0.025590625 0.3088796875 0.042651562500000004 0.3112875 0.1279546875 0.2954640625 0.1274046875 0.28996093749999996 0.0619140625 0.3013125 0.025590625 0.3064734375
0 0 0.3095703125 0.0515671875 0.3174859375 0.08594531250000001 0.32200937500000004 0.0943125 0.316921875 0 0.303634375 0 0.3095703125
0 0.060548437499999996 0.3286328125 0.015706249999999998 0.339728125 0.018437500000000002 0.345134375 0.1286078125 0.3178203125 0.12815156249999998 0.3101375 0.122234375 0.31184375000000003 0.060548437499999996 0.3286328125
0 0.00042187500000000005 0.324078125 0.0483484375 0.3325234375 0.0614375 0.3269828125 0.00042187500000000005 0.31906406249999997 0 0.32355 0.00042187500000000005 0.324078125
0 0.10915 0.32845 0.1103984375 0.3787171875 0.1151453125 0.3790296875 0.1148953125 0.3278265625 0.10915 0.32845
0 0.078928125 0.33563125 0.0774296875 0.337815625 0.05191875 0.337471875 0.031471874999999996 0.3443734375 0.03371875 0.34874375 0.051703125 0.3446859375 0.0736828125 0.3443734375 0.08042656249999999 0.34312343749999996 0.084671875 0.3381296875 0.0876703125 0.3340703125 0.1039046875 0.32751406250000004 0.1039046875 0.323765625 0.0869203125 0.32813593750000003 0.081925 0.3290734375 0.078928125 0.33563125
0 0.1386671875 0.19284218749999998 0.20851250000000002 0.1934828125 0.214396875 0.187725 0.13815625 0.187725 0.1386671875 0.19284218749999998
0 0.1706484375 0.4454890625 0.17729999999999999 0.44580624999999996 0.1560640625 0.330678125 0.144040625 0.2475296875 0.1389234375 0.24944687499999998 0.1542734375 0.3476265625 0.1706484375 0.4454890625
0 0.15534375 0.32185625 0.2482875 0.319803125 0.3495796875 0.318140625 0.40280468750000004 0.3167828125 0.58995625 0.3113109375 0.6296640625000001 0.3105796875 0.629328125 0.30514375 0.49681875 0.30911875 0.3216953125 0.3124046875 0.1530390625 0.3160546875 0.15534375 0.32185625
0 0.47224374999999996 0.342634375 0.4404796875 0.3451828125 0.3608796875 0.34524374999999996 0.2643796875 0.3423109375 0.2643796875 0.34100625 0.398175 0.3390484375 0.4638984375 0.3357890625 0.5369234374999999 0.3269859375 0.6016046875 0.3198140625 0.6295109375 0.31688125 0.629803125 0.311365625 0.6268015625000001 0.3119 0.614384375 0.3126421875 0.5053796875 0.326009375 0.39992031250000004 0.3335078125 0.3012359375 0.3351375 0.1833515625 0.33089843750000003 0.1563921875 0.32927343750000004 0.15686093750000002 0.3351375 0.24214531250000002 0.3439390625 0.28707812499999996 0.350459375 0.37236250000000004 0.352090625 0.459725 0.350459375 0.498325 0.3462234375 0.5437046875 0.3416578125 0.6061687499999999 0.33163125 0.6295109375 0.3273125 0.6295109375 0.3220984375 0.549703125 0.3344859375 0.47224374999999996 0.342634375
0 0.1609671875 0.45103906250000003 0.14726875 0.3617484375 0.142375 0.36419531250000003 0.1511828125 0.4311625 0.1541171875 0.453790625 0.1609671875 0.45103906250000003
0 0.21160625 0.4859703125 0.214534375 0.4819046875 0.20252187500000002 0.4504671875 0.1840578125 0.41264375 0.1840578125 0.42155156250000003 0.19925625 0.4542046875 0.21160625 0.4859703125
0 0.14765625 0.1162109375 0.14390624999999999 0.1166015625 0.14421875 0.1294921875 0.14906250000000001 0.1298828125 0.14906250000000001 0.120703125 0.15359375 0.1177734375 0.1578125 0.1103515625 0.16015625 0.096875 0.16 0.0908203125 0.15562499999999999 0.091015625 0.15515625 0.0982421875 0.1528125 0.106640625 0.1496875 0.112109375 0.14765625 0.1162109375
0 0.64578125 0.21796875 0.6396875 0.1966796875 0.6365624999999999 0.1990234375 0.64390625 0.2287109375 0.655625 0.27578125 0.66015625 0.27421875 0.64578125 0.21796875