1 0.3289046875 0.15594687499999998 0.3112234375 0.1664390625 0.3125 0.09399375 0.3113796875 0.0884734375 0.3076171875 0.087890625 0.3011296875 0.08969218749999999 0.291015625 0.4309078125 0.290565625 0.483040625 0.30143749999999997 0.484278125 0.309925 0.184590625 0.3232421875 0.1708984375 0.33654375000000003 0.166071875 0.36593906249999997 0.1669421875 0.3735765625 0.16375781250000002 0.3735765625 0.1582609375 0.3705671875 0.15565625 0.3642578125 0.1513671875 0.3505859375 0.1513671875 0.3289046875 0.15594687499999998
1 0.588796875 0.39470937500000003 0.5867515625 0.47536093749999997 0.595084375 0.47536093749999997 0.5971671875 0.3029234375 0.5904546875000001 0.30350156250000004 0.5897609375 0.3225984375 0.588796875 0.39470937500000003
1 0.42380312499999995 0.452215625 0.4251921875 0.322309375 0.41917499999999996 0.3231765625 0.4175546875 0.3960859375 0.4173234375 0.4539515625 0.42380312499999995 0.452215625
1 0.7420609375 0.493878125 0.7453015625 0.3628140625 0.7372015625 0.3628140625 0.7351171875 0.493878125 0.7420609375 0.493878125
1 0.821684375 0.311603125 0.821453125 0.399559375 0.8226093750000001 0.4001359375 0.829321875 0.399559375 0.8307109374999999 0.31131406250000004 0.821684375 0.311603125
0 0.327978125 0.169421875 0.331153125 0.18163281250000002 0.337746875 0.2020859375 0.3499578125 0.2384125 0.358896875 0.26320156250000004 0.366725 0.28352343750000003 0.37535625 0.28126562499999996 0.3599 0.242125 0.34116562500000003 0.18835 0.33335 0.1675921875 0.327978125 0.169421875
0 0.3307953125 0.154809375 0.31774843750000004 0.11867968749999999 0.312128125 0.1209375 0.3247734375 0.1578203125 0.3307953125 0.154809375
0 0 0.1016875 0.30126875000000003 0.098240625 0.301728125 0.089909375 0 0.0913453125 0 0.1016875
0 0.5990546875 0.0898921875 0.3123 0.08933593749999999 0.3118390625 0.097953125 0.5934125 0.09776875 0.7960765624999999 0.1007484375 0.7952734375 0.0943890625 0.5990546875 0.0898921875
0 1 0.0700625 0.491759375 0.0578328125 0.1989546875 0.0581703125 0 0.0595234375 0 0.06899374999999999 0.2913953125 0.066625 0.5571796875 0.066625 1 0.07720468750000001 1 0.0700625
0 1 0.098803125 0.888253125 0.098803125 0.8881765625 0.104915625 1 0.1071703125 1 0.098803125