1 0.6640625 0.4423828125 0.6591671875 0.214359375 0.65390625 0.21484375 0.6509265625 0.21507031250000003 0.6546875 0.4384765625 0.6640625 0.4423828125
0 0.6867359375000001 0.306890625 0.6963984375 0.30556875 0.7025890625 0.3000984375 0.711346875 0.2906625 0.7200265625 0.27637812500000003 0.7247859375 0.26801718750000003 0.720709375 0.2651875 0.705609375 0.2893421875 0.6968515625 0.2985875 0.6870375 0.300475 0.6867359375000001 0.306890625
0 0.7304515625 0.31406093749999997 0.6850828124999999 0.314525 0.684896875 0.320334375 0.7306375 0.3196359375 0.7304515625 0.31406093749999997
0 0.728034375 0.32172812500000003 0.6854546874999999 0.32219375 0.6858265625 0.32916406249999997 0.728034375 0.32893125 0.728034375 0.32172812500000003
0 0.6282765625 0.314234375 0.5981546875 0.313878125 0.5982953125 0.3186734375 0.62841875 0.319384375 0.6282765625 0.314234375
0 0.321678125 0.309990625 0.321515625 0.3144625 0.372496875 0.316290625 0.590275 0.31791874999999997 0.58995 0.31344531249999996 0.48093281250000003 0.3120234375 0.321678125 0.309990625
0 0.01428125 0.29291093749999997 0.002453125 0.2930921875 0.002425 0.2973203125 0.01428125 0.2976546875 0.01428125 0.29291093749999997
0 0.24119687500000003 0.31684531250000003 0.0788859375 0.310171875 0.07913125 0.314928125 0.2410546875 0.322171875 0.24119687500000003 0.31684531250000003
0 0.21192812499999997 0.30434375 0.0789328125 0.29919531250000003 0.0789234375 0.303203125 0.21178593750000002 0.3093171875 0.21192812499999997 0.30434375
0 0.07896718750000001 0.2985171875 0.23210625000000001 0.30469843750000003 0.23210625000000001 0.2990171875 0.079359375 0.29475625 0.07896718750000001 0.2985171875
0 0.37434531249999997 0.319078125 0.324290625 0.318859375 0.324640625 0.32387343749999997 0.37486875 0.3240921875 0.37434531249999997 0.319078125
0 0.348184375 0.30469375 0.3129546875 0.304475 0.313303125 0.30905312500000004 0.348303125 0.3095890625 0.348184375 0.30469375
0 0.663590625 0.18882656250000002 0.5954859375 0.19146093749999998 0.5954203125 0.1961953125 0.663590625 0.19328281249999998 0.663590625 0.18882656250000002
0 0.6017750000000001 0.18672968750000002 0.6634421875000001 0.1870859375 0.6634421875000001 0.18264687500000001 0.5958078125 0.18264687500000001 0.5958078125 0.18672968750000002 0.6017750000000001 0.18672968750000002
0 0.6633 0.1755421875 0.598365625 0.1751890625 0.5976734375 0.17976562499999998 0.6634421875000001 0.180159375 0.6633 0.1755421875
0 0 0.1800953125 0.059246875 0.18575 0.1847578125 0.19544062499999998 0.3253578125 0.20190468749999999 0.4380984375 0.20163437499999998 0.509625 0.20163437499999998 0.5871828125 0.1992828125 0.586975 0.19383125 0.4521921875 0.1963 0.3368109375 0.195571875 0.3163875 0.1949046875 0.218671875 0.1905953125 0.10255 0.18225 0 0.1741421875 0 0.1800953125
0 0 0.14986875 0.067190625 0.1566171875 0.1555296875 0.1660265625 0.2636515625 0.17472812499999998 0.34506562500000004 0.1798796875 0.43404687500000005 0.18325156250000002 0.5147546875 0.185915625 0.5862671875000001 0.1869921875 0.587459375 0.18698125000000002 0.5873171875 0.1816546875 0.5556140625 0.1816546875 0.42184375 0.1777484375 0.25158749999999996 0.1683359375 0.11408906249999999 0.155728125 0 0.14383125000000002 0 0.14986875
0 0 0.1342421875 0.057923437499999994 0.14152343750000002 0.1839546875 0.1543078125 0.3320609375 0.16691562499999998 0.4166625 0.17288125000000001 0.48096562499999995 0.17490624999999999 0.5814234375 0.178984375 0.5815640625 0.1741953125 0.544753125 0.17277499999999998 0.386675 0.1646078125 0.23001875 0.1525328125 0.10552187500000001 0.1397484375 0 0.12785 0 0.1342421875