1 0.815665625 0 0.8063 0.001103125 0.80411875 0.0061140625 0.800315625 0.012225 0.8010359375 0.032434375 0.8118015625 0.029328125 0.8175984375 0.01966875 0.8187625000000001 0.0985140625 0.8123046875 0.31210625 0.8228390624999999 0.3137203125 0.8384640624999999 0.28930625 0.8369890625 0 0.815665625 0
1 0.56636875 0.1172609375 0.5470609375000001 0.11775 0.5480359375 0.12311406250000001 0.5679296875000001 0.13042499999999999 0.572265625 0.4719234375 0.5832499999999999 0.4739375 0.58203125 0.4035640625 0.576171875 0.11059531250000001 0.5937390625 0.10854375000000001 0.5956703125 0.09819375 0.57421875 0.10082968750000001 0.5732421875 0.0849609375 0.5462609375 0.084046875 0.5470890625 0.0919828125 0.5644796875 0.09474218749999999 0.56636875 0.1172609375
1 0.5238203125 0.262578125 0.535359375 0.26341562500000004 0.537109375 0.36743125 0.541015625 0.3698734375 0.54296875 0.364990625 0.541015625 0.24292031249999999 0.5380859375 0.23681718749999997 0.5244140625 0.23681718749999997 0.5243218749999999 0.24271875 0.5315140625 0.2446 0.5338546875 0.245853125 0.5341890625 0.25651562499999997 0.5243218749999999 0.2579796875 0.5238203125 0.262578125
1 0.33337812499999997 0.3293890625 0.3310546875 0.3369140625 0.3173828125 0.33935624999999997 0.2978515625 0.3515625 0.2861328125 0.35400468749999997 0.283203125 0.357665625 0.283203125 0.423584375 0.28125 0.426025 0.279296875 0.4479984375 0.2822265625 0.45166093749999997 0.2890625 0.4504390625 0.2890625 0.3625484375 0.2919921875 0.35888749999999997 0.3037109375 0.3564453125 0.3232421875 0.34423906249999997 0.3447265625 0.341796875 0.34765625 0.338134375 0.3447265625 0.33447343749999997 0.3388671875 0.33447343749999997 0.3381453125 0.32893125 0.33337812499999997 0.3293890625
1 0.328125 0.3723140625 0.328125 0.36743125 0.3251953125 0.36377031249999997 0.3193359375 0.36377031249999997 0.318359375 0.3723140625 0.3203125 0.37475625 0.3203125 0.3942875 0.322265625 0.396728125 0.322265625 0.4016109375 0.3203125 0.404053125 0.3203125 0.4309078125 0.31640625 0.4382328125 0.31640625 0.44555625 0.322265625 0.4602046875 0.32421875 0.474853125 0.326171875 0.474853125 0.326171875 0.45288125 0.328125 0.4504390625 0.328125 0.4382328125 0.326171875 0.435790625 0.326171875 0.426025 0.328125 0.423584375 0.328125 0.4089359375 0.326171875 0.40649375 0.326171875 0.37475625 0.328125 0.3723140625
1 0.515625 0.377196875 0.517578125 0.3796390625 0.517578125 0.3820796875 0.5185546875 0.38330156249999997 0.51953125 0.3820796875 0.521484375 0.3796390625 0.521484375 0.306396875 0.5185546875 0.302734375 0.5166015625 0.302734375 0.513671875 0.306396875 0.513671875 0.33569375 0.515625 0.338134375 0.513671875 0.345459375 0.515625 0.3479 0.515625 0.377196875
1 0.527503125 0.33085156250000003 0.5358390625 0.3309890625 0.536321875 0.32316406249999996 0.527503125 0.32281875000000004 0.5283484374999999 0.318378125 0.5360796875 0.31774843750000004 0.5351171875 0.309625 0.529821875 0.309625 0.5278953125 0.3030046875 0.521878125 0.3033046875 0.5245265625 0.379734375 0.5247671875 0.38093750000000004 0.5291 0.38093750000000004 0.528859375 0.35957343750000004 0.5360796875 0.360175 0.5351171875 0.354759375 0.5300625 0.3556625 0.5286187499999999 0.34392812500000003 0.5360796875 0.3445296875 0.5360796875 0.3364046875 0.5278953125 0.335803125 0.527503125 0.33085156250000003
0 0.0068781250000000006 0.107125 0.0078328125 0.1127203125 0.0904203125 0.1068453125 0.20096562499999998 0.094815625 0.3267484375 0.0816671875 0.4740640625 0.0646015625 0.5662843750000001 0.05397031249999999 0.5671796875 0.0480953125 0.478996875 0.057328124999999994 0.31209375 0.0767953125 0.12882812500000002 0.095375 0.0068781250000000006 0.107125
0 0.0845921875 0.1556984375 0.00858125 0.15600624999999999 0.008687499999999999 0.16249375 0.08345781249999999 0.16249375 0.0845921875 0.1556984375
0 0.061201562499999994 0.2083328125 0.0263390625 0.18797031250000001 0.023885937500000003 0.1934859375 0.059929687499999995 0.213715625 0.061201562499999994 0.2083328125
0 0.4503265625 0.15975 0.568678125 0.15940000000000001 0.568396875 0.1523921875 0.43331093750000005 0.15274375 0.187384375 0.15414531250000002 0.0977 0.155546875 0.0982609375 0.162203125 0.23766250000000003 0.16045156249999998 0.4503265625 0.15975
0 0.431190625 0.348715625 0.39519375 0.3549375 0.3722171875 0.357809375 0.321478125 0.358528125 0.3210953125 0.3611609375 0.321978125 0.3624984375 0.345034375 0.3634484375 0.38035625 0.3634484375 0.413309375 0.3591421875 0.449709375 0.3518734375 0.5139218750000001 0.33368125000000004 0.512284375 0.3275421875 0.5023015625 0.33020312500000004 0.49984687499999997 0.330815625 0.47695156250000004 0.33842343750000003 0.431190625 0.348715625
0 0.9121453125000001 0.000603125 0.904653125 0 0.8717828125 0.0341390625 0.8360125 0.0743203125 0.8379468749999999 0.08157031249999999 0.8563140625000001 0.062235937500000005 0.8831421875000001 0.0329296875 0.9121453125000001 0.000603125
0 0.80100625 0.151725 0.775221875 0.1520265625 0.768896875 0.159628125 0.8017359374999999 0.159021875 0.80100625 0.151725
0 0.762815625 0.1538515625 0.7246265625 0.1535484375 0.7246265625 0.1593265625 0.7584375 0.159628125 0.762815625 0.1538515625
0 0.7822765625 0.068109375 0.739465625 0.15142031250000001 0.7453031250000001 0.1538515625 0.7710859375 0.106115625 0.8073296875 0.0319265625 0.8014921875000001 0.030709375 0.7822765625 0.068109375
0 0.7684109375 0.067196875 0.8012484375 0.021587500000000003 0.8000328124999999 0.01276875 0.7671953125 0.05777187499999999 0.703221875 0.140475 0.705896875 0.1465546875 0.7071125 0.1450359375 0.7287625 0.1201015625 0.7684109375 0.067196875
0 0.7698703124999999 0 0.7477359375 0.0325328125 0.7304640625000001 0.060203125 0.681571875 0.12922499999999998 0.685221875 0.1353046875 0.7200046875 0.088175 0.7774109375 0 0.7710859375 0 0.7698703124999999 0
0 0.726815625 0 0.6587078125 0.12040625 0.6689234374999999 0.1228375 0.7224375000000001 0.0346625 0.7420890625000001 0 0.73435625 0 0.70784375 0.045 0.732896875 0 0.726815625 0
0 0.751384375 0.02493125 0.7262015625 0.027850000000000003 0.724384375 0.033142187499999996 0.749925 0.029796875 0.751384375 0.02493125
0 0.793359375 0.018253125000000002 0.7624906250000001 0.022875 0.75971875 0.0281890625 0.793359375 0.02264375 0.793359375 0.018253125000000002
0 0.7998296875 0.011321875 0.7889234375 0 0.7841171874999999 0.00115625 0.7976109375 0.015020312499999999 0.7998296875 0.011321875
0 0.5856343749999999 0.1516171875 0.5858203125 0.1511515625 0.5858203125 0.1506875 0.5902859375 0.129525 0.5934484375 0.1079 0.5930765625000001 0.1079 0.588053125 0.1088296875 0.5815421875 0.151384375 0.5856343749999999 0.1516171875
0 0.6680484375 0 0.64330625 0.054414062500000006 0.6183765625000001 0.10464375 0.6018203125 0.1392921875 0.6059125 0.14161875 0.6148421875000001 0.12696875000000002 0.638840625 0.0788328125 0.6615375 0.0295328125 0.6751171874999999 0 0.6680484375 0
0 0.6972546875 0 0.658375 0.07487812499999999 0.63363125 0.122315625 0.638840625 0.1267359375 0.6788375 0.05418125 0.70506875 0 0.6972546875 0
0 0.7080453125 0.0318578125 0.68925625 0.032556249999999995 0.6864656250000001 0.0399984375 0.70506875 0.0386015625 0.7080453125 0.0318578125
0 0.67735 0.036509375 0.6581875 0.036975 0.6544671875 0.0441828125 0.67325625 0.0441828125 0.67735 0.036509375
0 0.6557703125 0 0.6468406250000001 0.017906250000000002 0.6295390624999999 0.0486015625 0.6196796875 0.06348437500000001 0.612609375 0.07534375 0.609075 0.07976093749999999 0.603121875 0.08697031250000001 0.5930765625000001 0.0981328125 0.596053125 0.10464375 0.606284375 0.0930171875 0.61465625 0.0830171875 0.6306546875000001 0.05906718749999999 0.6397703124999999 0.0453453125 0.653909375 0.0193 0.664140625 0 0.6557703125 0
0 0.6328875 0.0411609375 0.5954953125 0.0441828125 0.5930765625000001 0.050928125000000005 0.6295390624999999 0.0486015625 0.6328875 0.0411609375
0 0.604796875 0 0.5981 0.019765625000000002 0.588796875 0.0427875 0.584890625 0.050928125000000005 0.580984375 0.0604609375 0.5700078125 0.0844125 0.5739156249999999 0.0886 0.5835890625 0.0704609375 0.59251875 0.050460937500000004 0.6018203125 0.025579687499999997 0.6116796875 0 0.604796875 0
0 0.5872921875 0 0.57845625 0.023440625 0.5709390625 0.0432515625 0.5662874999999999 0.053484374999999994 0.5623812499999999 0.061854687500000005 0.5560562499999999 0.0720875 0.548428125 0.0830171875 0.555125 0.084878125 0.5636828125 0.0704609375 0.5742875 0.050928125000000005 0.5869375 0.0188359375 0.5934484375 0 0.5872921875 0
0 0.5568125 0.11775 0.56636875 0.1053171875 0.56344375 0.097515625 0.549790625 0.11628750000000002 0.5568125 0.11775
0 0.550146875 0.09263906250000001 0.5454578125 0.0921875 0.5413109375 0.13659062500000002 0.5400484375 0.151915625 0.5481625 0.1523671875 0.5485234375 0.140421875 0.550146875 0.09263906250000001
0 0.5647953125 0.20090625 0.554259375 0.2138671875 0.5576046875 0.2178390625 0.5683078125 0.2029953125 0.5647953125 0.20090625
0 0.5366984375 0.2354 0.536865625 0.23519218749999998 0.5408796875 0.21700312500000002 0.5442234375 0.1908703125 0.549409375 0.158675 0.53920625 0.1584671875 0.5360296875 0.19191562499999998 0.534021875 0.202578125 0.5306765625 0.21804843749999997 0.525659375 0.2345640625 0.5266625 0.2354 0.5296734375 0.2360296875 0.533353125 0.22494687500000002 0.5380359375 0.20007031249999999 0.538871875 0.20048906249999998 0.536865625 0.2138671875 0.535359375 0.22285781249999997 0.5313453124999999 0.2354 0.5366984375 0.2354
0 0.5239874999999999 0.303971875 0.5251578125 0.23665625 0.5218125 0.2372828125 0.51980625 0.30334531249999996 0.5239874999999999 0.303971875
1 0.189453125 0.45288125 0.193359375 0.45288125 0.195340625 0.448903125 0.1953125 0.43335 0.1953125 0.2941890625 0.1949984375 0.2864125 0.189728125 0.2854703125 0.189453125 0.28930625 0.188534375 0.3996546875 0.188740625 0.428790625 0.188740625 0.44065000000000004 0.189453125 0.45288125
1 0.2320578125 0.43936093749999994 0.2330890625 0.3604625 0.22525 0.359946875 0.22545625 0.43910312500000004 0.2320578125 0.43936093749999994
0 0.7734078125 0.152084375 0.8114046874999999 0.111678125 0.803384375 0.10844374999999999 0.76988125 0.1454734375 0.6478609375 0.28344843750000004 0.6488671874999999 0.2853453125 0.6510359375 0.28785781250000003 0.6955125 0.2410453125 0.7734078125 0.152084375