1 0.0263671875 0 0.025390625 0.18188437500000001 0.024434375 0.22355624999999998 0.025390625 0.33569375 0.029296875 0.48461875 0.03125 0.5090328125 0.046875 0.513915625 0.046875 0.0012203125 0.0263671875 0
1 0.1265625 0 0.130859375 0.435790625 0.14453125 0.435790625 0.140625 0.0476078125 0.13968750000000002 0 0.1265625 0
1 0.32265625 0.2154296875 0.3145734375 0.2076015625 0.29929375 0.20795781249999998 0.2990625 0.2240234375 0.28573593750000004 0.2222484375 0.28573593750000004 0.23288125 0.301875 0.23515625 0.30328125 0.2513671875 0.285625 0.2525390625 0.285625 0.2611328125 0.3053125 0.2619140625 0.30375 0.27421875 0.2865625 0.273828125 0.28609375 0.282421875 0.30265624999999996 0.2830078125 0.2985015625 0.46712031249999997 0.2994015625 0.4821703125 0.3075453125 0.483390625 0.31178125 0.480946875 0.3121734375 0.284015625 0.32894999999999996 0.280115625 0.33015625000000004 0.2529296875 0.3125 0.253125 0.3125 0.23515625 0.33218749999999997 0.2353515625 0.33296875 0.225390625 0.32296874999999997 0.225 0.32265625 0.2154296875
1 0.33740625 0.270390625 0.3497515625 0.2687 0.349921875 0.26256875 0.316875 0.2630859375 0.31703125 0.2705078125 0.3303125 0.2712890625 0.33280937499999996 0.460634375 0.333609375 0.4707671875 0.33984375 0.4675296875 0.33740625 0.270390625
1 0.49153437499999997 0.1951953125 0.490234375 0.2012203125 0.4931640625 0.20732499999999998 0.5322265625 0.209765625 0.5477734375 0.22323906249999997 0.5452921875000001 0.393384375 0.5594203125 0.3917015625 0.556640625 0.26713906249999997 0.56640625 0.1206546875 0.5662015625000001 0.110365625 0.5615234375 0.10966875000000001 0.5578125 0.11015625 0.556640625 0.115771875 0.55078125 0.213428125 0.537525 0.2048328125 0.5029296875 0.1951171875 0.49153437499999997 0.1951953125
0 0.2176625 0 0.25390625 0.11840781250000001 0.2936015625 0.207390625 0.2959703125 0.210984375 0.30104375 0.2061203125 0.28796875 0.177734375 0.263671875 0.12084999999999999 0.2246921875 0 0.2176625 0
0 0.5610937500000001 0.2044921875 0.6001562500000001 0.2376953125 0.60219375 0.23071718749999998 0.5865109375 0.2176546875 0.5638625 0.19908125000000002 0.5610937500000001 0.2044921875
0 0.14078125 0.0677734375 0.21555 0.19693125 0.22038125000000003 0.1899015625 0.1651828125 0.0907765625 0.1411375 0.043959375 0.14078125 0.0677734375
0 0.31299375 0.208890625 0.3145921875 0.2153296875 0.35076406250000003 0.20805156249999998 0.40992656250000004 0.19310624999999998 0.5209374999999999 0.16171875 0.55125 0.1521484375 0.54984375 0.145703125 0.46295937499999995 0.1704984375 0.34371406250000003 0.20306875 0.31299375 0.208890625
0 0.361396875 0.2166125 0.42420937500000006 0.20255 0.5215703125 0.17761875 0.5522859375 0.16834375 0.5514578125 0.1615125 0.509003125 0.173021875 0.3961953125 0.20099218749999997 0.3226234375 0.21593749999999998 0.326915625 0.22206874999999998 0.361396875 0.2166125
0 0.1434375 0 0.202759375 0.129328125 0.230765625 0.1851671875 0.236553125 0.18343125 0.21317499999999998 0.13569375 0.1496875 0 0.1434375 0
0 0.22859375 0.184375 0.20187499999999997 0.1302734375 0.1694765625 0.06378906250000001 0.157978125 0.0397703125 0.14222812499999998 0.006103125 0.141653125 0.0138859375 0.14049687500000002 0.028353125 0.1703125 0.09140625 0.18516875 0.1209375 0.22266406249999998 0.18834843750000002 0.22859375 0.184375
0 0.11213437500000001 0 0.1232921875 0.0205796875 0.1273171875 0.027210937499999997 0.12823125 0.0194359375 0.11871875000000001 0 0.11213437500000001 0
0 0.126584375 0.0480171875 0.11176875 0.0342984375 0.10874999999999999 0.0390625 0.12621875 0.056021875 0.126584375 0.0480171875
0 0.19421875 0 0.20671875 0.0357421875 0.22953125000000002 0.0978515625 0.2496875 0.1490234375 0.2738703125 0.2013015625 0.2905390625 0.22469999999999998 0.29500000000000004 0.219140625 0.27890625 0.1966796875 0.254375 0.1423828125 0.2192265625 0.0501234375 0.20171875 0 0.19421875 0
0 0.5848796875 0.1390625 0.5667609375 0.1257015625 0.5651296875 0.1313640625 0.5828875 0.1433671875 0.5848796875 0.1390625
0 0.5870546875 0.1415546875 0.5631375000000001 0.1655625 0.5635 0.1730359375 0.5897718750000001 0.14744375 0.5870546875 0.1415546875
0 0.5798062500000001 0.19025 0.5649484375 0.1766609375 0.56150625 0.180509375 0.5770890625 0.1934203125 0.5798062500000001 0.19025
0 0.588503125 0.153559375 0.56404375 0.17552812499999998 0.5687546875 0.1798296875 0.591875 0.1583984375 0.588503125 0.153559375
1 0.1708984375 0.34423906249999997 0.16796875 0.3479 0.16796875 0.43335 0.1708984375 0.43701249999999997 0.17578125 0.435790625 0.17578125 0.3503421875 0.173828125 0.345459375 0.1708984375 0.34423906249999997
1 0.533203125 0.306396875 0.53515625 0.3088375 0.53515625 0.3405765625 0.537109375 0.3430171875 0.5368578125 0.3620609375 0.541015625 0.3625484375 0.54296875 0.357665625 0.541015625 0.267334375 0.5390625 0.2648921875 0.5390625 0.23315468749999999 0.537109375 0.22582968750000001 0.5341796875 0.224609375 0.53125 0.22827187499999999 0.53125 0.24536093750000001 0.533203125 0.24780312499999999 0.533203125 0.306396875
1 0.5234375 0.4016109375 0.525390625 0.404053125 0.525390625 0.435790625 0.5283203125 0.439453125 0.53515625 0.4382328125 0.537109375 0.435790625 0.537109375 0.3796390625 0.5390625 0.377196875 0.5390625 0.3625484375 0.5341796875 0.35888749999999997 0.5283203125 0.35888749999999997 0.525390625 0.3625484375 0.525390625 0.3942875 0.5234375 0.396728125 0.5234375 0.4016109375
0 0.51640625 0.194140625 0.5196875000000001 0.2 0.5387500000000001 0.186328125 0.54453125 0.1732421875 0.5396875 0.172265625 0.53390625 0.183984375 0.51640625 0.194140625
0 0.64671875 0.0587890625 0.63390625 0.076953125 0.63796875 0.0791015625 0.65046875 0.0611328125 0.64671875 0.0587890625
0 0.613909375 0.17683593749999998 0.5970125000000001 0.1902953125 0.5874046875000001 0.19505937499999998 0.5708390624999999 0.195265625 0.5617281249999999 0.19505937499999998 0.5617281249999999 0.19940625 0.5719984375 0.200440625 0.5864109375 0.19981875 0.5927046875 0.1979546875 0.6023125 0.1925703125 0.62 0.179296875 0.6236828125 0.1755921875 0.65359375 0.1396484375 0.64890625 0.13671875 0.6276578125000001 0.16337656250000002 0.613909375 0.17683593749999998
0 0.7338421875 0 0.7136312499999999 0.0345796875 0.7167796875 0.04120625 0.7404671875 0.000621875 0.7338421875 0
0 0.33484375 0.2474609375 0.33078124999999997 0.2353515625 0.32578125 0.2361328125 0.328125 0.244921875 0.33265625 0.2548828125 0.33734375 0.2623046875 0.34234375 0.2615234375 0.33484375 0.2474609375