1 0.375 0.3503421875 0.3759796875 0.38036875000000003 0.38231875 0.3815875 0.380859375 0.3479 0.3896484375 0.34423906249999997 0.3984375 0.325928125 0.397628125 0.30151875 0.3731296875 0.298521875 0.35462812499999996 0.3049453125 0.357421875 0.325928125 0.36328125 0.3430171875 0.3665984375 0.3477203125 0.375 0.3503421875
1 0.3242921875 0.11704218749999999 0.3300015625 0.1166859375 0.3411359375 0.10169999999999998 0.33799531250000003 0.095275 0.3080203125 0.095275 0.30316875 0.08956562500000001 0.2958984375 0.0903328125 0.25949062500000003 0.09349062500000001 0.25920624999999997 0.10134218749999999 0.2685546875 0.107421875 0.291015625 0.10864218750000001 0.291178125 0.15665 0.27319375 0.15986406250000001 0.275390625 0.16723593750000001 0.2897515625 0.1709234375 0.286040625 0.2697671875 0.29431875 0.27298125 0.298828125 0.18188437500000001 0.3068796875 0.176634375 0.3175 0.168359375 0.33703125 0.16640625 0.3375 0.1533203125 0.30659375 0.1541515625 0.30859375 0.14526406249999999 0.3091625 0.11133124999999999 0.3173828125 0.10498125 0.3242921875 0.11704218749999999
0 0.1181640625 0 0.10546875 0.0012203125 0.1806640625 0.0927734375 0.1923828125 0.10498125 0.197265625 0.10375937500000001 0.19921875 0.0988765625 0.1920890625 0.0892140625 0.1181640625 0
1 0.666015625 0.4187015625 0.666015625 0.29663125 0.664578125 0.2763578125 0.6552734375 0.27587968749999997 0.655596875 0.4203140625 0.666015625 0.4187015625
0 0.8302921874999999 0 0.7956640625 0.0416578125 0.7998296875 0.050118750000000004 0.84069375 0.0024609375 0.8302921874999999 0
0 0.8120671875 0 0.7914984375 0.026360937499999997 0.79670625 0.0325453125 0.819878125 0.0022781249999999998 0.8120671875 0
0 0.13666562499999999 0 0.14705 0.014603125 0.183765625 0.06536562500000001 0.2075015625 0.0934125 0.2088 0.0934125 0.21343593749999998 0.0908640625 0.18895781250000002 0.0593390625 0.1451953125 0 0.13666562499999999 0
0 0.1885875 0 0.1976734375 0.012748437500000001 0.22623125000000002 0.053774999999999996 0.24848281249999998 0.08530156250000001 0.2521921875 0.0818234375 0.2334625 0.052617187499999996 0.1965609375 0 0.1885875 0
0 0.21788593750000002 0 0.2091703125 0.00046249999999999997 0.2503375 0.06536562500000001 0.26999375 0.0924859375 0.275 0.0899359375 0.256828125 0.062353124999999995 0.21788593750000002 0
0 0.24109375000000002 0 0.25886718750000004 0.033842187499999996 0.278153125 0.070234375 0.29131874999999996 0.0910953125 0.2928015625 0.0910953125 0.296140625 0.088778125 0.27889375 0.0595703125 0.25237656249999996 0.0090390625 0.24755625 0 0.24109375000000002 0
0 0.28625 0 0.29375 0.0177734375 0.315625 0.069921875 0.3284375 0.0943359375 0.33484375 0.0947265625 0.32953125 0.08359375 0.30984375000000003 0.042578125 0.2921875 0 0.28625 0
0 0.28823750000000004 0.208290625 0.27180468750000003 0.186928125 0.2670390625 0.1902140625 0.28758125 0.2163015625 0.28823750000000004 0.208290625
0 0.32225468749999997 0.1511859375 0.3102578125 0.139271875 0.30894374999999996 0.1446109375 0.31798125 0.1540609375 0.32225468749999997 0.1511859375
0 0.3128875 0.1304375 0.3284984375 0.15365 0.3331 0.1501578125 0.31732499999999997 0.1265359375 0.3128875 0.1304375
0 0.3754 0.1692546875 0.313146875 0.1687296875 0.3114703125 0.1750203125 0.3370421875 0.176328125 0.36827343749999997 0.176328125 0.40222968750000004 0.1742328125 0.432621875 0.1705640625 0.470559375 0.164015625 0.5091265625 0.153796875 0.504515625 0.14960625 0.4776859375 0.15484375 0.4315734375 0.1637515625 0.3754 0.1692546875
0 0.3707890625 0.2903 0.40725937500000003 0.284275 0.44792343749999997 0.2735328125 0.4667875 0.26803125 0.46573906249999997 0.263053125 0.438490625 0.2696015625 0.387346875 0.282440625 0.3397671875 0.28768125 0.3399765625 0.29370625 0.3707890625 0.2903
0 0.36387187499999996 0.284275 0.35779375 0.269865625 0.34354062500000004 0.22820468749999998 0.3292875 0.17528125 0.32362812500000004 0.1758046875 0.3395578125 0.23397031250000003 0.3487796875 0.26095625 0.35863125 0.285846875 0.36387187499999996 0.284275
0 0.3770765625 0.2829640625 0.3831546875 0.281915625 0.3624046875 0.2287296875 0.34333125 0.176328125 0.3370421875 0.1765921875 0.3473125 0.203578125 0.3770765625 0.2829640625
0 0.43247187499999995 0.3223453125 0.39771718749999996 0.32377968749999997 0.3959125 0.3301328125 0.4200125 0.3313609375 0.48394843749999994 0.3313609375 0.48394843749999994 0.326853125 0.4328 0.32746875000000003 0.4583734375 0.3198859375 0.4757515625 0.31496875 0.48870312499999996 0.31025625 0.486571875 0.306565625 0.45263593750000003 0.31558125000000004 0.43247187499999995 0.3223453125
0 0.390175 0.3455015625 0.4152578125 0.3479609375 0.4529640625 0.348371875 0.47837500000000005 0.3467296875 0.5016546875000001 0.3422234375 0.5011625000000001 0.3377140625 0.4811609375 0.3412 0.45886562499999994 0.343453125 0.43296406249999997 0.3438625 0.3916515625 0.34099375 0.390175 0.3455015625
0 0.38296874999999997 0.3623046875 0.38200625 0.366109375 0.383565625 0.366425 0.4033921875 0.372446875 0.415621875 0.37545937500000004 0.43859843749999994 0.377775 0.46379843750000005 0.37800625 0.49056249999999996 0.3762 0.4903109375 0.371975 0.46189843750000004 0.374140625 0.44109375 0.3736328125 0.4212109375 0.371875 0.38296874999999997 0.3623046875