1 0.2392578125 0.1684578125 0.24609375 0.18920937499999999 0.248046875 0.4870609375 0.2502078125 0.5349625 0.2578125 0.533446875 0.255859375 0.19653281250000001 0.26894687500000003 0.2014078125 0.2729546875 0.1888828125 0.2578125 0.17211875000000001 0.25599531249999996 0.164915625 0.289025 0.1629671875 0.2888625 0.14755625 0.2143328125 0.1469765625 0.2147953125 0.166071875 0.2392578125 0.1684578125
1 0.35205156249999997 0.4805703125 0.3529765625 0.36310312499999997 0.3555234375 0.3547125 0.35367187499999997 0.3503734375 0.34748437499999996 0.3500859375 0.3435828125 0.3500859375 0.341403125 0.354134375 0.3460328125 0.3628140625 0.3455703125 0.41720625 0.3455703125 0.4805703125 0.35205156249999997 0.4805703125
1 0.3641765625 0.4115953125 0.37414843750000004 0.41240781249999997 0.374503125 0.4279125 0.36328125 0.4296875 0.36273774531249997 0.4361724234375 0.373909015625 0.4366652734375 0.3738078125 0.528309375 0.37939687499999997 0.5280375 0.38064463593750003 0.4361724234375 0.3905016390625 0.4351867234375 0.38953125 0.429296875 0.3809828125 0.42849062499999996 0.38 0.4115953125 0.39105625 0.4096984375 0.392578125 0.3991703125 0.392325 0.3929046875 0.36312500000000003 0.39296875 0.3641765625 0.4115953125
1 0.3934828125 0.3671546875 0.3939453125 0.5144203125 0.39926875 0.5138421875 0.3990375 0.38075156250000003 0.40227812500000004 0.3735203125 0.40158281249999994 0.3671546875 0.3934828125 0.3671546875
0 0.08765625 0 0.1384375 0.062109375 0.1756234375 0.1020484375 0.1785859375 0.10534218749999999 0.19389375 0.120359375 0.21875 0.14140625 0.23312499999999997 0.1533203125 0.2365625 0.151953125 0.23937499999999998 0.15 0.18375 0.100390625 0.14640625000000002 0.06015625 0.093584375 0 0.08765625 0
0 0.16851093749999999 0 0.1977921875 0.0466484375 0.20181093749999998 0.052390625 0.2310921875 0.09365625 0.25234375 0.1216796875 0.27828125 0.14921875 0.2842 0.146765625 0.25765625000000003 0.1162109375 0.239471875 0.0924390625 0.226840625 0.0760296875 0.20675625000000003 0.047015625 0.1759734375 0 0.1708984375 0 0.16851093749999999 0
0 0.13546875 0 0.139803125 0.0071765625 0.16104687499999998 0.037678125 0.19328125000000002 0.0802734375 0.2081265625 0.098321875 0.2265625 0.1201171875 0.24734375000000003 0.1412109375 0.25625 0.149609375 0.2623828125 0.146765625 0.22953125000000002 0.112109375 0.21578124999999998 0.095703125 0.185734375 0.05813125 0.1416015625 0 0.13546875 0
0 0.19 0.126171875 0.1423875 0.0846859375 0.0614328125 0 0.053635937499999994 0.0002765625 0.10128124999999999 0.0526015625 0.13874999999999998 0.0916015625 0.18921875 0.134765625 0.2146875 0.1541015625 0.21960937500000002 0.14891875000000002 0.19 0.126171875
0 0 0.11719062499999999 0.039375 0.14765625 0.0731140625 0.170709375 0.0908984375 0.1830578125 0.09353281249999999 0.176196875 0.036875000000000005 0.136328125 0 0.10859375 0 0.11719062499999999
0 0 0.1347671875 0.08375 0.1923828125 0.08828125 0.190234375 0.08870312500000001 0.188821875 0.088125 0.18671875 0.025468750000000002 0.1443359375 0 0.1257828125 0 0.1347671875
0 0 0.23795625 0.0889390625 0.28364687499999997 0.13371249999999998 0.3045859375 0.16765625 0.3158203125 0.18265625000000002 0.3212890625 0.2479328125 0.332378125 0.24701875 0.325525 0.197371875 0.31715 0.1318359375 0.29541093749999997 0 0.22805468750000002 0 0.23795625
0 0 0.279940625 0.1171875 0.3308109375 0.1201171875 0.322265625 0 0.2707125 0 0.279940625
0 0.3524625 0.348259375 0.356875 0.3462890625 0.34187500000000004 0.3115234375 0.32734375 0.2728515625 0.318125 0.2486328125 0.315 0.23984375 0.2890625 0.1583984375 0.28546875 0.1650390625 0.30484374999999997 0.2296875 0.32042031249999997 0.27415 0.3465984375 0.3375796875 0.3524625 0.348259375
0 0 0.0922140625 0.004390625 0.09688125 0.039392187499999995 0.1263 0.092875 0.16823749999999998 0.095703125 0.16479531249999999 0.0963875 0.16137656250000001 0 0.086328125 0 0.0922140625
0 0.2695578125 0.3715953125 0.28671875 0.4009765625 0.3055 0.42679999999999996 0.3216421875 0.4401265625 0.3365671875 0.4492640625 0.33890625 0.443359375 0.32255625 0.43289218749999997 0.31171875 0.4236328125 0.3000171875 0.40966874999999997 0.26894999999999997 0.35826875 0.2640765625 0.347990625 0.25889843749999997 0.34075625 0.256765625 0.3457046875 0.2695578125 0.3715953125
0 0.32925781249999997 0.42794375 0.3125046875 0.41347500000000004 0.30421875 0.4041015625 0.285396875 0.373878125 0.268340625 0.3445625 0.2646875 0.3318359375 0.25671875 0.328125 0.2575 0.3365234375 0.259203125 0.340375 0.27443125 0.3677875 0.2987984375 0.4062421875 0.3122 0.4218515625 0.3268203125 0.4332734375 0.3383953125 0.4370796875 0.3417453125 0.43289218749999997 0.32925781249999997 0.42794375
0 0.24716718750000002 0.20884375 0.23826874999999997 0.18982656250000002 0.2302296875 0.1661421875 0.223628125 0.1661421875 0.2339625 0.1962859375 0.24515781250000002 0.2206859375 0.24659375 0.22319687500000002 0.24716718750000002 0.20884375
0 0.227490625 0.17906093750000002 0.17421875 0.177734375 0.174375 0.183203125 0.228125 0.1849609375 0.227490625 0.17906093750000002
0 0.2244890625 0.170446875 0.1742515625 0.1693703125 0.17453125 0.175390625 0.22609374999999998 0.1765625 0.2244890625 0.170446875
0 0.1406703125 0.21886250000000002 0.14010625000000002 0.22559374999999998 0.158390625 0.23360781249999998 0.1925859375 0.2478546875 0.2334296875 0.2552765625 0.241740625 0.2564640625 0.24703124999999998 0.2568359375 0.24625 0.2505859375 0.20754687500000002 0.2434046875 0.1928125 0.2396484375 0.1678890625 0.228859375 0.1406703125 0.21886250000000002
0 0.246015625 0.2451859375 0.22559374999999998 0.24251406250000002 0.1930609375 0.2324203125 0.17050156249999998 0.222625 0.17097656249999998 0.228265625 0.197809375 0.2398421875 0.22844375 0.246965625 0.24672812500000002 0.249934375 0.246015625 0.2451859375
0 0.23865468750000002 0.23717031249999998 0.23078125 0.2345703125 0.2096828125 0.22767187500000002 0.17477499999999999 0.2113453125 0.1724015625 0.218765625 0.200659375 0.23034374999999999 0.22796875 0.24043593749999997 0.245303125 0.24429531249999997 0.24671875000000001 0.2392578125 0.23865468750000002 0.23717031249999998
0 0.27234375 0.167578125 0.2672171875 0.1696125 0.27359374999999997 0.1888671875 0.2912 0.240646875 0.3052453125 0.27656875 0.31203125 0.2751953125 0.30640625 0.2611328125 0.29014531250000003 0.2154546875 0.276875 0.180078125 0.27234375 0.167578125
0 0.25561875 0.2039984375 0.28464375 0.272103125 0.3065390625 0.3169765625 0.31163124999999997 0.316659375 0.300428125 0.29342812500000004 0.2838796875 0.25491874999999997 0.26703125 0.217578125 0.258928125 0.1973140625 0.25561875 0.2039984375