1 0.083984375 0.14282187500000001 0.0869140625 0 0.076171875 0.0012203125 0.07421875 0.0183109375 0.052734375 0.36743125 0.044921875 0.5749515625 0.056640625 0.5749515625 0.07421875 0.21606406250000001 0.083984375 0.14282187500000001
1 0.484375 0.14282187500000001 0.49000000000000005 0.153515625 0.4921875 0.1515625 0.4990234375 0.1489265625 0.5146484375 0.153809375 0.517578125 0.17700156250000001 0.5268171875000001 0.1801328125 0.5302734375 0.1513671875 0.568359375 0.14770468750000001 0.5654296875 0.1391609375 0.529296875 0.13549843749999999 0.537109375 0.0769046875 0.5263671875 0.0708015625 0.51953125 0.084228125 0.517578125 0.13549843749999999 0.4873046875 0.13671875 0.484375 0.14282187500000001
1 0.465275 0.32805625 0.4609375 0.325928125 0.4580078125 0.3076171875 0.453125 0.3112796875 0.453125 0.325928125 0.4482421875 0.32959062499999997 0.43649531250000007 0.3237734375 0.435809375 0.3344796875 0.443359375 0.3405765625 0.439453125 0.345459375 0.439453125 0.357665625 0.44140625 0.3601078125 0.44140625 0.40649375 0.451171875 0.40649375 0.4580078125 0.4052734375 0.4609375 0.4016109375 0.4609375 0.396728125 0.466796875 0.3869625 0.466796875 0.3820796875 0.47265625 0.3698734375 0.47265625 0.355225 0.474609375 0.3527828125 0.47452500000000003 0.32805625 0.465275 0.32805625
0 0 0.0496046875 0.0378296875 0.0802015625 0.05724375 0.0946640625 0.06927187500000001 0.098840625 0.06972500000000001 0.09040000000000001 0.047471875000000004 0.0774203125 0 0.038701562499999995 0 0.0496046875
0 0 0.0281203125 0.042765625 0.0632015625 0.0703859375 0.08631093749999999 0.0703859375 0.07434062500000001 0.051675000000000006 0.06153125 0 0.015312500000000001 0 0.0281203125
0 0 0.015312500000000001 0.074171875 0.028678125 0.07394843749999999 0.023109374999999998 0 0.008909375 0 0.015312500000000001
0 0 0.0077953125 0.07394843749999999 0.021996875 0.07484062500000001 0.020046875 0.07550781250000001 0.015592187499999998 0 0.0013921875 0 0.0077953125
0 0.0882046875 0.003075 0.1093640625 0.060429687499999996 0.14210781249999999 0.1336546875 0.15480312499999999 0.1628890625 0.160371875 0.1634328125 0.13386562500000002 0.099396875 0.0924359375 0.00056875 0.0882046875 0.003075
0 0.10958749999999999 0.1478421875 0.12696093749999998 0.18041875000000002 0.13074687499999998 0.1756859375 0.104909375 0.12668125 0.08553125 0.0904890625 0.0833046875 0.09911875 0.10958749999999999 0.1478421875
0 0.1287421875 0.18877187499999998 0.08864999999999999 0.11331875 0.08642187500000001 0.12250625 0.124065625 0.1932265625 0.1287421875 0.18877187499999998
0 0.3815234375 0.05323750000000001 0.4595828125 0.06828125 0.5018671875 0.0764140625 0.5220328125 0.0796875 0.521875 0.0740234375 0.3823359375 0.04786875 0.20621874999999998 0.0163828125 0.12625 0.0001953125 0.11816093750000001 0.0023046875000000003 0.1459375 0.01015625 0.23217500000000002 0.027421875000000002 0.285246875 0.0365703125 0.3815234375 0.05323750000000001
0 1 0.112915625 0.8303625 0.10009375000000001 0.6040375 0.0811046875 0.53734375 0.0767578125 0.5369015625 0.0806328125 0.679271875 0.0920359375 0.8555953125 0.10781875 1 0.1190828125 1 0.112915625
0 0.5352859375000001 0.0917421875 0.56736875 0.0961375 0.534846875 0.0944875 0.533528125 0.09998281249999999 0.6357078125 0.10684687500000001 0.642959375 0.10657343749999999 0.6427390625 0.10217968749999999 0.53671875 0.084765625 0.5352859375000001 0.0917421875
0 0.9405734375 0.1371875 1 0.141240625 0.9999437500000001 0.1326421875 0.9407734375000001 0.12855624999999998 0.7933296875 0.11650156250000002 0.65549375 0.10386875 0.6549328125 0.11018593750000001 0.7849078125 0.12351875000000001 0.9405734375 0.1371875
0 0.9368828125 0.343265625 0.9368828125 0.3373046875 0.8678781250000001 0.320125 0.7913015624999999 0.29978906250000004 0.7910203124999999 0.307853125 0.896209375 0.3330984375 0.9368828125 0.343265625
0 0.5066203125000001 0.088646875 0.3388 0.06618125 0.17121718749999998 0.0397703125 0.1051578125 0.0282328125 0.10710468749999999 0.034609375 0.2899828125 0.06405625000000001 0.5066203125000001 0.0953265625 0.5066203125000001 0.088646875
0 0.5067984375 0.08227187500000001 0.34504843749999997 0.0604140625 0.20539843750000003 0.0382515625 0.1026703125 0.022162499999999998 0.104671875 0.0285375 0.3596828125 0.06830625 0.5063125 0.0880390625 0.5067984375 0.08227187500000001
0 0.51296875 0.0783203125 0.50828125 0.078125 0.50671875 0.0974609375 0.5046875 0.1060546875 0.5014062499999999 0.120703125 0.5003124999999999 0.1240234375 0.5003124999999999 0.1353515625 0.504375 0.1357421875 0.5053124999999999 0.1236328125 0.51078125 0.1013671875 0.5118750000000001 0.0951171875 0.51296875 0.0783203125
0 0.480625 0.1650390625 0.47750000000000004 0.169140625 0.47609375 0.1767578125 0.47531249999999997 0.1810546875 0.47296875 0.1859375 0.46515625 0.2021484375 0.46953125 0.2056640625 0.47796874999999994 0.185546875 0.479375 0.1828125 0.480625 0.1806640625 0.4815625 0.1728515625 0.48562500000000003 0.165234375 0.48734374999999996 0.159765625 0.4871875 0.1564453125 0.48359375 0.155078125 0.4815625 0.1611328125 0.480625 0.1650390625
0 0.4556703125 0.2761546875 0.4604203125 0.2762765625 0.46399375000000004 0.23990781249999998 0.468021875 0.21925781249999998 0.46373749999999997 0.21725781249999998 0.45965468749999994 0.23639843749999997 0.4556703125 0.2761546875
0 0.315228125 0.28393437499999996 0.32454218749999997 0.28475 0.42229218749999997 0.2866609375 0.4629546875 0.28352499999999997 0.475915625 0.28235156250000004 0.483403125 0.281940625 0.48305468749999997 0.27515 0.45406250000000004 0.2771484375 0.4253796875 0.2784625 0.38132968749999996 0.2792890625 0.31401406249999997 0.27570937500000003 0.261028125 0.26899375000000003 0.19985625 0.254928125 0.1739734375 0.24999218750000002 0.1632765625 0.24706250000000002 0.1384125 0.23899374999999998 0.1047484375 0.227965625 0.09452812499999999 0.221103125 0.0769828125 0.2023046875 0.07424531250000001 0.21050624999999998 0.09034687500000001 0.2278375 0.106878125 0.236015625 0.113653125 0.239059375 0.13662968749999999 0.2461296875 0.172196875 0.2583109375 0.1997078125 0.263621875 0.276421875 0.2781578125 0.315228125 0.28393437499999996
0 0.18617187500000001 0.271809375 0.22572343749999998 0.2819265625 0.257759375 0.28975 0.3104015625 0.297175 0.377671875 0.302665625 0.43695625 0.302915625 0.4916515625 0.299671875 0.4921109375 0.2936546875 0.45678906250000006 0.29549375 0.40159374999999997 0.2965796875 0.31200937500000003 0.29043593749999996 0.2474328125 0.28054687500000003 0.19592343750000002 0.2674390625 0.152690625 0.2554796875 0.15 0.2607421875 0.18617187500000001 0.271809375
0 0.48245468750000003 0.29956875 0.47726562499999997 0.3204046875 0.474278125 0.33613125 0.4745921875 0.343009375 0.47600781249999996 0.3432078125 0.4827703125 0.3184390625 0.48732968750000005 0.29956875 0.48245468750000003 0.29956875
0 0.3789609375 0.339646875 0.3828078125 0.3436546875 0.4187171875 0.323415625 0.4499765625 0.30317500000000003 0.4398765625 0.3025765625 0.4268921875 0.3115921875 0.3789609375 0.339646875
0 0.43138125 0.3242171875 0.398678125 0.3520703125 0.40012187499999996 0.3576796875 0.4300984375 0.3322328125 0.453021875 0.310790625 0.45093750000000005 0.3051796875 0.43138125 0.3242171875
0 0.398696875 0.41062343749999997 0.38515625 0.4064453125 0.3846078125 0.41062343749999997 0.393125 0.4134765625 0.40046875000000004 0.415625 0.406875 0.4171875 0.4078421875 0.41278750000000003 0.398696875 0.41062343749999997
0 0.4040859375 0.3767875 0.3869390625 0.378759375 0.3869390625 0.3838375 0.4040859375 0.38214375 0.4040859375 0.3767875
0 0.36390625 0.4001953125 0.3776828125 0.40827187499999995 0.3789328125 0.4033203125 0.3658015625 0.39602499999999996 0.36390625 0.4001953125
0 0.379975 0.3811734375 0.36496875 0.3843 0.36538593750000004 0.38925156250000004 0.3810171875 0.386384375 0.379975 0.3811734375
0 0.0880234375 0.2341984375 0.09615312499999999 0.244140625 0.09921875 0.2380859375 0.0919125 0.2295578125 0.07609375 0.2181640625 0.07388281249999999 0.22381406250000002 0.07405937500000001 0.224034375 0.08006875 0.2282328125 0.0880234375 0.2341984375