1 0.7297484375 0 0.73333125 0.0652171875 0.7464953125 0.20087656250000002 0.7515625 0.4189453125 0.7546906250000001 0.452084375 0.7753578125 0.4498578125 0.7765625 0.4326171875 0.775 0.3388671875 0.7693 0.27303125 0.7609375 0.1474609375 0.753303309375 0.0839221625 0.7472078125 0.0124703125 0.74609375 0 0.7297484375 0
1 0.3104765625 0.13221875 0.344352721875 0.13355330468749999 0.342628125 0.19000625 0.340608609375 0.1898672140625 0.311809375 0.1909578125 0.3112390625 0.2078421875 0.342711875 0.2082678546875 0.3431649296875 0.2168846109375 0.3421875 0.4560546875 0.3484375 0.4560546875 0.35476057499999997 0.20858135312499998 0.3878100703125 0.20785115625 0.38762748281250003 0.2063907484375 0.38762748281250003 0.196715596875 0.35476057499999997 0.19781090625 0.3543953875 0.13282310625 0.3901838015625 0.1313627046875 0.3903663890625 0.11438555624999999 0.344721875 0.11462187500000001 0.3112390625 0.1153359375 0.3104765625 0.13221875
1 0.43212529843749997 0.2595961703125 0.45058500468749996 0.25854586875 0.4497359375 0.24874374999999999 0.40390625 0.248046875 0.4033101453125 0.2586959109375 0.423720875 0.2589959953125 0.423221875 0.36825625 0.4215984375 0.436965625 0.42945 0.43425624999999995 0.43212529843749997 0.2595961703125
0 0.0298328125 0.0541 0.057776562499999996 0.0309875 0.054625 0.028100000000000003 0.0340359375 0.0433328125 0.0163875 0.0562015625 0 0.06801718749999999 0.0004734375 0.0732625 0.0099265625 0.0676484375 0.0298328125 0.0541
0 0.0914553515625 0 0.0777625 0.009653125 0.06070156249999999 0.0231234375 0.06285625 0.027385937500000002 0.08045624999999999 0.015040624999999998 0.10110937499999999 0.000225 0.09410625 0 0.0914553515625 0
0 0.937400578125 0.06525080625 0.9378015625 0.058954687500000005 0.8731781249999999 0.047228124999999996 0.74784375 0.024103125 0.747321875 0.0289875 0.8082968749999999 0.041040625 0.9093984374999999 0.059931250000000005 0.937400578125 0.06525080625
0 0.8145890625 0.1241078125 0.755053125 0.1079046875 0.755871875 0.1140515625 0.8200687500000001 0.1328296875 0.8692390624999999 0.14478125 0.8703218749999999 0.13887031249999998 0.8145890625 0.1241078125
0 0.8675453125000001 0.16176875 0.8679671875 0.1562359375 0.8318015624999999 0.15028125 0.7581546875 0.126728125 0.7577765624999999 0.13190625 0.7953812499999999 0.1450171875 0.833653125 0.1570703125 0.8675453125000001 0.16176875
0 0.6471843749999999 0.004853125 0.6214625 0 0.6076312500000001 0.0015171874999999999 0.6505828124999999 0.010312499999999999 0.700571875 0.0206265625 0.7298869328125 0.026613970312500002 0.7312948890625 0.020631575 0.6471843749999999 0.004853125
0 0.58799375 0.0634984375 0.6260687500000001 0.0748984375 0.6805640625 0.09154218750000001 0.7269203125 0.1060296875 0.73756875 0.10880937500000001 0.7368296875 0.1029515625 0.6677859374999999 0.08199218750000001 0.5500203124999999 0.0453125 0.4730875 0.019421874999999998 0.418346875 0.0003125 0.4157636375 0.000591628125 0.4113806859375 0.0038819874999999997 0.49010156250000003 0.031751562500000004 0.58799375 0.0634984375
0 0.36501875 0 0.43583906250000004 0.0268171875 0.5110453125000001 0.05363125 0.6120140625 0.0875375 0.6697140625 0.1063375 0.73903125 0.1279765625 0.738778125 0.12093281250000001 0.7090234375 0.112040625 0.57676875 0.070275 0.4941640625 0.04099375 0.4024984375 0.008321875 0.3795671875 0 0.36501875 0
0 0.0107953125 0.2053765625 0.033592187499999995 0.1938515625 0.110375 0.154703125 0.1425418421875 0.1367830046875 0.13903011406250002 0.13295295000000001 0.1013875 0.151875 0.058725000000000006 0.1702921875 0.0082046875 0.19215312499999998 0.0088515625 0.1983609375 0.0401578125 0.1829765625 0.0421015625 0.184596875 0.009715625 0.20024999999999998 0.0107953125 0.2053765625
0 0.0028125 0.00078125 0.0240625 0.02109375 0.041249999999999995 0.0373046875 0.045 0.0345703125 0.0104802015625 0 0.0028125 0.00078125
0 0.3333234375 0.30632031249999997 0.32061562499999996 0.29494375 0.2716734375 0.25179687500000003 0.2368125 0.218859375 0.184640625 0.17025625 0.141365625 0.1283984375 0.0915359375 0.0809703125 0.048603125000000004 0.0382546875 0.046015625 0.0418515625 0.0734265625 0.07013749999999999 0.10635625 0.10325 0.13546875 0.1287109375 0.1409421875 0.133375 0.17026406249999998 0.16409218750000001 0.22517187500000002 0.2155546875 0.271315625 0.256609375 0.3182125 0.2983765625 0.3309203125 0.30996875 0.3333234375 0.30632031249999997
0 0.0295893375 0 0.045625 0.0169921875 0.06828125 0.042578125 0.11328125 0.09140625 0.14182187500000001 0.12242656249999999 0.176509375 0.157778125 0.2386359375 0.21718593749999998 0.2744671875 0.2500859375 0.31348125 0.2854546875 0.337075 0.3065484375 0.33895 0.302446875 0.29410625 0.2612359375 0.26723125 0.23612187499999998 0.210915625 0.1828453125 0.147946875 0.1207359375 0.1142109375 0.084146875 0.0628046875 0.028092187499999997 0.037673971875000004 0 0.0295893375 0
0 0.06780858437500001 0.10667707343749999 0.0710713921875 0.10280343125 0.0200900859375 0.0603972 0.0159451765625 0.06461142343750001 0.045784662500000003 0.088735975 0.06780858437500001 0.10667707343749999