1 0.59805 0.31225625 0.5915921875000001 0.317375 0.591425 0.31995 0.5950484375 0.3278765625 0.60625 0.3388671875 0.6092328124999999 0.49063125 0.6163203125 0.49004062499999995 0.6125406250000001 0.339425 0.616478125 0.328990625 0.615625 0.3173828125 0.61521875 0.31284531250000003 0.61128125 0.30044375 0.6086031249999999 0.2504359375 0.60390625 0.25 0.600259375 0.250296875 0.6021453125 0.30260937499999996 0.59805 0.31225625
1 0.394778125 0.42005468749999997 0.39590468749999996 0.37196562499999997 0.40836875 0.3697375 0.4078125 0.3525390625 0.407778125 0.3481390625 0.376003125 0.3484390625 0.37493125 0.360834375 0.3747984375 0.369503125 0.3881875 0.3722109375 0.3897234375 0.41885000000000006 0.394778125 0.42005468749999997
1 0.41234374999999995 0.3890625 0.42024062500000003 0.38779375 0.4203125 0.3837890625 0.4206359375 0.3813609375 0.3999625 0.38171875 0.400390625 0.38813906249999997 0.40671875 0.3888671875 0.4078125 0.4228515625 0.4125 0.4228515625 0.41234374999999995 0.3890625
1 0.5418046875 0.3623984375 0.5429515625 0.483321875 0.5477078125 0.4821890625 0.5473328125 0.3614765625 0.5418046875 0.3623984375
1 0.593690625 0.40489218749999994 0.593690625 0.48785156250000006 0.6000984375 0.48767812499999996 0.59980625 0.404609375 0.593690625 0.40489218749999994
0 0.7424921875 0.1202890625 0.7409625 0.1176578125 0.7380921875 0.1178984375 0.6096609374999999 0.25010937499999997 0.610903125 0.25729531250000004 0.6680703125 0.20088124999999998 0.7398140625 0.12435624999999999 0.7424921875 0.1202890625
1 0.736328125 0.17700156250000001 0.7314453125 0.173340625 0.728790625 0.1750140625 0.7265625 0.19165000000000001 0.7175828125 0.2790109375 0.723903125 0.2790109375 0.7303124999999999 0.259765625 0.73046875 0.37475625 0.7372 0.3762828125 0.736328125 0.17700156250000001
0 0.6114421875 0.27621093750000003 0.611825 0.2819484375 0.632678125 0.266165625 0.677828125 0.2243171875 0.70210625 0.2008828125 0.74134375 0.1607046875 0.7753984375 0.125071875 0.7688937499999999 0.12435624999999999 0.738665625 0.1547265625 0.6896890625000001 0.20351249999999999 0.6399484375 0.2511 0.6114421875 0.27621093750000003
0 0.7597578125 0.18199375 0.7349859375000001 0.2047796875 0.736621875 0.2135421875 0.7632640625 0.1872515625 0.7597578125 0.18199375
0 0.7843390625 0.1820859375 0.7665859375 0.197165625 0.735403125 0.2284625 0.7356296875 0.236428125 0.7374515625 0.2378515625 0.7479218750000001 0.22419375000000002 0.7668125 0.20513281249999998 0.7677234375 0.20626875 0.7620328125 0.2150890625 0.7563421875 0.224478125 0.75429375 0.23102343749999998 0.7529281250000001 0.2369984375 0.7358578125 0.2486625 0.7368750000000001 0.2587890625 0.7371546875 0.2605875 0.740959375 0.25758437500000003 0.7749484375 0.228440625 0.7955140625 0.21062187500000001 0.792709375 0.20565625 0.7631249999999999 0.2302734375 0.7625625 0.2272734375 0.7658343750000001 0.2170484375 0.773546875 0.2053640625 0.7779859375 0.19864375 0.7879796875 0.18493125 0.7843390625 0.1820859375
0 0.8405171875 0.1117171875 0.8683046875 0.08268125 0.8658296875 0.086853125 0.8136531250000001 0.14594218750000001 0.8183031250000001 0.15239843749999998 0.8872687499999999 0.0700640625 0.9456453125 0.0012906249999999999 0.9399625 0 0.92808125 0.01420625 0.9208484374999999 0.015176562499999999 0.9022500000000001 0.038745312500000004 0.84955625 0.09331249999999999 0.8056453125 0.1414203125 0.8108109375 0.1427125 0.8405171875 0.1117171875
0 0.9965328124999999 0.0003453125 0.9895828124999999 0 0.9606468749999999 0.028640624999999996 0.8885984375 0.10696874999999999 0.828971875 0.170115625 0.8300750000000001 0.1763265625 0.903228125 0.1117984375 0.9581625 0.0607296875 1 0.0210484375 0.9984640625000001 0.0151828125 0.9849390625 0.02760625 0.9242078125000001 0.0852296875 0.8914375 0.1154296875 0.8977078125 0.10696874999999999 0.952365625 0.0486546875 0.9965328124999999 0.0003453125
0 0.7367703125 0.2640484375 0.737625 0.27774375 0.764159375 0.250140625 0.7805921875 0.23173906249999998 0.780934375 0.22596093750000001 0.7735734375 0.23195312499999998 0.7367703125 0.2640484375
0 0.7097828125000001 0.22867031249999997 0.6725796875000001 0.259521875 0.6366453125 0.2865171875 0.6199484375 0.29695312500000004 0.6101484375 0.30103749999999996 0.6101484375 0.30738906250000003 0.6121453125 0.30670625 0.62085625 0.3055734375 0.6248484375000001 0.3033046875 0.6270265625 0.299675 0.6491671875 0.2842484375 0.6872796875 0.25475781249999996 0.715771875 0.230484375 0.725209375 0.22163593750000002 0.7235765625 0.216646875 0.7195828125 0.2186875 0.7097828125000001 0.22867031249999997
0 0.7175 0.29453125 0.7290625000000001 0.283203125 0.7259375 0.28046875 0.718125 0.28671875 0.684375 0.3111328125 0.6704015625 0.31873125 0.6491671875 0.324403125 0.6448125 0.3239484375 0.652796875 0.32258749999999997 0.671490625 0.3171421875 0.678125 0.3138671875 0.694175 0.3037578125 0.7045203124999999 0.29581875 0.7171875 0.2865234375 0.7243015625 0.279484375 0.7183125 0.2781234375 0.684375 0.3028515625 0.6676796875 0.31260468750000003 0.6393671875 0.3221328125 0.647171875 0.3191859375 0.67796875 0.3033203125 0.7085125 0.284021875 0.71740625 0.27608125 0.7188578125 0.267915625 0.6758453125 0.2971796875 0.64328125 0.31328125 0.637371875 0.316915625 0.6366453125 0.314875 0.6734859375 0.2955921875 0.6927234375 0.284703125 0.7148640625 0.26972968750000004 0.7197640625 0.265646875 0.7197640625 0.264059375 0.7195828125 0.261790625 0.7190624999999999 0.2591796875 0.7175874999999999 0.25997499999999996 0.6849203125 0.28198124999999996 0.7101468750000001 0.2613359375 0.7145015625 0.25770781249999997 0.7195828125 0.25158125 0.72109375 0.248046875 0.720309375 0.24228125 0.7090578125 0.2543046875 0.6807453125 0.27903125 0.66140625 0.2939453125 0.6315625 0.310546875 0.624375 0.313671875 0.6146859375 0.3151015625 0.61640625 0.3283203125 0.6337421875 0.32644375000000003 0.6362828125 0.32803125 0.6406375 0.329165625 0.6531609375 0.32961874999999996 0.6615078125 0.327578125 0.6802015625 0.3207734375 0.69796875 0.3091796875 0.7175 0.29453125
0 0.548125 0.3830078125 0.565140625 0.36172031250000003 0.5846875 0.3267578125 0.60078125 0.2962890625 0.59875 0.29140625 0.59609375 0.2958984375 0.58046875 0.32421875 0.56453125 0.3521484375 0.55796875 0.362890625 0.54734375 0.3765625 0.548125 0.3830078125
0 0.56515625 0.384765625 0.5734375 0.372265625 0.58 0.3603515625 0.56359375 0.392578125 0.5596875 0.39921875 0.55578125 0.4029296875 0.54765625 0.405859375 0.54734375 0.4099609375 0.556875 0.4078125 0.56921875 0.398828125 0.5775 0.390625 0.5928125 0.369921875 0.6056250000000001 0.3482421875 0.60375 0.34140625 0.59421875 0.3572265625 0.57859375 0.38359375 0.58984375 0.359765625 0.603125 0.333984375 0.599375 0.3314453125 0.57921875 0.3720703125 0.59140625 0.3423828125 0.59671875 0.33046875 0.5935937499999999 0.326171875 0.5856250000000001 0.3400390625 0.5743750000000001 0.3591796875 0.5626562500000001 0.378515625 0.5582812500000001 0.384765625 0.55359375 0.3890625 0.5506249999999999 0.3923828125 0.5470312500000001 0.3958984375 0.5482812499999999 0.4001953125 0.5543750000000001 0.3951171875 0.56515625 0.384765625