1 0.70703125 0.17211875000000001 0.7126723984375001 0.170746825 0.7117519296875 0.0306055625 0.7018568984375 0.0308356796875 0.7017484375 0.0355828125 0.6929308703125 0.0411383125 0.6898395515625 0.0694357625 0.69863791875 0.07157590625 0.69895 0.0758203125 0.69921875 0.09399375 0.701171875 0.16967812499999999 0.70703125 0.17211875000000001
1 0.7096644640625 0.458121078125 0.712890625 0.3234859375 0.70992896875 0.2713811921875 0.7021484375 0.27099687499999997 0.699613309375 0.4612951265625 0.7096644640625 0.458121078125
1 0.3285667984375 0.187775925 0.32944062500000004 0.33775625 0.3359375 0.338134375 0.3354667 0.189911609375 0.3285667984375 0.187775925
1 0.35897707031250004 0.1804879140625 0.3634890625 0.17944374999999999 0.3630179578125 0.39809786875 0.36932445937499997 0.397900790625 0.373359375 0.1514109375 0.38935820312499997 0.150706409375 0.38995782968750003 0.15630293281250002 0.3969534859375 0.15590318125 0.398290625 0.1485546875 0.3985524921875 0.1377144765625 0.3413625 0.1389453125 0.3394921875 0.142840625 0.3399078125 0.1521890625 0.3433867515625 0.1610999546875 0.3499826546875 0.1612998296875 0.3505822828125 0.1517057890625 0.35877719375 0.1515059125 0.358177565625 0.1718932515625 0.35897707031250004 0.1804879140625
1 0.40298717812499996 0.213404134375 0.4208940671875 0.211925584375 0.42046875000000006 0.198828125 0.4052734375 0.2001953125 0.37765624999999997 0.2005859375 0.3773589671875 0.211925584375 0.39453125 0.21362343749999999 0.399384375 0.4004765625 0.4049421875 0.4004765625 0.40298717812499996 0.213404134375
1 0.4251654359375 0.2442894140625 0.43703125 0.2419921875 0.43703125 0.23421875 0.41187500000000005 0.23328125000000002 0.4046875 0.2337890625 0.404958578125 0.2442894140625 0.4174441171875 0.24412513125 0.41833153593750005 0.3760671125 0.42557686562499997 0.3748595578125 0.4251654359375 0.2442894140625
0 0.832675 0.0878203125 0.8299109375 0.0943265625 1 0.15502968749999999 0.9996765625 0.1452421875 0.832675 0.0878203125
0 0.583328125 0.16466875 0.737553125 0.21125781250000003 0.7363546875 0.20426562499999998 0.665871875 0.18356406249999999 0.47486875 0.12207656250000001 0.3030625 0.060289062500000004 0.3021015625 0.0656875 0.4667109375 0.12687500000000002 0.4813484375 0.131375 0.573490625 0.1616703125 0.5761296875 0.16227031249999999 0.583328125 0.16466875
0 0.25390625 0.15014687499999999 0.26359374999999996 0.142578125 0.29281250000000003 0.1193359375 0.2925 0.113671875 0.248046875 0.14770468750000001 0.25390625 0.15014687499999999
0 0.265 0.20359375000000002 0.28703124999999996 0.2205078125 0.29296875 0.22338906249999999 0.294375 0.2177734375 0.25328125 0.1859375 0.25390625 0.194921875 0.265 0.20359375000000002
0 0.30546875 0.2265625 0.3040515625 0.2361859375 0.33015625000000004 0.25390625 0.3309375 0.246875 0.30546875 0.2265625
0 0.3573765625 0.2586703125 0.336875 0.252734375 0.33578125000000003 0.258984375 0.35109375 0.2640625 0.357421875 0.2648921875 0.3631546875 0.2653578125 0.36375 0.259765625 0.3573765625 0.2586703125
0 0.3294546875 0.27101406250000004 0.32984375 0.2640625 0.31109375 0.2509765625 0.3050390625 0.2500546875 0.3040546875 0.25836875 0.31109375 0.260546875 0.3225484375 0.2667 0.3294546875 0.27101406250000004
0 0.37878124999999996 0.2118359375 0.3760447 0.2079827828125 0.3715859375 0.21090781249999999 0.3763140625 0.2204671875 0.3933328125 0.2531359375 0.3962515578125 0.2464250984375 0.37878124999999996 0.2118359375
0 0.4148546875 0.0086796875 0.48764062499999994 0.019025 0.6709546875 0.046192187499999995 0.6944703125 0.050624999999999996 0.6931640625 0.044092187500000005 0.3999765625 0 0.3720796875 0.0014 0.4148546875 0.0086796875
0 0.31375000000000003 0.136328125 0.309946875 0.11915781249999999 0.30350156250000004 0.116946875 0.30656249999999996 0.13671875 0.30765625 0.1388671875 0.3136140625 0.1518515625 0.3228125 0.1703125 0.32578125 0.1765625 0.33109375 0.171484375 0.32375 0.15703125 0.31375000000000003 0.136328125
0 0.8310484375 0.083959375 0.9999078125 0.0980828125 1 0.09171718749999999 0.9679671875 0.08969218749999999 0.8311734375000001 0.07725 0.8310484375 0.083959375
0 0.9999859375 0.08700156249999999 1 0.079853125 0.92954375 0.073778125 0.8271453125000001 0.0664765625 0.8269828125 0.07338750000000001 0.9033890625 0.0795640625 0.9999859375 0.08700156249999999
0 0.7512953125 0.06103125 0.7123796875 0.058103125 0.7132796875 0.063734375 0.7576015625 0.0653109375 0.7512953125 0.06103125
0 0.7403046875 0.055400000000000005 0.758321875 0.0650859375 0.761384375 0.06080624999999999 0.7534578125 0.0567515625 0.753996875 0.055176562500000005 0.7658890625 0.057428125 0.7657078125 0.050220312499999996 0.734359375 0.0490953125 0.7132796875 0.045040625 0.7129203125 0.050896874999999994 0.7403046875 0.055400000000000005
1 0.3435647046875 0.0425716484375 0.34375 0.032959375 0.34390624999999997 0.0251953125 0.33875 0.0248046875 0.3076171875 0.026856249999999998 0.2917883765625 0.0287646265625 0.291558259375 0.0363584890625 0.26210328125000004 0.0370488390625 0.2603125 0.0296875 0.2510576640625 0.029454978124999996 0.2503673125 0.036818721875 0.2503673125 0.0478643390625 0.29270884375 0.046943871875 0.29296875 0.0573734375 0.294921875 0.36743125 0.2970642578125 0.42932608125 0.30609165156249996 0.4274366265625 0.3058817125 0.415889959375 0.304375 0.1986328125 0.33125 0.1791015625 0.34004218750000004 0.1760140625 0.3490625 0.1724609375 0.34560625 0.1679890625 0.3369140625 0.1684578125 0.3204010265625 0.1754910171875 0.305010584375 0.18988207968749998 0.3046875 0.05546875 0.303064109375 0.04487281875 0.3435647046875 0.0425716484375
0 0.29328125 0.0572265625 0.27 0.04765625 0.26171875 0.05 0.2925 0.062109375 0.29328125 0.0572265625
0 0.25046875 0.0404296875 0.2129359375 0.0240796875 0.207821875 0.027915625 0.24993125 0.0464578125 0.25046875 0.0404296875
0 0.6925796875 0.063828125 0.642175 0.0592984375 0.4903859375 0.04365 0.3431265625 0.03294375 0.342796875 0.038709375000000004 0.47854843750000003 0.049828125 0.6384546875 0.06506406249999999 0.6878703125000001 0.06959375 0.6925796875 0.063828125
0 0.6900734374999999 0.05518125 0.6135890625 0.0481796875 0.43009062499999995 0.03294375 0.343778125 0.0271796875 0.343778125 0.032121875 0.40703125 0.0370625 0.5969453125 0.053532812500000006 0.6916703125 0.061354687500000005 0.6900734374999999 0.05518125
0 0.28890625000000003 0.0271484375 0.200625 0.0201171875 0.19984375000000001 0.02421875 0.288125 0.03125 0.28890625000000003 0.0271484375
0 0.2946875 0.02265625 0.2 0.0150390625 0.19953125 0.019921875 0.29203125 0.028125 0.2946875 0.02265625
0 0.36306631093749997 0.196154378125 0.358630659375 0.2005900296875 0.354030725 0.199932896875 0.3425308859375 0.190897309375 0.36388772812500003 0.191883009375 0.364380578125 0.186625940625 0.3310310484375 0.18514739062500002 0.3310310484375 0.188268775 0.3504164890625 0.2038756984375 0.335630984375 0.21307556875000003 0.33595955 0.21915405468750002 0.362902028125 0.2032185640625 0.36306631093749997 0.196154378125
0 0.485220715625 0.23173656562499997 0.48504245625 0.2262105390625 0.42550398593749994 0.2149802296875 0.4126693453125 0.21123679218750002 0.40999546093749994 0.2160497828125 0.42015621875000003 0.21908018437500001 0.485220715625 0.23173656562499997
0 0.552959096875 0.188776171875 0.519268165625 0.1861022875 0.393417384375 0.159363453125 0.3930608671875 0.165245996875 0.5067900421875 0.190915278125 0.42693005624999997 0.18735010000000002 0.374521940625 0.15401568593749998 0.3732741296875 0.1613243015625 0.41338238125000004 0.1882413953125 0.3730958703125 0.1869935828125 0.3732741296875 0.1939456796875 0.42921875 0.19624999999999998 0.43609375000000006 0.19984375000000001 0.4976988390625 0.235123484375 0.49906249999999996 0.22749999999999998 0.43922992031249997 0.1950152328125 0.5520678015625 0.1962630453125 0.552959096875 0.188776171875
0 0.5438342140625 0.11913464843749999 0.5806922390625 0.1062937875 0.6363359671875 0.0827522109375 0.666297975 0.0682467953125 0.6539327015625 0.0653932703125 0.6227817250000001 0.0813254484375 0.5754607765624999 0.1017757078125 0.5257618921875 0.11723229843750001 0.49199518593749997 0.1238905234375 0.492708565625 0.126030665625 0.495562090625 0.129835365625 0.5224327796875 0.125792871875 0.5438342140625 0.11913464843749999
0 0.36312500000000003 0.2796875 0.36296875 0.27515625 0.35171874999999997 0.27453125 0.336875 0.26921875 0.33625 0.274375 0.3509375 0.2790625 0.36312500000000003 0.2796875
0 0.38390625 0.2884375 0.3896875 0.29093749999999996 0.39671875 0.29078125 0.39656250000000004 0.28609375 0.3884375 0.28578125 0.37328125 0.26 0.3703125 0.2653125 0.3778125 0.2803125 0.38390625 0.2884375
0 0.27296875 0.1234375 0.2125 0.1065625 0.20968749999999997 0.11140625 0.26953125 0.13 0.27296875 0.1234375
0 0.294375 0.18046875 0.253125 0.17906249999999999 0.25296875 0.1853125 0.29421875000000003 0.18734375 0.294375 0.18046875
0 0.303125 0.11140625 0.31296875 0.12953125000000001 0.325 0.12984374999999998 0.34375 0.13984375 0.34750000000000003 0.13578125000000002 0.33046875 0.128125 0.36234375 0.13546875 0.39609375 0.1375 0.4375 0.1378125 0.46125 0.13671875 0.47515625000000006 0.13359375 0.47234375 0.1284375 0.45109374999999996 0.13140625 0.43015625 0.13203125 0.40125 0.13218749999999999 0.3678125 0.13015625 0.32859375 0.12234375 0.32375 0.12140625000000001 0.308125 0.1109375 0.30515625 0.1109375 0.303125 0.11140625