1 0.87548125 0.291321875 0.8759140625 0.307025 0.876953125 0.3796390625 0.8791625 0.382021875 0.884578125 0.3806671875 0.8813281249999999 0.2601859375 0.892578125 0.2551265625 0.8928078125000001 0.2355484375 0.8759765625 0.23681718749999997 0.8601015625 0.23960937499999999 0.859375 0.24780312499999999 0.86031875 0.2628921875 0.87158125 0.26587031250000004 0.8726640625 0.26830937499999996 0.87548125 0.291321875
1 0.38432656249999997 0.1234875 0.38015781249999997 0.11697656249999999 0.373071875 0.11619375000000001 0.37286406250000004 0.13365 0.3994140625 0.134278125 0.3995421875 0.1404234375 0.3990625 0.1484375 0.39187500000000003 0.1599609375 0.39328124999999997 0.203515625 0.39968750000000003 0.2185546875 0.4021875 0.2603515625 0.403325 0.46814687499999996 0.4130234375 0.469215625 0.412109375 0.13305625000000001 0.4404125 0.131765625 0.440809375 0.11619375000000001 0.43247187499999995 0.1154125 0.4322640625 0.1234875 0.402459375 0.12270624999999999 0.399125 0.11645468750000001 0.3926640625 0.11697656249999999 0.3901625 0.1234875 0.38432656249999997 0.1234875
0 0.3686953125 0.13286718749999998 0.3249265625 0.208159375 0.32867812500000004 0.214153125 0.37286406250000004 0.13703749999999998 0.3686953125 0.13286718749999998
0 0.341665625 0.21863749999999998 0.38946875 0.1382703125 0.3846515625 0.13479531250000001 0.33721875 0.21492968750000002 0.341665625 0.21863749999999998
0 0.3909515625 0.18134843750000001 0.35685781250000004 0.2258171875 0.3611203125 0.229753125 0.39234375 0.190234375 0.39437500000000003 0.1869140625 0.3909515625 0.18134843750000001
0 0.49484374999999997 0 0.46421875 0.0310546875 0.380625 0.115234375 0.38125 0.1189453125 0.38296874999999997 0.1208984375 0.43218750000000006 0.0728515625 0.47468750000000004 0.0279296875 0.5015625 0 0.49484374999999997 0
0 0.49781250000000005 0.0333984375 0.5298437500000001 0.0009765625 0.5235937500000001 0.000390625 0.5003124999999999 0.0232421875 0.458125 0.0626953125 0.39953125 0.115625 0.40140624999999996 0.119921875 0.44609375 0.081640625 0.49781250000000005 0.0333984375
0 0.5884375000000001 0.001171875 0.5817187500000001 0 0.5322921875 0.040618749999999995 0.439396875 0.115015625 0.440809375 0.1211953125 0.504034375 0.0719671875 0.5571937499999999 0.028478125 0.5884375000000001 0.001171875
0 0.5284703125 0.20289375 0.41409375 0.1639671875 0.41277187499999995 0.17057187499999998 0.5267703125 0.20855625 0.5284703125 0.20289375
0 0.4129609375 0.1566546875 0.5009140624999999 0.1887390625 0.568859375 0.210915625 0.571125 0.20478125 0.41371562500000003 0.15075624999999998 0.4129609375 0.1566546875
0 0.4253125 0.153515625 0.43671875 0.1341796875 0.43171875000000004 0.1328125 0.42000000000000004 0.151171875 0.4253125 0.153515625
0 0.6744796875 0.20251718749999997 0.78364375 0.158928125 0.8627015625000001 0.12535625 1 0.065790625 0.9999453125000001 0.0592921875 0.8996609375 0.10234218749999999 0.7752453125 0.15513593750000002 0.619953125 0.21930312500000002 0.6222796875000001 0.22390625000000003 0.6744796875 0.20251718749999997
0 1 0.11316250000000001 0.9482437499999999 0.1326078125 0.807984375 0.18329062499999998 0.67615625 0.2282375 0.6121484374999999 0.25055312500000004 0.6130546875 0.255015625 0.68369375 0.23238281249999998 0.7828953125 0.1989125 0.9443859375000001 0.140896875 1 0.12049375 1 0.11316250000000001
0 0.77025625 0.2116625 0.8816984375000001 0.1746859375 1 0.13165 0.9994343750000001 0.1255953125 0.9512375000000001 0.14280781250000002 0.8719281249999999 0.1714984375 0.7757875000000001 0.203375 0.6793921875 0.2358890625 0.6810015625 0.24067031249999998 0.77025625 0.2116625
0 0.38468749999999996 0.1625 0.38828125 0.162890625 0.390625 0.1626953125 0.3903125 0.1583984375 0.38859374999999996 0.1583984375 0.385 0.1580078125 0.37953125 0.1560546875 0.37796875 0.1591796875 0.37921875 0.1603515625 0.38 0.1611328125 0.3821875 0.1619140625 0.38468749999999996 0.1625