1 0.037265625000000004 0.21115 0.037959375000000004 0.2039171875 0.036998437499999995 0.19759218750000002 0.0330421875 0.19685 0.03515625 0.10887500000000001 0.03375 0.1083984375 0.033437499999999995 0.1021484375 0.028437499999999998 0.1021484375 0.026718750000000003 0.10546875 0.0147078125 0.10495625 0.0150796875 0.11356875 0.0269703125 0.1133828125 0.026850000000000002 0.1304296875 0.0150796875 0.1314890625 0.014814062499999999 0.1388203125 0.025390625 0.1406140625 0.025390625 0.1552625 0.0131796875 0.1569171875 0.0128859375 0.1653375 0.025479687499999997 0.16607031249999998 0.024765625 0.20507499999999998 0.020831250000000003 0.20738906250000003 0.0206 0.21115 0.0249984375 0.21751562500000002 0.0234375 0.223621875 0.0185171875 0.22359218749999998 0.01325625 0.22331249999999997 0.0122671875 0.218384375 0.00694375 0.2178046875 0.006481249999999999 0.232271875 0.023609375 0.23400781249999997 0.024303125000000002 0.24124062500000001 0.01415 0.2404 0.0072609375 0.24016875 0.0076375 0.2493421875 0.0227140625 0.2501765625 0.023760937500000003 0.281084375 0.0433515625 0.2847296875 0.044209375 0.252234375 0.0504578125 0.2507890625 0.050921875000000005 0.2435546875 0.041662500000000005 0.2415296875 0.04096875 0.2331390625 0.050921875000000005 0.23169374999999998 0.0502265625 0.2256171875 0.033203125 0.223621875 0.0330984375 0.21201875 0.037265625000000004 0.21115
1 0.732925 0 0.7404515625 0.250775 0.7414890625 0.2653734375 0.7490234375 0.26611406249999997 0.763809375 0.2669953125 0.7578125 0.0183109375 0.7570625 0 0.732925 0
1 0.5017031249999999 0.25732499999999997 0.5012 0.27020468750000004 0.512009375 0.27051875000000003 0.5117578125 0.27366250000000003 0.49994375 0.273346875 0.49944062499999997 0.2991109375 0.5059765625 0.29848281249999997 0.5059765625 0.3123078125 0.5125109375 0.31199374999999996 0.5125109375 0.317021875 0.519046875 0.317334375 0.519046875 0.2856015625 0.5311109375 0.285915625 0.5313625 0.27586093749999996 0.5187953125 0.27586093749999996 0.5177906250000001 0.2683203125 0.5265875 0.2683203125 0.5258328125 0.256065625 0.5017031249999999 0.25732499999999997
0 0.7796375 0.1212734375 0.7832749999999999 0.12392812499999999 0.799625 0.21152031249999997 0.804296875 0.210221875 0.788465625 0.125225 0.7866484375 0.10024531249999999 0.774709375 0.0424984375 0.7666640625000001 0 0.7604359374999999 0.0006484374999999999 0.7773046875 0.0914859375 0.777565625 0.1021921875 0.7796375 0.1212734375
0 0.7887625 0 0.798109375 0.0620390625 0.8201437500000001 0.20753906249999998 0.825040625 0.20642812500000002 0.81101875 0.1057171875 0.7949937499999999 0 0.7887625 0
0 0.70609375 0.037109375 0.707378125 0.030640624999999998 0.684796875 0.01954375 0.6380874999999999 0.0019296875000000002 0.6353859374999999 0.0077203125 0.6566171875 0.01640625 0.681321875 0.02533125 0.70609375 0.037109375
0 0.4680671875 0.314753125 0.5056859375 0.3029390625 0.5037953125 0.30081250000000004 0.49963749999999996 0.29632187499999996 0.4531328125 0.3133359375 0.4680671875 0.314753125
0 0.5896203125 0.26513125 0.51891875 0.28994375 0.519296875 0.2982125 0.6011515625 0.2715125 0.68603125 0.23889999999999997 0.6830078125 0.23204843749999998 0.5896203125 0.26513125
0 0.60625625 0.27009375 0.6357468749999999 0.29325 0.6370312499999999 0.290625 0.6382046875 0.288053125 0.611928125 0.26725781249999997 0.60625625 0.27009375
0 0.205590625 0.3672671875 0.1633484375 0.370609375 0.111484375 0.3696078125 0.11041406250000001 0.376290625 0.15960625 0.3779625 0.19997499999999999 0.3752890625 0.256390625 0.3682296875 0.31199374999999996 0.3569078125 0.3486203125 0.349221875 0.34675 0.3425390625 0.3218859375 0.34788437499999997 0.276971875 0.35791093749999997 0.23339375 0.363925 0.205590625 0.3672671875
0 0.16648125 0.064990625 0.20114375 0.043984375 0.23668125 0.0207890625 0.2592640625 0.0045953125 0.2617140625 0.00196875 0.2573375 0 0.247884375 0.006782812500000001 0.2228515625 0.0229765625 0.194315625 0.0420140625 0.16490625 0.060396875 0.16648125 0.064990625
0 0.2683671875 0.027353125 0.2053453125 0.0671796875 0.2077953125 0.07265 0.2615390625 0.0380765625 0.3154578125 0.0013124999999999999 0.3088046875 0 0.2683671875 0.027353125
0 0.1857390625 0.0798703125 0.16298125000000002 0.09081249999999999 0.16385624999999998 0.0954078125 0.1873140625 0.0840296875 0.1857390625 0.0798703125
0 0.20849531250000003 0.10044062499999999 0.19484218749999999 0.10788125 0.16087968749999998 0.1242921875 0.1624546875 0.1291078125 0.19991874999999998 0.11138125000000001 0.2531359375 0.081184375 0.3334890625 0.03173125 0.36465000000000003 0.010284375 0.3784796875 0.0006562499999999999 0.3707765625 0 0.3516953125 0.012692187499999999 0.30810468750000003 0.041139062500000004 0.25296093750000004 0.07461875 0.20849531250000003 0.10044062499999999
0 0.1570875 0.23825156249999999 0.12408749999999999 0.2423328125 0.12408749999999999 0.2479171875 0.1584609375 0.2431921875 0.1570875 0.23825156249999999
0 0.1863046875 0.22471718749999997 0.13543125 0.21805625 0.13525937500000002 0.224071875 0.1852734375 0.2300875 0.1863046875 0.22471718749999997
0 0.3504890625 0.24617031250000002 0.213553125 0.2295015625 0.21297187499999998 0.23535937499999998 0.35193125 0.252025 0.4999359375 0.2635125 0.4996359375 0.25810625 0.3504890625 0.24617031250000002
0 0.39375 0.142578125 0.4214515625 0.127115625 0.48160781249999995 0.0890296875 0.5305140625 0.056803124999999996 0.5820765625 0.0214515625 0.6057812499999999 0.0046875 0.6106703125 0.001334375 0.6045765624999999 0 0.5755140625 0.0187171875 0.49769375 0.0706703125 0.436875 0.1091796875 0.41046875 0.1251953125 0.36593749999999997 0.1509765625 0.31375000000000003 0.17890625 0.2582921875 0.2057265625 0.2146984375 0.22389062499999998 0.2192296875 0.23033593749999998 0.3069375 0.19693750000000002 0.3746875 0.162890625 0.41796875 0.1396484375 0.44953125 0.1216796875 0.4791046875 0.1037578125 0.5218328125 0.0769171875 0.5721875 0.0453125 0.6331578125 0.0043703125 0.6373765625 0.0008546875000000001 0.6289390625 0 0.55640625 0.0478515625 0.44941250000000005 0.1135 0.40566250000000004 0.1394765625 0.34175625 0.1734609375 0.2941640625 0.1945546875 0.3290078125 0.1777578125 0.39375 0.142578125
0 0.4498234375 0.0707765625 0.3875 0.115234375 0.3446046875 0.14264062500000002 0.29045 0.1763109375 0.2444578125 0.19995625 0.20187499999999997 0.2208984375 0.205625 0.226171875 0.24828125 0.205078125 0.2951125 0.1807796875 0.337528125 0.155396875 0.36988750000000004 0.13559062500000002 0.44984375 0.0796875 0.50504375 0.0385078125 0.5534375 0.0015625 0.54625 0 0.516875 0.0216796875 0.4498234375 0.0707765625
0 0.1453921875 0.1851703125 0.1994203125 0.22086718749999998 0.20218750000000002 0.2162109375 0.1458046875 0.179853125 0.1437234375 0.18405625 0.1453921875 0.1851703125
0 0.01234375 0.159765625 0.00015625 0.1595703125 0 0.16484375 0.01234375 0.16484375 0.01234375 0.159765625
0 0 0.1388671875 0.013750000000000002 0.1390625 0.01390625 0.1328125 0 0.132421875 0 0.1388671875
0 0.012968750000000001 0.1087890625 0.00015625 0.10859375 0 0.1134765625 0.012968750000000001 0.11328125 0.012968750000000001 0.1087890625