1 0.0830078125 0.146484375 0.0859375 0.13793906250000001 0.0556640625 0.1098640625 0.05078125 0.12329062500000001 0.060546875 0.13305625000000001 0.060546875 0.21118125000000001 0.06920937499999999 0.2149921875 0.0703125 0.14526406249999999 0.0830078125 0.146484375
1 0.7097546875 0 0.7060546875 0.0341796875 0.69676875 0.02480625 0.667859375 0.0055109375 0.575365625 0.0004203125 0.572265625 0.0085453125 0.57100625 0.0155078125 0.5791015625 0.0219734375 0.6318359375 0.0146484375 0.654384375 0.0140875 0.6708984375 0.01953125 0.6884765625 0.029296875 0.7036296875 0.0447109375 0.7080390624999999 0.0529796875 0.71251875 0.0754625 0.724609375 0.0769046875 0.7259234375 0.053593749999999996 0.7553234375 0.051756250000000004 0.7536078125000001 0.0407296875 0.73515625 0.039453125 0.72546875 0.018359375 0.725 0 0.7097546875 0
0 0.3975546875 0.042415625 0.2971859375 0.041523437499999996 0.23039375 0.0406296875 0.2140828125 0.0396984375 0.3357625 0.0330390625 0.4907703125 0.0281296875 0.6172140625 0.026342187500000003 0.6832921875 0.025896875000000003 0.6768640625 0.0200921875 0.5743515625 0.0200921875 0.5032796875 0.020984375 0.3618359375 0.024556249999999998 0.1928828125 0.0343796875 0.1135875 0.0379515625 0.0328640625 0.0406296875 0.000003125 0.043756250000000003 0 0.0520140625 0.11287031249999999 0.0459890625 0.21753125 0.046434375 0.3939796875 0.049559375 0.56114375 0.056256249999999994 0.6690140625 0.0616125 0.66865625 0.0553625 0.6450828125 0.05447031249999999 0.5707890625 0.0491140625 0.4539890625 0.0446484375 0.3975546875 0.042415625
0 0 0.0281296875 0.152875 0.026342187500000003 0.3821890625 0.0236640625 0.4614828125 0.022768749999999997 0.4614828125 0.0183046875 0.31753906249999997 0.019643749999999998 0.1532375 0.0205375 0 0.0218765625 0 0.0281296875
0 0.68015 0.054818750000000006 0.6888546875 0.030743749999999997 0.6837359375000001 0.0258578125 0.674909375 0.054128125000000006 0.68015 0.054818750000000006
0 0.6935140625 0.0004671875 0.6879234375000001 0.0181671875 0.6920234375 0.0211953125 0.700221875 0.00093125 0.6935140625 0.0004671875
0 0.7425171875000001 0 0.7246296875 0.024921875 0.7272390625 0.0309765625 0.7499703125 0.0002328125 0.7425171875000001 0
0 0.7393500000000001 0.05380312499999999 0.728915625 0.0701046875 0.731525 0.0754625 0.744753125 0.055200000000000006 0.7393500000000001 0.05380312499999999
0 0.99976875 0.10950156250000001 0.9721562499999999 0.1100984375 0.838378125 0.11574999999999999 0.751453125 0.11850625 0.7533984375 0.1261625 0.860278125 0.12288906250000001 1 0.11634531249999999 0.99976875 0.10950156250000001
0 0.8456828125 0.0686421875 0.7769703125 0.065475 0.7634515625 0.0697 0.75190625 0.07497812499999999 0.7454296874999999 0.079203125 0.7476812500000001 0.0855390625 0.75246875 0.0809625 0.758946875 0.079203125 0.7702109375 0.0760359375 0.78063125 0.07462656250000001 0.8408953125 0.07709218749999999 0.9355171875 0.0816671875 0.99944375 0.0848359375 0.99944375 0.0763875 0.953259375 0.07497812499999999 0.8456828125 0.0686421875
0 0.8064671875 0 0.77401875 0.0388296875 0.7536390625 0.0601 0.7506703124999999 0.062325 0.74631875 0.062078125 0.745725 0.071228125 0.7411734375 0.076175 0.7445375000000001 0.079884375 0.754034375 0.06875624999999999 0.762146875 0.06751875 0.7651140625 0.06751875 0.7700609375 0.0660359375 0.773425 0.064303125 0.7752046874999999 0.058367187499999994 0.776590625 0.053915625 0.7730296875 0.051443749999999996 0.8062687499999999 0.011128124999999999 0.8153703125 0 0.8064671875 0
0 0.9574328124999999 0.039571875 0.853953125 0.0301734375 0.7945953125 0.025474999999999998 0.7902421875 0.0311625 0.8812562500000001 0.0390765625 0.999971875 0.050453125 1 0.043529687500000004 0.9574328124999999 0.039571875
0 0.7318749999999999 0.0263671875 0.7819328125 0.030328125 0.785609375 0.02435625 0.735 0.0205078125 0.7318749999999999 0.0263671875
0 0.7103515625 0.0206234375 0.6911828125 0.0200328125 0.6946390625000001 0.02494375 0.7106656250000001 0.0253359375 0.7103515625 0.0206234375
0 0.7720312500000001 0 0.75859375 0.021484375 0.7640625 0.0232421875 0.7784375 0.000390625 0.7720312500000001 0
0 0.7542187499999999 0.022265625 0.76625 0.000390625 0.75984375 0 0.7490625 0.0193359375 0.7478125 0.02109375 0.7542187499999999 0.022265625
0 0.8274625 0.2236234375 0.7934421875 0.21513125 0.7826703125 0.21023437500000003 0.768715625 0.20258437499999998 0.7677375 0.209009375 0.7770406249999999 0.21451718749999998 0.79221875 0.2209453125 0.8086203125000001 0.22553593749999998 0.824534375 0.22859531249999998 0.83701875 0.23043125 0.84975 0.23196093750000002 0.8512187499999999 0.22614687500000002 0.8274625 0.2236234375
0 0.405809375 0.305378125 0.5257453125 0.30111875 0.5254046875 0.2938796875 0.405809375 0.2985640625 0.40546875 0.3023984375 0.405809375 0.305378125