1 0.25798125 0.17211875000000001 0.2530984375 0.163575 0.236496875 0.15991249999999999 0.23517812500000002 0.14934375 0.25798125 0.14526406249999999 0.255296875 0.136121875 0.23683749999999998 0.1353421875 0.23538437499999998 0.12185937499999999 0.2561265625 0.12004531249999999 0.25798125 0.11596718749999999 0.2555046875 0.10915625 0.2335671875 0.10498125 0.2246875 0.1041015625 0.222825 0.269775 0.21111718750000003 0.2730171875 0.210909375 0.27949999999999997 0.222825 0.2844234375 0.222825 0.4382328125 0.2306375 0.4406734375 0.232590625 0.3161625 0.23683749999999998 0.2828703125 0.2438890625 0.278203125 0.24222968749999998 0.2717234375 0.2362140625 0.270425 0.23454375 0.21850624999999999 0.24421718750000002 0.215634375 0.2438796875 0.193015625 0.236496875 0.17700156250000001 0.25798125 0.17211875000000001
1 0.3402921875 0.4266671875 0.3428171875 0.3021015625 0.3563484375 0.30083125 0.3566859375 0.291953125 0.31921875 0.2904296875 0.319375 0.299609375 0.333984375 0.3015140625 0.3344484375 0.453334375 0.3402734375 0.45242343749999997 0.3402921875 0.4266671875
1 0.3730984375 0.46604687499999997 0.37109375 0.357665625 0.3839125 0.3544234375 0.38328125 0.3373046875 0.3681640625 0.3369140625 0.3546875 0.33828125 0.35453125 0.3564453125 0.365 0.3591796875 0.36531250000000004 0.3654296875 0.36789062499999997 0.46897656249999997 0.3730984375 0.46604687499999997
1 0.385 0.3857421875 0.39249999999999996 0.3890625 0.392578125 0.4187015625 0.3984375 0.4187015625 0.398146875 0.3925140625 0.4056046875 0.38765 0.403659375 0.38258437500000003 0.39928125 0.38177343750000003 0.395625 0.383203125 0.39249999999999996 0.3833984375 0.39140625 0.3779296875 0.38796875000000003 0.377734375 0.38328125 0.378515625 0.385 0.3857421875
1 0.9570453125 0 0.9609375 0.443115625 0.9658203125 0.45166093749999997 0.974609375 0.4504390625 0.9765625 0.0378421875 0.975903125 0 0.9570453125 0
0 0.83873125 0.4182765625 0.8462328125 0.42105625 0.8720062499999999 0.29446875 0.8893812499999999 0.20889375000000002 0.891875 0.1959765625 0.89269375 0.18832500000000002 0.8848078125000001 0.1872671875 0.8832796875 0.19681875 0.8473078125000001 0.381146875 0.83873125 0.4182765625
0 0.7812078125 0 0.70046875 0.033203125 0.6481250000000001 0.0533203125 0.5689062500000001 0.083203125 0.48902343750000005 0.11090625000000001 0.4790109375 0.1138671875 0.41587968750000004 0.134046875 0.2674140625 0.170184375 0.2701046875 0.1771484375 0.2765625 0.17578125 0.32109375 0.165625 0.40296875 0.146875 0.43643124999999994 0.13645000000000002 0.5386890625 0.1039796875 0.567103125 0.09390625 0.7051046875 0.0412109375 0.7975265625 0 0.7812078125 0
0 0.7161531250000001 0 0.6788515625 0.013028124999999998 0.5543328125 0.05896875 0.500278125 0.0781625 0.40096875 0.10900000000000001 0.3634390625 0.12026718750000001 0.29859375 0.1341796875 0.26390625 0.141796875 0.2674453125 0.1481046875 0.291875 0.1427734375 0.3728125 0.126171875 0.5016734375 0.08639375 0.6075 0.048046875 0.73171875 0 0.7161531250000001 0
0 0.6246984375 0 0.5919531250000001 0.0123421875 0.5235937500000001 0.038671875 0.4510171875 0.06369375000000001 0.39608125 0.08171406249999999 0.3739109375 0.08953124999999999 0.3053125 0.105078125 0.2578125 0.1154296875 0.25953125 0.122265625 0.2727015625 0.11999375000000001 0.37473125 0.09805312499999999 0.4559578125 0.07105625 0.56245 0.0317390625 0.641321875 0 0.6246984375 0
0 0.8726890624999999 0.165109375 0.817225 0.173134375 0.6337890625 0.19075 0.5425125000000001 0.1952171875 0.3864515625 0.196609375 0.24168125 0.1925921875 0.24286406249999998 0.19872343750000002 0.31237499999999996 0.202315625 0.24252656250000001 0.2031625 0.243034375 0.2078125 0.280240625 0.208025 0.3089921875 0.207390625 0.3544875 0.207390625 0.5658109375 0.20321875 0.9020125 0.1845703125 0.9124984375 0.183828125 0.9580078125 0.1785421875 0.96068125 0.17264531249999998 0.7989499999999999 0.18434843750000002 0.961115625 0.15963906249999998 0.9609375 0.15535000000000002 0.9598156250000001 0.15205312499999998 0.8726890624999999 0.165109375
0 0.09343125 0 0.17371562499999998 0.0962265625 0.2228484375 0.146778125 0.2253734375 0.1399375 0.1719234375 0.08233281249999999 0.10163906250000002 0 0.09343125 0
0 0.1323625 0 0.125628125 0.0005250000000000001 0.17515624999999999 0.06423124999999999 0.1982234375 0.09025 0.2243203125 0.11915781249999999 0.2254671875 0.1109703125 0.1942296875 0.0744390625 0.1323625 0
0 0.15445781249999999 0 0.189178125 0.0468203125 0.2222171875 0.08706562500000001 0.2412109375 0.107421875 0.25 0.10620156249999999 0.1952640625 0.0418671875 0.16098125000000002 0 0.15445781249999999 0
0 0.2890625 0.21362343749999999 0.2867453125 0.2077 0.28085781249999997 0.2092984375 0.28213750000000004 0.2179390625 0.2762484375 0.20897812500000001 0.271384375 0.2099390625 0.2860625 0.23326093750000002 0.2908421875 0.24418125000000002 0.306875 0.2771484375 0.3089921875 0.2807484375 0.3174484375 0.293009375 0.32125 0.288671875 0.30390625 0.2595703125 0.31843750000000004 0.277734375 0.32140625 0.28125 0.3334375 0.29296875 0.3389828125 0.2896109375 0.33794843750000003 0.288675 0.335171875 0.28542968750000003 0.32293125 0.271521875 0.30593750000000003 0.2498046875 0.2890625 0.21362343749999999
0 0 0.18772968750000002 0.07725156250000001 0.24053437500000002 0.1033359375 0.2608765625 0.108578125 0.2638359375 0.16552187499999998 0.28883437500000003 0.1853625 0.29681718749999997 0.22223125000000002 0.3021015625 0.22307656250000002 0.29829531249999997 0.2233046875 0.2955625 0.1779203125 0.2854 0.1181640625 0.2587890625 0.0811015625 0.233090625 0.052090625 0.21161875000000002 0.0466203125 0.207784375 0.0400390625 0.2001953125 0 0.1786390625 0 0.18772968750000002
0 0 0.2560140625 0.07581718750000001 0.24200624999999998 0.0701875 0.236775 0 0.248615625 0 0.2560140625
0 0 0.28159375 0.030546875 0.2762953125 0.10309375000000001 0.2625078125 0.09615 0.256715625 0.06024375 0.2619765625 0 0.2725046875 0 0.28159375
0 0.2176421875 0.3070546875 0.21721875000000002 0.3033421875 0.11242812499999999 0.353190625 0.08909375 0.364859375 0.0933359375 0.37175156249999997 0.172246875 0.3335703125 0.2176421875 0.3070546875
0 0.2758265625 0.3591984375 0.2376953125 0.3038015625 0.233971875 0.3085390625 0.24787656249999998 0.33031875 0.26781875 0.3598015625 0.29360624999999996 0.3932390625 0.3127875 0.409865625 0.3282046875 0.4122796875 0.332609375 0.4113921875 0.3327921875 0.40426406249999997 0.3195765625 0.40456250000000005 0.2982515625 0.3872296875 0.2758265625 0.3591984375
0 0.2384671875 0.291953125 0.2364375 0.293434375 0.23610000000000003 0.2999859375 0.247340625 0.3128875 0.27618906249999997 0.3457671875 0.30079687499999996 0.36698125 0.3033421875 0.3595546875 0.2804328125 0.3388734375 0.2554015625 0.31182656249999996 0.2384671875 0.291953125
0 1 0.17340781249999998 0.97715625 0.17340781249999998 0.9777156250000001 0.1828671875 1 0.1831625 1 0.17340781249999998
0 1 0.1544421875 0.97715625 0.1522734375 0.97715625 0.1620296875 1 0.1631109375 1 0.1544421875
0 0.28042500000000004 0.1941953125 0.25765625000000003 0.119921875 0.2515640625 0.12025937499999999 0.264390625 0.1621265625 0.27436875 0.19375 0.28042500000000004 0.1941953125
0 0.25359375 0.152734375 0.2715171875 0.1941953125 0.27615 0.19196875 0.257978125 0.14653750000000001 0.2525 0.1490234375 0.25359375 0.152734375
0 0.2527671875 0.1752265625 0.263678125 0.1950859375 0.2686671875 0.19375 0.2646875 0.1857421875 0.258690625 0.1728171875 0.2527671875 0.1752265625
1 0.03125 0.29663125 0.0275671875 0.2917421875 0.0146484375 0.2880859375 0.013671875 0.37475625 0.01953125 0.37475625 0.0235078125 0.302946875 0.0317953125 0.300409375 0.03125 0.29663125
0 0.11893281250000001 0.2713546875 0.153296875 0.2968203125 0.16235 0.296046875 0.145065625 0.2826734375 0.12428281249999999 0.2708421875 0.11893281250000001 0.2713546875
0 0.863309375 0.4230734375 0.86689375 0.42819375 0.9278281249999999 0.27810625 0.9590624999999999 0.19105624999999998 0.9582937499999999 0.1824 0.9296203125 0.25761875 0.863309375 0.4230734375
0 0.9175859375 0.28386875 0.95880625 0.179521875 0.9516375 0.179225 0.86075 0.41572812499999995 0.863821875 0.4214875 0.9175859375 0.28386875
0 0.35753124999999997 0.30844375 0.3720765625 0.33740625 0.3779953125 0.33761718749999997 0.3747828125 0.3314859375 0.3632828125 0.3097109375 0.35905468749999997 0.300621875 0.35465625 0.3014671875 0.35753124999999997 0.30844375
0 0.3465390625 0.3054828125 0.3632828125 0.338884375 0.36937031249999996 0.3369828125 0.35093593749999996 0.3018890625 0.3465390625 0.3054828125
0 0.18011875 0.31013437499999996 0.206671875 0.3099234375 0.20684062499999997 0.30379375 0.1782578125 0.3035796875 0.063421875 0.3179578125 0.021817187499999998 0.3221828125 0.021309375 0.3304296875 0.1358078125 0.31711093749999997 0.18011875 0.31013437499999996
0 0.0214796875 0.318378125 0.12312343750000002 0.3073859375 0.18840625 0.30083125 0.178934375 0.294065625 0.021817187499999998 0.3107671875 0.0214796875 0.318378125
0 0 0.318378125 0.0164046875 0.31774375 0.0172515625 0.31182656249999996 0 0.31182656249999996 0 0.318378125
0 0 0.16152968750000002 0.028417187500000003 0.1713828125 0.052478125 0.183828125 0.05434375 0.1913453125 0.061396875 0.19990312500000001 0.070315625 0.2012 0.0748796875 0.19756875000000002 0.0765390625 0.1931625 0.074671875 0.189790625 0.131090625 0.19108750000000002 0.22360000000000002 0.19756875000000002 0.224015625 0.189790625 0.0694859375 0.17838281250000002 0.065959375 0.17838281250000002 0.057248437500000006 0.1713828125 0.052684375000000006 0.1713828125 0.05040312500000001 0.17060312500000002 0 0.136378125 0 0.1446765625 0.0433515625 0.1713828125 0.0373359375 0.169565625 0 0.147009375 0 0.16152968750000002
0 0.03754375 0.199125 0.043765625 0.20457031250000002 0.10599218749999999 0.2071625 0.22360000000000002 0.20768124999999998 0.2246375 0.20223593750000002 0.130675 0.20042187500000003 0.03754375 0.199125
0 0.22125 0.225390625 0.16531562500000002 0.2413875 0.16946250000000002 0.2463125 0.22442968749999997 0.229978125 0.22125 0.225390625
0 0.13565312499999999 0.24994375 0.112421875 0.2527953125 0.116778125 0.2584984375 0.14208437499999998 0.25486875000000003 0.13565312499999999 0.24994375
0 0.17547812499999998 0.270165625 0.2055546875 0.28442500000000004 0.22131875 0.29064843749999997 0.22235624999999998 0.2883171875 0.22297812499999997 0.2852046875 0.1624109375 0.25460937499999997 0.115740625 0.2271265625 0.094584375 0.2079390625 0.08525 0.20768124999999998 0.11325156249999999 0.23568125 0.1445734375 0.25305468750000004 0.17547812499999998 0.270165625
0 0.1989171875 0.2667953125 0.2148890625 0.272240625 0.216815625 0.267646875 0.163240625 0.2434609375 0.11781562500000001 0.2172734375 0.10080625000000001 0.207421875 0.0954140625 0.20845937499999997 0.10931093750000001 0.2198671875 0.1325421875 0.23386718750000002 0.16552187499999998 0.2514984375 0.1989171875 0.2667953125
0 0.15204062499999998 0.213125 0.21734375 0.228125 0.22140624999999997 0.223046875 0.1590921875 0.2094953125 0.15484375 0.208203125 0.15204062499999998 0.213125
0 0.2393265625 0.2817984375 0.2547359375 0.30415156250000003 0.26140625 0.30390625 0.24484374999999997 0.2796578125 0.2393265625 0.2817984375
0 0.897640625 0.1618828125 0.9265265625 0.0003015625 0.9219531249999999 0 0.891140625 0.1618828125 0.897640625 0.1618828125
1 0.40625 0.42265625 0.40703125 0.420703125 0.40703125 0.4189453125 0.40703125 0.416796875 0.41296875 0.4162109375 0.412109375 0.40649375 0.4111328125 0.4052734375 0.3984375 0.405078125 0.39859374999999997 0.408984375 0.39984375 0.416015625 0.403125 0.4224609375 0.40625 0.42265625