1 0.1299828125 0 0.12933125 0.0245515625 0.123046875 0.4699703125 0.123771875 0.4961078125 0.1328125 0.494384375 0.142578125 0.4479984375 0.142578125 0.14282187500000001 0.17542968750000001 0.1310609375 0.2776421875 0.10177343750000001 0.303121875 0.099940625 0.325671875 0.1021390625 0.3368015625 0.0992109375 0.33885156250000004 0.0918890625 0.3310546875 0.087890625 0.28115625 0.09115625000000001 0.22463281249999997 0.10726406250000001 0.142628125 0.130328125 0.144153125 0 0.1299828125 0
0 0.046678125 0.149 0.00131875 0.11801406249999999 0 0.1259265625 0.0435140625 0.154275 0.046678125 0.149
0 0.0809609375 0.12724375000000002 0.000790625 0.060654687500000005 0 0.0685671875 0.07726875 0.13251718750000002 0.07700625 0.13647499999999999 0.0923015625 0.14669375 0.0973125 0.1410890625 0.0809609375 0.12724375000000002
0 0 0.1898765625 0.1255296875 0.1829546875 0.1255296875 0.17735 0 0.1842734375 0 0.1898765625
0 0.3016453125 0.1762953125 0.43584531249999997 0.1708609375 0.6312656249999999 0.164678125 0.813053125 0.15947031250000002 0.813053125 0.1536140625 0.6302796875000001 0.15784375 0.409078125 0.164678125 0.14725625 0.1767515625 0.1475078125 0.18257812499999998 0.3016453125 0.1762953125
0 0.150115625 0.23798593750000002 0.1563609375 0.23798593750000002 0.1613140625 0.246871875 0.1619609375 0.2501015625 0.1860828125 0.28402343750000003 0.18974375000000002 0.279446875 0.1778984375 0.26194687499999997 0.15959218749999998 0.23287343749999997 0.1451609375 0.20864218750000002 0.1427921875 0.214834375 0.1486078125 0.2247953125 0.14925312500000001 0.2299109375 0.14925312500000001 0.23502499999999998 0.150115625 0.23798593750000002
0 0.1921125 0.2659859375 0.1957734375 0.261678125 0.154421875 0.19410624999999998 0.15205312499999998 0.1865671875 0.14386875 0.178759375 0.1430078125 0.188990625 0.1471 0.19895156249999998 0.15119218750000002 0.199490625 0.1630375 0.21995 0.1921125 0.2659859375
0 0.22509843749999997 0.0854171875 0.34809999999999997 0.0844125 0.48639374999999996 0.08340625 0.4864390625 0.0789765625 0.14285 0.08106250000000001 0.14337968750000002 0.08644375 0.1555078125 0.08644375 0.162025 0.0862171875 0.22509843749999997 0.0854171875
0 0.1296203125 0.014709375 0.12075 0 0.1155 0.0006796875 0.1276296875 0.022403125 0.1296203125 0.014709375
0 0.16329218750000002 0.07761875 0.14703125 0.0482421875 0.143740625 0.053857812500000005 0.15804218750000001 0.0794296875 0.16329218750000002 0.07761875
0 0.18610312499999998 0.0785234375 0.1477234375 0.0009046874999999999 0.144646875 0.0067890625 0.181215625 0.0810140625 0.18610312499999998 0.0785234375
0 0.22068125 0.0780703125 0.1850171875 0 0.1797671875 0.00045312499999999997 0.211809375 0.080334375 0.22068125 0.0780703125
0 0.2052921875 0 0.23661249999999998 0.07988125 0.2420421875 0.0785234375 0.2110859375 0 0.2052921875 0
0 0.2270171875 0 0.2507328125 0.06539843749999999 0.25670625 0.0796546875 0.2634046875 0.0794296875 0.233715625 0 0.2270171875 0
0 0.2507328125 0 0.2771640625 0.07988125 0.2824140625 0.079203125 0.25725 0 0.2507328125 0
0 0.14247343750000002 0.11744531250000001 0.2340765625 0.10567968750000001 0.2373359375 0.1052265625 0.2371546875 0.100021875 0.14247343750000002 0.11224218749999999 0.14247343750000002 0.11744531250000001
0 0.1435609375 0.094815625 0.1431984375 0.0993421875 0.1431984375 0.10341562500000001 0.143921875 0.10500000000000001 0.149534375 0.10341562500000001 0.154784375 0.10024843750000001 0.1565953125 0.09911718750000001 0.1685421875 0.098890625 0.212534375 0.09911718750000001 0.26666406249999997 0.09730625000000001 0.26684375 0.0925546875 0.20818906250000002 0.0927796875 0.143921875 0.091421875 0.1435609375 0.094815625
0 0.3040875 0.14143125 0.2900578125 0.09929687499999999 0.2835 0.1006640625 0.2988046875 0.14325156249999998 0.3040875 0.14143125
0 0.290240625 0.1459859375 0.271953125 0.10264999999999999 0.26637343750000003 0.10544687500000001 0.2838640625 0.1475796875 0.290240625 0.1459859375
0 0.26910625 0.1462125 0.2527078125 0.10863437499999999 0.24778906250000002 0.11022968749999999 0.263821875 0.14849062500000001 0.26910625 0.1462125
0 0.256875 0.14375 0.23875000000000002 0.1123046875 0.23359375 0.1154296875 0.25078125 0.14609375 0.256875 0.14375
0 0.2440625 0.1421875 0.22890625 0.1146484375 0.2246875 0.1173828125 0.2384375 0.144140625 0.2440625 0.1421875
0 0.20125 0.1390625 0.19203125000000001 0.125390625 0.18687499999999999 0.128125 0.19718750000000002 0.1427734375 0.20125 0.1390625
0 0.20218750000000002 0.1240234375 0.215 0.1470703125 0.22140624999999997 0.1458984375 0.2078125 0.121875 0.20421874999999998 0.123046875 0.20218750000000002 0.1240234375