1 0.19921875 0.513915625 0.2036015625 0.5118203125 0.2055734375 0.468171875 0.208984375 0.24780312499999999 0.2060546875 0.244140625 0.201171875 0.24780312499999999 0.19921875 0.260009375 0.1962796875 0.3660875 0.1937453125 0.4650046875 0.1953125 0.511475 0.19921875 0.513915625
0 0 0.1605859375 0.056603125 0.21655625 0.12193593750000001 0.27675 0.1529125 0.3027984375 0.1689640625 0.31582187500000003 0.1867140625 0.3297953125 0.19599843749999998 0.3401109375 0.1957171875 0.3292 0.1659125 0.306328125 0.09828125 0.246125 0.0430859375 0.19261875 0 0.1500265625 0 0.1605859375
0 0.17518125 0.34669531249999996 0.1816265625 0.32675 0.17725625 0.3231421875 0.1731828125 0.3396265625 0.1601890625 0.372353125 0.15318281250000002 0.382959375 0.15206718749999998 0.3857484375 0.15456562499999998 0.3890796875 0.16135312500000001 0.37962656250000004 0.168140625 0.3631421875 0.17518125 0.34669531249999996
0 0.37115624999999997 0.3155046875 0.35981406250000003 0.3121703125 0.2842046875 0.2865953125 0.2544046875 0.27603125 0.25218124999999997 0.2815921875 0.31 0.3021625 0.370265625 0.3205078125 0.37115624999999997 0.3155046875
0 0.6032375 0.354965625 0.537484375 0.349365625 0.5376640625 0.35406875000000004 0.6028796875 0.35944375 0.6032375 0.354965625
0 0.5407093749999999 0.38878124999999997 0.5985796875 0.3872125 0.5984 0.3818375 0.53891875 0.38318125 0.53891875 0.38878124999999997 0.5407093749999999 0.38878124999999997
0 0.5365890624999999 0.367728125 0.6005499999999999 0.369071875 0.6016250000000001 0.365040625 0.5964296874999999 0.36481875 0.583709375 0.36436875 0.5985796875 0.362803125 0.5982203125 0.35921875000000003 0.568121875 0.3610125 0.564896875 0.36302500000000004 0.5364093750000001 0.36190625 0.5365890624999999 0.367728125
0 0.6127687500000001 0.41961562499999994 0.58441875 0.41918125 0.58424375 0.42222499999999996 0.6136390625 0.4224421875 0.6127687500000001 0.41961562499999994
0 0.477275 0.3396046875 0.47431718749999996 0.34351875 0.49449375 0.34721562499999997 0.5270203125 0.3513453125 0.5268453125 0.34765 0.500059375 0.34351875 0.477275 0.3396046875
0 0.5264984375 0.36113125 0.46701249999999994 0.357 0.46649062499999994 0.3622171875 0.52615 0.3648265625 0.5264984375 0.36113125
0 0.5280640625 0.3667828125 0.46649062499999994 0.366565625 0.46631718749999995 0.3700453125 0.527715625 0.3700453125 0.5280640625 0.3667828125
0 0.5275421875 0.3835234375 0.46736093749999996 0.383090625 0.46718593750000004 0.388525 0.527715625 0.3880890625 0.5275421875 0.3835234375
0 0.52719375 0.37330625 0.46683906249999996 0.37548125 0.46736093749999996 0.379828125 0.5275421875 0.37765468750000003 0.52719375 0.37330625
0 0.44718749999999996 0.3337890625 0.42984375 0.3279296875 0.42890625 0.33203125 0.44671874999999994 0.3380859375 0.44718749999999996 0.3337890625
0 0.43499999999999994 0.35859375 0.459375 0.359765625 0.45906250000000004 0.35546875 0.43296875 0.3544921875 0.43296875 0.3583984375 0.43499999999999994 0.35859375
0 0.24997656250000003 0.3981796875 0.2496375 0.4034859375 0.3334796875 0.4102984375 0.392796875 0.41318124999999994 0.392378125 0.40925 0.3429109375 0.40663125000000006 0.24997656250000003 0.3981796875
0 0.34111250000000004 0.4222984375 0.2846046875 0.4156234375 0.2840875 0.4212203125 0.34145625 0.42768125 0.34111250000000004 0.4222984375