1 0.8394703124999999 0 0.8359375 0.279540625 0.822265625 0.3015140625 0.8203125 0.3503421875 0.83203125 0.36743125 0.837890625 0.41381875 0.845703125 0.41381875 0.8515625 0.3601078125 0.86328125 0.345459375 0.865234375 0.32836875 0.859375 0.3039546875 0.84765625 0.2917484375 0.8499984375 0 0.8394703124999999 0
1 0.616725 0.33655625 0.6170203125 0.20518125 0.609375 0.20629843750000001 0.608459375 0.282678125 0.6087546875000001 0.34135312500000003 0.616725 0.33655625
1 0.4103625 0.2837859375 0.41015625 0.3430171875 0.416015625 0.3430171875 0.41830937500000004 0.28438906249999996 0.4103625 0.2837859375
1 0.3201390625 0.27511874999999997 0.314453125 0.5163578125 0.326171875 0.5187984375 0.32889218750000004 0.2745984375 0.3201390625 0.27511874999999997
1 0.4441265625 0.3228625 0.4438859375 0.336103125 0.4453125 0.338134375 0.44477500000000003 0.4173671875 0.44921875 0.416259375 0.45110625000000004 0.3379078125 0.4554390625 0.3376078125 0.4561625 0.3225625 0.46699375 0.323465625 0.467234375 0.31774843750000004 0.4686796875 0.3072171875 0.4619140625 0.3076171875 0.43233125 0.306615625 0.43185 0.3225625 0.4441265625 0.3228625
0 0.602321875 0.1113515625 0.487203125 0.11563281249999999 0.4875453125 0.1216296875 0.5656625 0.12034375 0.727378125 0.1130640625 0.7280625 0.106640625 0.602321875 0.1113515625
0 0.59204375 0.144328125 0.47829375 0.152465625 0.47863749999999994 0.1597453125 0.5995812500000001 0.1516078125 0.7088765625 0.1434703125 0.7105890625 0.13704687499999998 0.59204375 0.144328125
0 0.47452500000000003 0.20043125 0.49199843750000005 0.199575 0.6811234374999999 0.1888671875 0.68455 0.18244375 0.4752109375 0.1922953125 0.47452500000000003 0.20043125
0 0.79624375 0 0.7681484375000001 0.044540625 0.7078484375 0.1417578125 0.6814671875 0.18544218750000002 0.6520015625 0.2304109375 0.6153421875 0.2800890625 0.6167125 0.285228125 0.6263046875 0.27409374999999997 0.6547421875 0.23640625 0.6872906249999999 0.1871546875 0.721553125 0.1310515625 0.7739734375 0.0475390625 0.8013828125 0 0.79624375 0
0 0.7133296875 0.18115781250000002 0.6643359375 0.23769218749999999 0.6283609375 0.2779484375 0.6153421875 0.28865625 0.6160265625 0.296365625 0.6317875 0.2822296875 0.659196875 0.2522515625 0.7133296875 0.19143749999999998 0.7565000000000001 0.13319375 0.8034390625000001 0.0680953125 0.8472937500000001 0.0017125 0.8404406249999999 0 0.825709375 0.0197015625 0.7407390625 0.14475625 0.7133296875 0.18115781250000002
0 0.7136734375 0.18115781250000002 0.6900328124999999 0.182015625 0.6852359375 0.189296875 0.7081906250000001 0.1880125 0.7136734375 0.18115781250000002
0 0.79795625 0.20257187499999998 0.8010406250000001 0.20342968749999998 0.8030953125 0.2068546875 0.8082359374999999 0.21199374999999998 0.8144015625 0.21156718749999998 0.81885625 0.20856875000000002 0.819884375 0.1957203125 0.8185140625 0.19015312499999998 0.82056875 0.189725 0.8236531250000001 0.1961484375 0.82810625 0.197434375 0.8315328125000001 0.197434375 0.8342734374999999 0.1948640625 0.8346171874999999 0.1880125 0.83221875 0.1828734375 0.8377000000000001 0.18115781250000002 0.8363296874999999 0.1751640625 0.719496875 0.180303125 0.7170984375 0.187584375 0.73183125 0.187584375 0.7379984375 0.19315 0.744165625 0.1948640625 0.75101875 0.1948640625 0.7633515625 0.1957203125 0.768834375 0.19315 0.778428125 0.18544218750000002 0.7989843750000001 0.18501406250000002 0.796928125 0.1982890625 0.79795625 0.20257187499999998
0 0.7147 0.14561249999999998 0.7218953124999999 0.14475625 0.7342296875 0.1503234375 0.7458781250000001 0.13661875 0.717784375 0.13833125 0.7147 0.14561249999999998
0 0.8303203124999999 0.1303375 0.8277640625 0.1301953125 0.7561578124999999 0.1340484375 0.742453125 0.15375 0.7489625 0.152465625 0.757184375 0.14989531250000002 0.7578703124999999 0.145184375 0.7934187500000001 0.145484375 0.79795625 0.1486109375 0.8239953124999999 0.1477546875 0.827759375 0.14222812499999998 0.8370890624999999 0.14428749999999999 0.8367234375000001 0.130109375 0.8303203124999999 0.1303375
0 0.8371921875 0.10357812500000001 0.7763718749999999 0.10535468750000002 0.7719171874999999 0.112634375 0.8387281249999999 0.11049374999999999 0.8371921875 0.10357812500000001
0 0.819884375 0.0591015625 0.8185140625 0.053104687500000004 0.8157734375000001 0.0513921875 0.8126562500000001 0.054971875 0.814059375 0.0612421875 0.8120046875 0.064240625 0.8034390625000001 0.0663828125 0.7989843750000001 0.075375 0.8089203125 0.07280624999999999 0.8144015625 0.0706640625 0.8185140625 0.064240625 0.819884375 0.0591015625
0 0.60799375 0.21464218750000003 0.5493671875 0.25630625 0.5529375 0.26263125 0.610671875 0.22059531250000003 0.60799375 0.21464218750000003
0 0.4652046875 0.3068328125 0.4459109375 0.23883125 0.44135468749999995 0.24117812500000002 0.4480546875 0.26730468749999997 0.459309375 0.3068328125 0.4652046875 0.3068328125
0 0.4789 0.1731234375 0.6023171875 0.1619671875 0.7008062500000001 0.1515796875 0.6998828125000001 0.1454234375 0.479515625 0.166584375 0.4789 0.1731234375
0 0.9104890625 0.12818281250000002 0.9117328125 0.1355640625 0.9195015625 0.1351765625 1 0.12896093749999998 0.999984375 0.1277953125 0.999984375 0.1223578125 0.9104890625 0.12818281250000002
0 0.8495828124999999 0.11614218750000001 0.8629453125 0.13206875 0.8666734375 0.130125 0.8511359374999999 0.10720624999999999 0.8495828124999999 0.11614218750000001
0 1 0.1577046875 0.9996734375 0.1491578125 0.907071875 0.1359515625 0.84989375 0.1351765625 0.84989375 0.14216562500000002 0.8946406250000001 0.14294374999999998 0.9080031249999999 0.1452734375 1 0.1577046875
0 0.8679171875 0.144109375 0.8909125 0.185671875 0.8961953125000001 0.1860609375 0.8741312499999999 0.14216562500000002 0.8679171875 0.144109375
0 1 0.21053125 0.8989921875 0.18955625 0.8930875 0.18645 0.8620125 0.1841171875 0.8502046875 0.17751406249999999 0.848340625 0.1821765625 0.8707140624999999 0.1977125 0.8819000000000001 0.1981015625 0.892465625 0.19577187499999998 0.90520625 0.198878125 0.9539937500000001 0.2082015625 0.99843125 0.2179125 1 0.2179125 1 0.21053125
0 0.8679171875 0.183728125 0.8735109375000001 0.18256406249999999 0.8636140625 0.1639515625 0.84989375 0.1437203125 0.8495828124999999 0.154209375 0.862515625 0.17286875 0.8679171875 0.183728125
0 0.94746875 0.2633578125 0.9005453125 0.19616093750000002 0.8946406250000001 0.19616093750000002 0.9210546875000001 0.23772031249999998 0.9421859375 0.26918593749999997 0.9453546875000001 0.26663125 0.94746875 0.2633578125
0 0.933565625 0.272634375 0.9394609375 0.2791859375 0.9422984375000001 0.274546875 0.88356875 0.19867812499999998 0.8783296875 0.2005875 0.9302906249999999 0.2688140625 0.933565625 0.272634375
0 0.8504046875 0.008765625 0.9418359374999999 0.0100640625 1 0.0110390625 0.9997578125000001 0.0032468749999999998 0.8506078125000001 0.0027015625 0.8504046875 0.008765625
0 0.8373640625000001 0.001975 0.8019187499999999 0.0008765625000000001 0.798584375 0.0072390625 0.8331531249999999 0.007678124999999999 0.8373640625000001 0.001975
0 0.7238203125 0.0062578124999999995 0.7912859375 0.0065984375 0.7955765625 0.0015640625 0.6745921874999999 0 0.673340625 0.0049546875 0.7238203125 0.0062578124999999995