1 0.53125 0.2490234375 0.5275109375 0.5301546874999999 0.541609375 0.5330921875 0.5408265625 0.2310546875 0.541609375 0.1507734375 0.5306437500000001 0.15224218750000001 0.53125 0.2490234375
1 0.28092968749999997 0.398678125 0.287178125 0.398678125 0.28926093750000004 0.28509531250000003 0.297853125 0.2837921875 0.297853125 0.28216562500000003 0.2996765625 0.2652421875 0.2754625 0.2642671875 0.2744203125 0.28411875000000003 0.2824921875 0.2844453125 0.28092968749999997 0.398678125
0 0.77766875 0 0.762146875 0.015962499999999998 0.7244515625 0.0527875 0.7114640624999999 0.0674375 0.6683828125 0.1070328125 0.6265703125 0.1482125 0.5936250000000001 0.17553593750000002 0.560365625 0.2016671875 0.5511781250000001 0.2068171875 0.5413593750000001 0.214734375 0.5413593750000001 0.2217375 0.5502281250000001 0.21500781249999998 0.56575 0.2055046875 0.6104140625000001 0.1690765625 0.6680671874999999 0.11680781250000001 0.715265625 0.0728578125 0.7659484375 0.020712500000000002 0.7852718750000001 0 0.77766875 0
0 0.7307875 0 0.7130484375 0.018734375 0.669334375 0.068228125 0.6262531250000001 0.11574374999999999 0.581271875 0.163259375 0.55688125 0.184246875 0.546825 0.193625 0.5410421875 0.198896875 0.5410390625 0.2067015625 0.5586203125 0.19084375 0.5841234375 0.167615625 0.6262531250000001 0.1244546875 0.6794703125 0.068625 0.7393390625 0 0.7307875 0
0 0.5615140625 0.16024218750000002 0.5403703125 0.1850015625 0.5414828125 0.1902875 0.5661875000000001 0.1627453125 0.5615140625 0.16024218750000002
0 0.62939375 0.086796875 0.6970515625 0.0002765625 0.68748125 0 0.6512046875 0.04618125 0.6015734375 0.1098890625 0.5659640625 0.15606875 0.5706390625 0.158015625 0.588665625 0.1365953125 0.62939375 0.086796875
0 0.417959375 0.351203125 0.44627343750000004 0.3267015625 0.4613015625 0.310909375 0.48460625 0.28531875 0.5085640625 0.25727656250000003 0.5322359375 0.22570625 0.5318625 0.22320156249999998 0.53078125 0.2207953125 0.510525 0.24720312500000002 0.48264687500000003 0.278240625 0.44636875 0.31746093750000004 0.42380625 0.33910625 0.412296875 0.34902500000000003 0.4149109375 0.35338125 0.417959375 0.351203125
0 0.45050468749999995 0.3099921875 0.46414999999999995 0.295628125 0.48449687499999994 0.2728890625 0.50963125 0.2429671875 0.531653125 0.21484062499999998 0.529978125 0.2088546875 0.517290625 0.2244140625 0.4847359375 0.264509375 0.4536171875 0.29922031250000003 0.42824375000000003 0.32375625 0.4112484375 0.336921875 0.41507812499999996 0.34290625 0.4344671875 0.32555 0.45050468749999995 0.3099921875
0 0.4075390625 0.3299234375 0.44706875 0.29340937500000003 0.48 0.259375 0.501875 0.234375 0.531025 0.201584375 0.5280515625 0.1980859375 0.5134375 0.2140625 0.4738296875 0.2582109375 0.43779843749999997 0.294940625 0.40544062500000005 0.324675 0.4075390625 0.3299234375
0 0.23234375 0.2818359375 0.25296875 0.284375 0.25328125 0.2806640625 0.2246875 0.2765625 0.20875 0.2728515625 0.1990625 0.2703125 0.19765625 0.2740234375 0.21671875 0.2791015625 0.23234375 0.2818359375
0 0.2090625 0.250390625 0.19593750000000001 0.24296875 0.19328125000000002 0.246875 0.20546875 0.2541015625 0.22078125 0.2609375 0.22953125000000002 0.26328125 0.27453125 0.26875 0.27546875000000004 0.2609375 0.2284375 0.25390625 0.1990625 0.2380859375 0.19609375 0.2416015625 0.21046874999999998 0.249609375 0.2090625 0.250390625