0 0.1774125 0 0.2103609375 0.031328125 0.21176875 0.023232812499999998 0.1869875 0 0.1774125 0
0 0.24295781249999998 0.157915625 0.1877640625 0.11285937500000001 0.1091953125 0.0392578125 0.06751718749999999 0 0.061671875 0.0021109375 0.0881421875 0.029568749999999998 0.13291875 0.0732171875 0.190365625 0.1249625 0.2373265625 0.16214062499999998 0.28407343749999997 0.1962859375 0.333071875 0.22585625 0.33889843750000004 0.222228125 0.32243750000000004 0.2119390625 0.28576250000000003 0.1895984375 0.24295781249999998 0.157915625
0 0.08683437499999999 0.0771625 0.06934375000000001 0.0637875 0.0662578125 0.067903125 0.0847765625 0.08256406250000001 0.08683437499999999 0.0771625
0 0.07901406250000001 0.0933671875 0.0633765625 0.079734375 0.0592609375 0.0841078125 0.0763390625 0.099025 0.07901406250000001 0.0933671875
0 0.2668859375 0.1846921875 0.24274843750000002 0.1892171875 0.247059375 0.19438906250000001 0.27240312499999997 0.1890015625 0.2668859375 0.1846921875
0 0.2575765625 0.1775796875 0.2336109375 0.18296718750000002 0.23775 0.18727812500000002 0.26309375 0.1816734375 0.2575765625 0.1775796875
0 0.2496453125 0.1708984375 0.224646875 0.17628749999999999 0.2263703125 0.181028125 0.254128125 0.17628749999999999 0.2496453125 0.1708984375
0 0.2917125 0.162278125 0.2598171875 0.16874375 0.263265625 0.17326875 0.2924015625 0.1665875 0.2917125 0.162278125
0 0.28671250000000004 0.1728375 0.27067968750000004 0.1760703125 0.27447187500000003 0.180165625 0.2899890625 0.1771484375 0.28671250000000004 0.1728375
0 0.3041265625 0.1775796875 0.277575 0.1816734375 0.2810234375 0.185984375 0.304815625 0.1821046875 0.3041265625 0.1775796875
0 0.2265421875 0.181028125 0.2241296875 0.1853375 0.2718859375 0.21723281249999998 0.31136718750000003 0.24072343749999997 0.31378125 0.2353359375 0.2880921875 0.21960312499999998 0.2265421875 0.181028125
0 0.306884375 0.24761875 0.27964375 0.23275 0.2791265625 0.23900000000000002 0.30636718749999997 0.252790625 0.306884375 0.24761875
0 0.324125 0.29330625 0.28585 0.27671250000000003 0.2829875 0.28125 0.3225734375 0.29826406250000004 0.324125 0.29330625
0 0.319125 0.2816703125 0.285678125 0.265290625 0.284815625 0.2702484375 0.3186078125 0.2864109375 0.319125 0.2816703125
0 0.3067125 0.260765625 0.282746875 0.249128125 0.282575 0.254946875 0.30585 0.26636875 0.3067125 0.260765625
0 0.08315937500000001 0.15088593749999998 0.0688078125 0.13958125 0.0642859375 0.1435140625 0.0796203125 0.1565390625 0.08315937500000001 0.15088593749999998
0 0.08807343749999999 0.137125 0.078834375 0.12950625 0.0750984375 0.13368437500000002 0.0861078125 0.14228593750000001 0.08807343749999999 0.137125
0 0.1275890625 0.16636718749999999 0.1002625 0.14548125 0.09829687499999999 0.15186875 0.1262140625 0.1730015625 0.1275890625 0.16636718749999999
0 0.1480359375 0.16341875 0.08591093749999999 0.1150078125 0.08335624999999999 0.12090624999999999 0.146265625 0.16980781250000002 0.1480359375 0.16341875
0 0.0908265625 0.101 0.087484375 0.10714531249999999 0.1405640625 0.148428125 0.1808671875 0.176196875 0.18578125 0.1727578125 0.150590625 0.1459703125 0.0908265625 0.101
0 0.09397187500000001 0.0921546875 0.1537359375 0.13687968749999999 0.2108703125 0.177340625 0.21280937500000002 0.1710796875 0.09652812499999999 0.08551718750000001 0.09397187500000001 0.0921546875