1 0.250784375 0.15905625 0.250140625 0.14214374999999999 0.259965625 0.1409359375 0.2602875 0.13268125 0.2440203125 0.1324796875 0.2425703125 0.14194374999999998 0.240234375 0.21850624999999999 0.23918750000000003 0.24422031249999998 0.225175 0.24422031249999998 0.225175 0.259925 0.22481718750000002 0.28147812499999997 0.23853593750000002 0.28216406250000003 0.2323171875 0.41089843750000005 0.23012187499999998 0.4312484375 0.23046875 0.511475 0.236328125 0.511475 0.2449390625 0.28307812499999996 0.2582921875 0.2805625 0.25819375 0.24724218750000002 0.2561 0.2466359375 0.24708125 0.2466359375 0.2482078125 0.17053281250000002 0.2583546875 0.1697265625 0.2580328125 0.160465625 0.251590625 0.16107031249999998 0.250784375 0.15905625
1 0.298153125 0.27735781249999997 0.28683125 0.277159375 0.2865171875 0.2848265625 0.29831093750000004 0.286203125 0.29906875 0.36036718749999996 0.304346875 0.3595421875 0.30593750000000003 0.2966796875 0.31765625000000003 0.293359375 0.3178125 0.2869140625 0.3053125 0.2875 0.305834375 0.2772609375 0.31640625 0.2722171875 0.31579687500000003 0.267628125 0.3037109375 0.26611406249999997 0.29796875 0.267184375 0.298153125 0.27735781249999997
1 0.3601671875 0.5028703125 0.365234375 0.5033015625 0.3667375 0.40837500000000004 0.372565625 0.4069640625 0.372753125 0.38887031250000004 0.36598593749999997 0.3884015625 0.36636250000000004 0.3559765625 0.3748203125 0.35550625 0.3755734375 0.35080625 0.3642578125 0.3515625 0.36185 0.3510421875 0.36091093750000003 0.40790468750000003 0.3599703125 0.4870875 0.3601671875 0.5028703125
1 0.408203125 0.482178125 0.409971875 0.3780625 0.4045203125 0.3782984375 0.40234375 0.4602046875 0.4018890625 0.482859375 0.408203125 0.482178125
1 0.3872265625 0.36584531249999996 0.3881671875 0.48497500000000004 0.3941828125 0.4847390625 0.3931453125 0.365809375 0.3872265625 0.36584531249999996
1 0.41617499999999996 0.3895765625 0.41369999999999996 0.47990625 0.41955937499999996 0.47957031250000004 0.4216265625 0.38887031250000004 0.41617499999999996 0.3895765625
0 0.192171875 0.12525312500000002 0.20322187500000002 0.1354046875 0.227628125 0.1531953125 0.2395609375 0.1602875 0.2414625 0.15434375 0.2029625 0.12525312500000002 0.17444375 0.0977953125 0.1247265625 0.0342046875 0.09978437500000001 0.0015625 0.09854531250000001 0 0.091096875 0.00045624999999999995 0.1311578125 0.0553359375 0.1366453125 0.060821875000000004 0.1339765625 0.06262656250000001 0.08524375 0 0.079390625 0.00045624999999999995 0.13825156249999998 0.0765828125 0.192171875 0.12525312500000002
0 0 0.016796875 0.021875 0.0431640625 0.025 0.0474609375 0.0674453125 0.09586718749999999 0.101846875 0.1327625 0.13883125000000002 0.1705609375 0.159940625 0.189809375 0.19077187499999998 0.21293125000000002 0.205690625 0.22244531250000002 0.22815625 0.23701875 0.2374046875 0.2418375 0.2380984375 0.23578749999999998 0.1991453125 0.209309375 0.1731328125 0.1897125 0.142946875 0.1627109375 0.09411562500000001 0.113109375 0.054265625 0.07084531250000001 0 0.008671874999999999 0 0.016796875
0 0 0.10659218749999999 0.052715625 0.1539671875 0.11645468750000001 0.2056484375 0.1575 0.2322265625 0.16593750000000002 0.2365234375 0.20000625 0.2541 0.2041296875 0.250046875 0.163409375 0.22353125000000001 0.11679999999999999 0.1826078125 0.082090625 0.15078750000000002 0.044101562500000004 0.1145609375 0 0.0697265625 0 0.079890625 0.025468750000000002 0.105859375 0.06890625 0.15 0.08203125 0.162109375 0.08640624999999999 0.1654296875 0.1348890625 0.209078125 0.076309375 0.1647578125 0.055625 0.1470703125 0 0.09538593749999999 0 0.10659218749999999
0 0.318225 0.2921859375 0.313578125 0.294578125 0.3174671875 0.3062328125 0.337440625 0.3541515625 0.3429171875 0.35113125 0.3373625 0.3383203125 0.318225 0.2921859375
0 0.288840625 0.310975 0.269790625 0.2834828125 0.2662484375 0.27845 0.263509375 0.282475 0.28477031249999996 0.31408593749999997 0.288840625 0.310975
0 0.24708125 0.12966093750000002 0.23595468749999998 0.12092031249999999 0.22125 0.1087890625 0.20796562500000002 0.0967234375 0.184184375 0.069740625 0.1605859375 0.0406703125 0.14137968750000002 0.015778125 0.1293078125 0 0.12363593749999999 0.00045624999999999995 0.13735625 0.019207812499999997 0.15430468749999998 0.044092187500000005 0.166990625 0.059907812500000004 0.19282656250000002 0.09119374999999999 0.2001 0.09809375000000001 0.2188234375 0.115125 0.24390625 0.1349609375 0.24708125 0.12966093750000002
0 0 0.0478046875 0.01358125 0.063721875 0.088753125 0.1435796875 0.0305109375 0.0876546875 0.00028125 0.0561640625 0 0.06321875 0.0232546875 0.0886625 0.09512343749999999 0.15641093749999999 0.161025 0.2106015625 0.115075 0.17659375 0.11185 0.1793640625 0.1594125 0.21564062499999997 0.17714687499999998 0.22622031250000002 0.1858796875 0.22890468749999998 0.207578125 0.2415875 0.22410468749999998 0.248640625 0.2252875 0.24327656250000002 0.20614218750000002 0.2332015625 0.1843765625 0.2180859375 0.1463921875 0.18953906250000002 0.102659375 0.1481140625 0.0422 0.086646875 0 0.040484375 0 0.0478046875
0 0 0.1313578125 0.03428125 0.1619359375 0.06580781249999999 0.1875609375 0.0997453125 0.211678125 0.10163906250000002 0.2056484375 0.0592609375 0.17334687499999998 0.028253125 0.14836875 0 0.121665625 0 0.1313578125
0 0.16572499999999998 0.25237656249999996 0.179678125 0.2592671875 0.1814015625 0.2543140625 0.16934218750000002 0.2485 0.129375 0.22438281249999997 0.1069796875 0.2106015625 0.10508593749999999 0.21577031249999998 0.1393671875 0.237734375 0.16572499999999998 0.25237656249999996
0 0.250978125 0.1896875 0.24825 0.19580781249999998 0.267578125 0.2425203125 0.2851015625 0.28050156249999997 0.288246875 0.2751953125 0.2695109375 0.2340625 0.250978125 0.1896875
0 0.259571875 0.1693015625 0.25441875 0.171515625 0.275840625 0.226078125 0.2972625 0.268359375 0.3020953125 0.2649359375 0.2805109375 0.2198359375 0.259571875 0.1693015625
0 0.265603125 0.2703953125 0.2812265625 0.2955625 0.2942734375 0.3150921875 0.2971734375 0.30965625 0.269790625 0.266771875 0.265603125 0.2703953125
0 0.2802609375 0.31146875 0.2701140625 0.2963671875 0.2662484375 0.30079687499999996 0.2759125 0.3146890625 0.2802609375 0.31146875
0 0.2826765625 0.21563125 0.30136093750000004 0.252678125 0.309575 0.266771875 0.31553437500000003 0.265159375 0.293790625 0.223484375 0.259 0.139728125 0.254328125 0.14194374999999998 0.2636703125 0.1685203125 0.2826765625 0.21563125
0 0.34485 0.3485140625 0.347265625 0.34710625 0.3490375 0.34549375000000004 0.340178125 0.327575 0.32890312499999996 0.29979062500000003 0.31956093750000003 0.271603125 0.3150515625 0.2740203125 0.3179515625 0.284890625 0.33276875 0.32294375 0.34485 0.3485140625
0 0.5065046875 0.3776515625 0.39376406249999996 0.36502500000000004 0.393728125 0.3704796875 0.5057125 0.3835875 0.5065046875 0.3776515625
0 0.5037515625 0.385640625 0.4117875 0.378059375 0.4116234375 0.38318125 0.5030218750000001 0.3900671875 0.5037515625 0.385640625