1 0.4951171875 0.2902875 0.494140625 0.2939484375 0.48956406250000006 0.2959453125 0.476171875 0.2962890625 0.4765625 0.3012734375 0.476746875 0.30491875 0.4794921875 0.3049359375 0.4912109375 0.3049359375 0.4921875 0.30615625 0.4921875 0.3232453125 0.494140625 0.3256875 0.494140625 0.3403359375 0.4970703125 0.3439984375 0.498046875 0.3427765625 0.5 0.3403359375 0.5 0.30615625 0.5009765625 0.3049359375 0.5107421875 0.3049359375 0.513671875 0.3012734375 0.513671875 0.29883125 0.5126953125 0.2976109375 0.5040546875 0.296225 0.4970703125 0.2902875 0.4951171875 0.2902875
1 0.07483125 0.1524671875 0.072265625 0.15747031250000001 0.07598125 0.36609375 0.07598125 0.44898437500000005 0.0859375 0.4479984375 0.0873796875 0.3721390625 0.0845578125 0.1534015625 0.07483125 0.1524671875
0 0 0.202621875 0.0007203125 0.20232031250000002 0.0362609375 0.174103125 0.0545125 0.15789375 0.048028125 0.15669375000000002 0.047307812500000004 0.1563953125 0 0.1957171875 0 0.202621875
0 0 0.1823296875 0.0394765625 0.156178125 0.035726562499999996 0.1512421875 0 0.1744359375 0 0.1823296875
0 0.0724390625 0.174928125 0.035134375 0.174928125 0.029409374999999998 0.18109843750000001 0.0724390625 0.180109375 0.0724390625 0.174928125
0 0.0724390625 0.1917046875 0.0122375 0.19293906249999998 0.0080921875 0.1998484375 0.0728328125 0.1991078125 0.0724390625 0.1917046875
0 0.073228125 0.255115625 0 0.2556078125 0.000196875 0.2610359375 0.0744125 0.26054374999999996 0.073228125 0.255115625
0 0 0.2521546875 0.0740171875 0.25067343750000004 0.0738203125 0.2449984375 0 0.2467265625 0 0.2521546875
0 0.9049875000000001 0.2147125 0.805971875 0.20938906249999997 0.8061484374999999 0.21604375 0.9049875000000001 0.2207015625 0.9049875000000001 0.2147125
0 0.95431875 0.19075781249999998 0.89505 0.1894265625 0.8955828125 0.195859375 0.9548515625 0.19718906249999998 0.95431875 0.19075781249999998
0 0.9997453125 0.1752296875 0.8911468749999999 0.17256875 0.8913249999999999 0.1774484375 0.9997453125 0.180775 0.9997453125 0.1752296875
0 1 0.16369687500000002 0.8998421875 0.162365625 0.8996640625 0.16768906249999999 1 0.16946250000000002 1 0.16369687500000002
0 0.9081812499999999 0.14950000000000002 0.927878125 0.1503875 0.926990625 0.1455078125 0.91811875 0.14506406249999998 0.9081812499999999 0.144621875 0.9081812499999999 0.14950000000000002
0 0.38595156249999996 0.099803125 0.1510375 0.1084484375 0.1493078125 0.11565624999999999 0.3127390625 0.11061093749999999 0.5023984375 0.09872031249999999 0.5023984375 0.0922359375 0.38595156249999996 0.099803125
0 0.3582796875 0.1192578125 0.135184375 0.126103125 0.132878125 0.134390625 0.3464625 0.126465625 0.5018234374999999 0.1178171875 0.5006703124999999 0.11169218750000001 0.3582796875 0.1192578125
0 0.5026875000000001 0.13006875 0.5019390625 0.12577812500000002 0.5015343750000001 0.1235828125 0.340578125 0.13246875 0.2198265625 0.1383890625 0.12278906249999999 0.14015625 0.1176015625 0.14700156250000002 0.1888453125 0.1463609375 0.349921875 0.13763281249999998 0.5026875000000001 0.13006875
0 0.35203281249999996 0.158046875 0.49842031249999996 0.14777968749999998 0.4978328125 0.142646875 0.39369062499999996 0.14888125000000002 0.2429015625 0.15768125 0.0856546875 0.1602484375 0.0853671875 0.166115625 0.1895109375 0.16574843749999998 0.35203281249999996 0.158046875
0 0.3669953125 0.168315625 0.502234375 0.1595140625 0.5013546875 0.1540140625 0.42185468750000005 0.15878125 0.2651984375 0.16758125 0.083609375 0.174184375 0.08448125 0.1815171875 0.1953796875 0.1774828125 0.3669953125 0.168315625
0 0.41394062500000006 0.184084375 0.47114687499999997 0.179684375 0.47025625 0.1738171875 0.3006953125 0.18555 0.168684375 0.19068281250000002 0.0844890625 0.192884375 0.083609375 0.199484375 0.1525484375 0.1980171875 0.28749531250000004 0.19215 0.3333953125 0.1889546875 0.41394062500000006 0.184084375
0 0.49383437499999994 0.172146875 0.47853124999999996 0.173015625 0.479228125 0.178521875 0.494296875 0.177653125 0.49383437499999994 0.172146875
0 0.08610625 0.2500546875 0.16912031249999998 0.2438109375 0.27687343750000004 0.23578281250000002 0.275921875 0.23132187499999998 0.08563125 0.2438109375 0.08610625 0.2500546875
0 0.276396875 0.2369703125 0.08634375 0.2518375 0.0868203125 0.2580828125 0.276396875 0.24232499999999998 0.276396875 0.2369703125
0 0.2860453125 0.2721796875 0.22732968750000002 0.2771015625 0.22852812500000003 0.28245156250000003 0.2829640625 0.2786 0.34219374999999996 0.271325 0.3403109375 0.2657625 0.2860453125 0.2721796875
0 0.30656249999999996 0.3197265625 0.22852812500000003 0.3290984375 0.2297265625 0.3346625 0.3077859375 0.32460625 0.30656249999999996 0.3197265625
0 0.23500000000000001 0.291796875 0.19546875 0.2513671875 0.1933828125 0.2491703125 0.18845625 0.2517359375 0.23109375000000001 0.295703125 0.259375 0.324609375 0.2633625 0.3206859375 0.23500000000000001 0.291796875