1 0.2118296875 0.21507031250000003 0.2063875 0.518084375 0.213578125 0.5164984375 0.22149843749999998 0.2153453125 0.2118296875 0.21507031250000003
1 0.73334375 0 0.7178453124999999 0.029646875 0.7169039453125 0.0395435109375 0.72686094375 0.03840556875 0.731412715625 0.027026140625 0.7331078125 0.037865625 0.736309375 0.1684828125 0.7410515625 0.358571875 0.7390359375 0.5191390625000001 0.75 0.5166015625 0.75625 0.5029296875 0.7497625 0.163896875 0.7464904578125 0.0799404796875 0.7446140625 0 0.73334375 0
1 0.6025015625 0 0.6045890625 0.1495828125 0.5840609375 0.12611406249999998 0.56484375 0.1171875 0.51484375 0.107421875 0.501471875 0.10916250000000001 0.5 0.1142578125 0.501228125 0.1213921875 0.50296875 0.1236328125 0.5096875 0.1248046875 0.55375 0.125390625 0.569375 0.12734375 0.5890625 0.14296875 0.60625 0.1630859375 0.60321875 0.5329375 0.6186328125 0.52533125 0.61640625 0 0.6025015625 0
1 0.50623125 0.21092968750000002 0.5117671875 0.21724843749999997 0.5171875 0.4716796875 0.525122075 0.47290464375 0.521396875 0.28224218749999996 0.521875 0.1787109375 0.548240625 0.1768515625 0.55040625 0.156353125 0.47729999999999995 0.15873125 0.47710468749999996 0.1712109375 0.4782390625 0.1776625 0.50390625 0.17578125 0.50623125 0.18385 0.50623125 0.21092968750000002
1 0.488659375 0.5064124999999999 0.4887045078125 0.273142375 0.5109203124999999 0.2721265625 0.5101101765625 0.2596689640625 0.459375 0.2603515625 0.45890624999999996 0.2724609375 0.4818447671875 0.273142375 0.4820526375 0.278339146875 0.482159375 0.45014374999999995 0.48288125 0.5064124999999999 0.488659375 0.5064124999999999
0 0 0.24693281250000002 0.054275 0.2441859375 0.21379375 0.23606406249999998 0.21415 0.22849218750000003 0 0.2373046875 0 0.24693281250000002
0 0.43507656250000004 0.22673593749999998 0.509490625 0.22302968750000002 0.5120312499999999 0.223046875 0.510859375 0.21647031249999998 0.257596875 0.2267390625 0.22248437499999998 0.22743750000000001 0.221715625 0.23546406250000002 0.2288484375 0.2352953125 0.2411 0.2353203125 0.43507656250000004 0.22673593749999998
0 0.71640625 0 0.7 0.0224609375 0.6152640625 0.1519125 0.618309375 0.15800468750000002 0.72421875 0 0.71640625 0
0 0.7605828125 0 0.745084375 0.019959374999999998 0.74649375 0.0264171875 0.7661718750000001 0 0.7605828125 0
0 0.68453125 0.0935546875 0.6171875 0.1716796875 0.62105 0.177421875 0.6917140625 0.094421875 0.7340515625 0.044164062500000004 0.73046875 0.037109375 0.68453125 0.0935546875
0 0.5934328125 0.0785390625 0.57364375 0.12306406249999999 0.5780953125 0.126775 0.5976375 0.081321875 0.5934328125 0.0785390625
0 0.546928125 0.1910890625 0.5637484374999999 0.15769687500000001 0.57578125 0.13055 0.5714171875 0.1280109375 0.5543484375000001 0.162025 0.5461859375 0.1793421875 0.5380234374999999 0.1935640625 0.5256546875 0.21304531249999997 0.53134375 0.21613593749999999 0.546928125 0.1910890625
0 0.593422628125 0.06537706875 0.532236396875 0.110847659375 0.5399894468750001 0.112943078125 0.5917015625000001 0.0760640625 0.6023375 0.0760640625 0.603125 0.0634765625 0.593422628125 0.06537706875
0 0.6387171875 0 0.6314062500000001 0.011803125000000001 0.6161765625 0.03655 0.618309375 0.0445453125 0.625157475 0.034170946875000004 0.6454171875 0 0.6387171875 0
0 0.7370625000000001 0.2015640625 0.6189796875 0.20870625 0.6191921875 0.21611406249999998 0.6911421875 0.212409375 0.725 0.2158203125 0.7359375 0.2119140625 0.7376984375 0.2105578125 0.7370625000000001 0.2015640625
0 0 0.1073671875 0.3359578125 0.1111734375 0.49874999999999997 0.115234375 0.49874999999999997 0.1080078125 0.27382343750000004 0.101275 0 0.0997515625 0 0.1073671875
0 0.73515625 0.123046875 0.73546875 0.116015625 0.71328125 0.1154296875 0.676790625 0.11421875 0.6714609375 0.1203578125 0.73515625 0.123046875
0 0.6472140625 0.2475734375 0.61770625 0.268546875 0.6202140625 0.27433125 0.6526125 0.251190625 0.6472140625 0.2475734375
0 0.6399796875 0.1139078125 0.6181015624999999 0.1134328125 0.6181015624999999 0.1208046875 0.6348421875 0.12056562500000001 0.6399796875 0.1139078125
0 0.9565187500000001 0.2131109375 0.7538484375000001 0.2139671875 0.754875 0.222953125 0.9565187500000001 0.2208140625 0.9565187500000001 0.2131109375
0 0.9637078125 0.1981328125 0.7514515625 0.20112812500000002 0.7524796874999999 0.2075484375 0.9630218749999999 0.2058359375 0.9637078125 0.1981328125
0 0.9989687500000001 0.1981328125 0.9821937500000001 0.1981328125 0.9818515624999999 0.20498124999999998 1 0.20455312499999997 0.9989687500000001 0.1981328125
0 0.90268125 0.35946875 0.9139359375 0.354896875 0.8680203125 0.32253906250000003 0.7971375 0.257240625 0.777746875 0.2384734375 0.7676171875 0.2402328125 0.785625 0.2613359375 0.829803125 0.304596875 0.8548453125 0.3281640625 0.90268125 0.35946875
0 0.62276875 0.29818125 0.6202140625 0.297234375 0.6191828125 0.30241562499999997 0.62296875 0.3049078125 0.63333125 0.309640625 0.6424984375 0.3128796875 0.644128125 0.31217968749999997 0.644890625 0.3091421875 0.635325 0.3049078125 0.6285484375 0.3016703125 0.62276875 0.29818125
0 0.7048171875 0.24923437499999998 0.7101078125 0.252715625 0.7226390625 0.25062656250000004 0.7282093749999999 0.2478421875 0.7334375 0.2470703125 0.7390625 0.2451171875 0.7375 0.2318359375 0.7064874999999999 0.23496250000000002 0.6984125 0.23705156249999998 0.6900000000000001 0.2369140625 0.6634203125 0.2370125 0.6610968749999999 0.2398359375 0.658590625 0.24192343749999998 0.65385625 0.24296875 0.6482875 0.243315625 0.6446671875 0.24296875 0.6429968749999999 0.24018437499999998 0.6182125 0.24018437499999998 0.6196046875000001 0.2481890625 0.641046875 0.24749374999999998 0.6499578125000001 0.2502796875 0.655528125 0.2502796875 0.6610968749999999 0.2502796875 0.666109375 0.24749374999999998 0.6702859375 0.24401406250000002 0.6810937499999999 0.242578125 0.6975 0.2423828125 0.7003125 0.2443359375 0.7048171875 0.24923437499999998
0 0.65770625 0.227015625 0.7376984375 0.22331249999999997 0.7370625000000001 0.2180234375 0.619375 0.2228515625 0.619403125 0.229396875 0.65770625 0.227015625
0 0.67886875 0.22563593750000002 0.6663828125 0.23568906250000002 0.6731546875000001 0.236746875 0.6879671875 0.226165625 0.67886875 0.22563593750000002
0 0.6645953125 0.1144140625 0.6488578125 0.1141875 0.644153125 0.12119687500000001 0.6607953125 0.1214234375 0.6645953125 0.1144140625
0 0.48607500000000003 0.1852171875 0.48830156249999995 0.185834375 0.4927546875 0.185834375 0.5014125 0.183978125 0.5053703125 0.1824328125 0.50438125 0.17965 0.5024015625 0.17965 0.498196875 0.18026718749999998 0.495475 0.1811953125 0.49028124999999995 0.1818140625 0.48706562499999995 0.18057812499999998 0.4818703125 0.1811953125 0.482365625 0.1833609375 0.48607500000000003 0.1852171875
0 0.5414859375 0.1777953125 0.5229328125 0.178721875 0.52296875 0.18328125 0.54198125 0.1827421875 0.5414859375 0.1777953125
0 0.5780953125 0.21335312499999998 0.5226859375 0.21459062499999998 0.523428125 0.22170312499999997 0.576859375 0.220775 0.5780953125 0.21335312499999998
0 0.5637484374999999 0.24705625000000003 0.52318125 0.24829531249999998 0.5226859375 0.2535515625 0.5620171875 0.252003125 0.5637484374999999 0.24705625000000003
0 0.5878125 0.250390625 0.60530625 0.24860312499999998 0.6055531249999999 0.24303750000000002 0.5852703125 0.244584375 0.5818749999999999 0.251171875 0.5878125 0.250390625
0 0.6048109375 0.2884921875 0.57364375 0.26715625 0.570921875 0.27303125 0.6043171875 0.29591249999999997 0.6048109375 0.2884921875
0 0.5367859375 0.24520312500000002 0.523675 0.232525 0.5224390624999999 0.237471875 0.532828125 0.247984375 0.5367859375 0.24520312500000002
0 0.571875 0.22734375 0.5237499999999999 0.2279296875 0.5241703125 0.23221562499999998 0.570921875 0.231596875 0.571875 0.22734375
0 0.594175 0.20407812500000003 0.58828125 0.2220703125 0.5840625 0.23203125 0.5773546875 0.24674843750000003 0.56828125 0.2658203125 0.55984375 0.2802734375 0.551875 0.2921875 0.5443749999999999 0.3015625 0.53828125 0.3080078125 0.5326562499999999 0.312890625 0.5241703125 0.3172484375 0.5239234374999999 0.3212671875 0.5244171875 0.3221953125 0.531590625 0.3197203125 0.536290625 0.31570156250000003 0.5476703125 0.3054984375 0.5578125 0.293128125 0.5654796875 0.2810703125 0.5704281250000001 0.2724125 0.5855171875 0.2414921875 0.60530625 0.19232812500000002 0.6040703125 0.1833609375 0.594175 0.20407812500000003
0 0.605059375 0.1728484375 0.603575 0.16604531250000001 0.5830437500000001 0.20655 0.5756218750000001 0.2213921875 0.5703125 0.2322265625 0.5659375 0.241015625 0.55671875 0.257421875 0.548659375 0.2699390625 0.54198125 0.27952499999999997 0.534559375 0.2888015625 0.5291171875 0.29405625 0.525159375 0.29745937499999997 0.5229328125 0.2996234375 0.523675 0.3045703125 0.531096875 0.2990046875 0.545690625 0.28323437500000004 0.5553390625 0.2693203125 0.57328125 0.239453125 0.57703125 0.237109375 0.5818749999999999 0.2298828125 0.5830437500000001 0.221084375 0.5847749999999999 0.2155171875 0.592690625 0.20005781250000002 0.605059375 0.1728484375
0 0.4992453125 0.256171875 0.51265625 0.2552734375 0.51180625 0.24944375000000002 0.38654687499999996 0.255725 0.282103125 0.26155625 0.21857656250000002 0.26514375 0.219653125 0.26963125 0.3179953125 0.26559374999999996 0.4992453125 0.256171875
0 0.2207296875 0.2467515625 0.2207296875 0.2534796875 0.350296875 0.2512375 0.4088 0.24809687500000002 0.42207968749999997 0.2472 0.4352816828125 0.24611915624999997 0.44612656250000005 0.2440578125 0.45984375 0.241796875 0.47375 0.2396484375 0.485 0.2369140625 0.49063125 0.2355359375 0.51 0.2333984375 0.509653125 0.22745937500000002 0.49625 0.228125 0.48859375 0.2298828125 0.48109375 0.2318359375 0.466225 0.2355359375 0.44289531249999997 0.23912499999999998 0.41280625000000004 0.24206093750000002 0.33055625 0.24495781249999998 0.2207296875 0.2467515625
0 0.2106453125 0.2652828125 0.138215625 0.2648890625 0.1385328125 0.274771875 0.21032812500000003 0.2731890625 0.2106453125 0.2652828125
1 0.482515625 0.2974796875 0.45309999999999995 0.2968203125 0.4526875 0.304021875 0.4693546875 0.304021875 0.4701921875 0.3607796875 0.470578125 0.368 0.4751984375 0.3684796875 0.47462031250000003 0.32251093750000004 0.4817453125 0.32251093750000004 0.48212968749999996 0.31553125 0.47462031250000003 0.315771875 0.47423593750000004 0.303978125 0.482515625 0.303978125 0.482515625 0.2974796875
1 0.4628765625 0.36655625000000003 0.4636453125 0.31408749999999996 0.4701921875 0.31432812499999996 0.46980781250000003 0.3083109375 0.44593125 0.308553125 0.446125 0.313125 0.45729218749999995 0.31360625 0.45709999999999995 0.366796875 0.4628765625 0.36655625000000003
1 0.45305625000000005 0.35741093749999997 0.453440625 0.326121875 0.4578703125 0.32684375 0.4578703125 0.3198640625 0.44015624999999997 0.32010312500000004 0.4407328125 0.3263609375 0.4493984375 0.3263609375 0.449590625 0.3581328125 0.45305625000000005 0.35741093749999997
1 0.44304375 0.3583734375 0.44304375 0.3605390625 0.44766562499999996 0.36005625 0.44766562499999996 0.3412859375 0.44978281249999996 0.3412859375 0.44978281249999996 0.3328609375 0.43688281250000005 0.3328609375 0.43688281250000005 0.33671093750000003 0.4432359375 0.33671093750000003 0.44304375 0.3583734375
0 0.49734375000000003 0.3033203125 0.503125 0.2923828125 0.50625 0.2837890625 0.5071875 0.27265625 0.503125 0.272265625 0.50203125 0.2826171875 0.4996875 0.28984375 0.49234375 0.3015625 0.49734375000000003 0.3033203125
0 0.5222953125 0 0.4926015625 0.10273593750000001 0.49960468750000003 0.104553125 0.5291890625 0 0.5222953125 0
0 0.5530875 0 0.516884375 0.1045765625 0.5225046875 0.10791406249999999 0.5597109375 0 0.5530875 0
0 0.8500406249999999 0.237065625 0.9588015625 0.236003125 0.9588015625 0.22920625 0.7839343750000001 0.2302703125 0.7807046875 0.23303124999999997 0.776965625 0.23366875 0.7730578125 0.23196875 0.7720374999999999 0.23090625 0.750625 0.2304796875 0.7501156250000001 0.23685312500000003 0.7821875 0.2419921875 0.806365625 0.25151249999999997 0.8619359375 0.271690625 0.9292328124999999 0.292296875 0.9642406250000001 0.30291875 0.9652593749999999 0.295484375 0.9078203125 0.2789140625 0.844771875 0.258946875 0.7878421875 0.237915625 0.8500406249999999 0.237065625
0 1 0.1288859375 0.8521859375 0.1288859375 0.849378125 0.12856875 0.8468249999999999 0.1250578125 0.84109375 0.1248046875 0.8389140625 0.126334375 0.8368718749999999 0.12824843749999998 0.7495859375 0.126334375 0.74953125 0.134375 0.8364484375 0.1368359375 0.8376531249999999 0.140153125 0.8429578125000001 0.14135781249999999 0.8453687499999999 0.14075312499999998 0.8489859375 0.1395484375 0.8504328125 0.1386453125 0.8514921875000001 0.13734531249999998 1 0.137628125 1 0.1288859375
0 0.5140625 0.3080078125 0.51171875 0.3025390625 0.5028125 0.326953125 0.49328125 0.348828125 0.4884375 0.355859375 0.48953125000000003 0.3619140625 0.49625 0.3544921875 0.50171875 0.342578125 0.50828125 0.3271484375 0.5140625 0.3080078125
0 0.51265625 0.3203125 0.49906249999999996 0.351953125 0.48984375 0.3638671875 0.49046874999999995 0.3693359375 0.49406249999999996 0.36640625 0.5003124999999999 0.3583984375 0.506875 0.344140625 0.51453125 0.326953125 0.51265625 0.3203125