0 0.6241156250000001 0.2115421875 0.663921875 0.2240609375 0.7034765625 0.23407499999999998 0.7082328125 0.23000625000000002 0.6561609374999999 0.2162390625 0.7250062500000001 0.22906875000000002 0.7257578125 0.2240609375 0.6293734375 0.20653749999999998 0.6241156250000001 0.2115421875
0 0.592571875 0.20215624999999998 0.6085953125 0.20622500000000002 0.6088453125 0.205909375 0.6095953125 0.2012171875 0.5948249999999999 0.1965234375 0.592571875 0.20215624999999998
0 0.6997203125 0.23970625 0.65315625 0.23782968750000003 0.6526562499999999 0.2440875 0.69846875 0.2456546875 0.6997203125 0.23970625
0 0.695715625 0.25253749999999997 0.6539078125 0.2512875 0.6539078125 0.2575453125 0.6942140625000001 0.258484375 0.695715625 0.25253749999999997
0 0.205821875 0 0.21976093749999998 0.0413828125 0.22172187499999998 0.0304921875 0.21192031249999999 0 0.205821875 0
0 0.182953125 0 0.194278125 0.029946875 0.20364374999999998 0.052271875 0.20930624999999997 0.0514546875 0.1893890625 0 0.182953125 0
0 0.1681421875 0.0359375 0.16770625 0.042743750000000004 0.2040796875 0.058532812499999996 0.213009375 0.06615625 0.2147515625 0.057171875000000004 0.20364374999999998 0.050910937499999996 0.1681421875 0.0359375
0 0.199940625 0.0645234375 0.1681421875 0.0495484375 0.16618125 0.0555390625 0.19798125 0.0696953125 0.199940625 0.0645234375
0 0.18055625 0.0803140625 0.1705375 0.059078125 0.16335 0.0598953125 0.17467656250000002 0.0822203125 0.18055625 0.0803140625
0 0.1724890625 0.010925 0.182784375 0.0417640625 0.1893890625 0.04321875 0.1771515625 0.008984375 0.1724890625 0.010925
0 0.34245468749999997 0.12140312499999999 0.302634375 0.105134375 0.300109375 0.1109625 0.34264843749999996 0.12722968750000002 0.34245468749999997 0.12140312499999999
0 0.3401234375 0.108290625 0.304965625 0.09469531249999999 0.302828125 0.1000375 0.3389578125 0.11363281249999999 0.3401234375 0.108290625
0 0.34890625000000003 0.213671875 0.31859375 0.2072265625 0.31671875 0.2125 0.34859375 0.2185546875 0.34890625000000003 0.213671875
0 0.3521875 0.2009765625 0.32265625 0.1958984375 0.32234375000000004 0.2009765625 0.3521875 0.20546875 0.3521875 0.2009765625
0 0.351875 0.1892578125 0.30828125 0.1802734375 0.3071875 0.1861328125 0.35171874999999997 0.19453125 0.351875 0.1892578125