1 0.208659375 0.52281875 0.216796875 0.17944374999999999 0.232103125 0.036926562499999996 0.23866874999999999 0.006446875 0.2255859375 0 0.205078125 0.0012203125 0.201171875 0.0793453125 0.1875 0.521240625 0.203125 0.52368125 0.208659375 0.52281875
1 0.369140625 0.13061562499999999 0.3662109375 0.14404375 0.3466796875 0.14404375 0.345703125 0.15014687499999999 0.3671875 0.15502968749999999 0.359375 0.416259375 0.369140625 0.4211421875 0.37890625 0.15747031250000001 0.4013671875 0.1513671875 0.40234375 0.14282187500000001 0.380859375 0.13793906250000001 0.380859375 0.0891109375 0.3984375 0.0769046875 0.3544921875 0.06591875 0.345703125 0.0793453125 0.36328125 0.091553125 0.369140625 0.13061562499999999
1 0.40625 0.23803749999999999 0.419921875 0.23315468749999999 0.41015625 0.21850624999999999 0.419921875 0.20141562500000001 0.3818359375 0.1977546875 0.37890625 0.23315468749999999 0.3916015625 0.23681718749999997 0.39453125 0.2551265625 0.40234375 0.25756875 0.40625 0.23803749999999999
0 0.27140624999999996 0.076171875 0.24234375 0.006103125 0.2355078125 0.0048828125 0.23453125 0.0207515625 0.24625 0.0354 0.26734375 0.086328125 0.30289062499999997 0.15502968749999999 0.31203125 0.166796875 0.31460937499999997 0.16479531249999999 0.27140624999999996 0.076171875
0 0.32453125 0.1609375 0.2659375 0.023046875 0.2626953125 0.0244140625 0.29375 0.105859375 0.3196875 0.1611328125 0.32453125 0.1609375
0 0.3441875 0.15231406249999999 0.363775 0.191109375 0.36708281249999997 0.18475 0.350546875 0.150725 0.3441875 0.15231406249999999
0 0.34375 0.13984375 0.3239328125 0.09240625 0.29564375 0.0208203125 0.29055624999999996 0.022409375000000002 0.310446875 0.0773109375 0.3152703125 0.087646875 0.3241171875 0.10889062499999999 0.329690625 0.12050000000000001 0.3430640625 0.15021875 0.34375 0.13984375
0 0.26625 0.08515625 0.22265625 0.10375937500000001 0.2246984375 0.10854375000000001 0.26859375 0.09140625 0.26625 0.08515625
0 0.1943359375 0.1123046875 0.109375 0.14770468750000001 0.1171875 0.15014687499999999 0.19921875 0.11596718749999999 0.1943359375 0.1123046875
0 0.23026249999999998 0.0744625 0.2537109375 0.0553 0.25206093749999997 0.050992187499999994 0.233340625 0.0648171875 0.22635624999999998 0.072021875 0.23026249999999998 0.0744625
0 0.0984375 0.11015625 0.1005859375 0.1171875 0.14453125 0.11596718749999999 0.1943359375 0.1000984375 0.19921875 0.091553125 0.1416015625 0.1098640625 0.0984375 0.11015625
0 0.20255 0.0373125 0.08984375 0.10131874999999999 0.099609375 0.10375937500000001 0.2028546875 0.04530625 0.20255 0.0373125
0 0.41972812499999995 0.2357890625 0.4296875 0.240234375 0.4356703125 0.24282187500000002 0.44129687500000003 0.25044062500000003 0.44926875 0.24868281250000002 0.4334375 0.23515625 0.4183203125 0.2287546875 0.41972812499999995 0.2357890625
0 0.25883124999999996 0.0427875 0.2575 0.04375 0.25984375000000004 0.048828125 0.263125 0.0455078125 0.2677390625 0.0404421875 0.2677390625 0.0345828125 0.25883124999999996 0.0427875
0 0.316059375 0 0.3281984375 0.030865625 0.33560625 0.034723437499999996 0.33560625 0.03215 0.32408281250000004 0 0.316059375 0
0 0.339515625 0.034209375 0.34075 0.03858125 0.345278125 0.0403828125 0.342603125 0.026234374999999997 0.33334375 0 0.32737656249999997 0.0002578125 0.339515625 0.034209375
0 0.3510390625 0.0398671875 0.3545375 0.0491265625 0.36215 0.05169843750000001 0.352890625 0.0257203125 0.3432203125 0 0.3366359375 0.0005140625 0.3510390625 0.0398671875
0 0.3999078125 0.13941874999999998 0.4043765625 0.1400625 0.40300156249999997 0.132328125 0.40111093750000004 0.125025 0.3975015625 0.1202984375 0.39389375000000004 0.119009375 0.3810046875 0.11535781249999999 0.3810046875 0.1213734375 0.38839375 0.125240625 0.392003125 0.126959375 0.396815625 0.132328125 0.3999078125 0.13941874999999998
0 0.392346875 0.1338328125 0.384440625 0.12438125 0.3801453125 0.12846249999999998 0.388221875 0.13855781250000002 0.392346875 0.1338328125
0 0.344375 0.1361328125 0.3465625 0.1322265625 0.33265625 0.0873046875 0.32421875 0.0544921875 0.31859375 0.051953125 0.33046875 0.0958984375 0.344375 0.1361328125
0 0.34265625 0.090234375 0.34421875 0.09609375 0.35265625 0.1080078125 0.3590625 0.1177734375 0.36734374999999997 0.1212890625 0.36859375 0.121484375 0.36859375 0.112890625 0.36578125 0.112890625 0.3621875 0.11171875 0.3578125 0.1072265625 0.3546875 0.10234375 0.351875 0.0943359375 0.34640624999999997 0.0900390625 0.34265625 0.090234375
0 0.5358484375 0.15276406250000002 0.64301875 0.20270625 0.64700625 0.1953609375 0.623034375 0.182728125 0.4792015625 0.1186859375 0.40751875000000004 0.0787328125 0.404934375 0.08049375 0.416684375 0.0910703125 0.403053125 0.0816703125 0.3884828125 0.0822578125 0.5358484375 0.15276406250000002
0 0.2587375 0 0.284740625 0.0137 0.3352625 0.04504375 0.3894984375 0.0761546875 0.40510156249999996 0.07685 0.369253125 0.0580453125 0.2886421875 0.0102140625 0.2877125 0 0.28362656249999996 0 0.2845546875 0.007196875 0.2683953125 0 0.2587375 0
0 0.299228125 0.0322734375 0.23997656250000002 0.0034828125000000002 0.23960625000000002 0.0090546875 0.2565078125 0.019734375000000002 0.2929140625 0.03738125 0.353465625 0.06779531250000001 0.3766828125 0.0708140625 0.32541875 0.0457390625 0.299228125 0.0322734375
0 0.2496875 0 0.25703125 0.0130859375 0.26015625 0.01171875 0.25484375 0 0.2496875 0
0 0.28859375 0.01640625 0.28046875 0.02265625 0.28500000000000003 0.0251953125 0.29500000000000004 0.0208984375 0.28859375 0.01640625
0 0.27375 0.028125 0.27 0.0318359375 0.2709375 0.036328125 0.27749999999999997 0.03046875 0.27375 0.028125