1 0.6718265625 0.41323906250000003 0.66796875 0.345459375 0.6531984375000001 0.09795000000000001 0.64314375 0.09868906250000001 0.66015625 0.4113765625 0.6718265625 0.41323906250000003
1 0.0324625 0.5573765625 0.028935937499999998 0.5132265625 0.024671875 0.16676249999999998 0.035331249999999995 0.16599999999999998 0.0368546875 0.1561 0.0249765625 0.136303125 0.0234375 0.0012203125 0.0107421875 0 0.010356250000000001 0.1717109375 0.014428125 0.5568140625 0.0324625 0.5573765625
1 0.2902703125 0.43213125 0.2981890625 0.4359390625 0.2890625 0.3137203125 0.3076171875 0.2978515625 0.328125 0.294921875 0.330078125 0.2917484375 0.32890625 0.28671875 0.3134765625 0.2880859375 0.2900390625 0.30517656249999997 0.287225 0.25775625 0.278696875 0.2531875 0.2902703125 0.43213125
1 0.3384375 0.4060546875 0.33984375 0.4216796875 0.34484375 0.420703125 0.34140625 0.330078125 0.34617343749999996 0.3188625 0.35546875 0.299071875 0.35328125 0.2962890625 0.3349609375 0.29541093749999997 0.3171875 0.3005859375 0.318359375 0.306396875 0.3274390625 0.32535 0.333984375 0.3308109375 0.3384375 0.4060546875
0 0.5691234374999999 0.1684578125 0.5465687499999999 0.177359375 0.5222484374999999 0.18310625 0.5040265625 0.186140625 0.4914515625 0.1876390625 0.46763125 0.1880828125 0.431690625 0.1865578125 0.40506093749999994 0.1806640625 0.3689453125 0.1701875 0.351584375 0.16523749999999998 0.3210765625 0.1513671875 0.2952078125 0.139509375 0.26125 0.1205078125 0.24047187499999997 0.108696875 0.2055125 0.084765625 0.1804515625 0.06591875 0.09921875 0 0.091790625 0.000484375 0.1268 0.033123437500000005 0.20195625 0.0920390625 0.2620359375 0.12982968749999999 0.28239843750000004 0.1414515625 0.3293484375 0.163334375 0.36376718750000003 0.177040625 0.422459375 0.19366875 0.42653749999999996 0.1945171875 0.49377343749999997 0.194828125 0.497784375 0.1945546875 0.5404265625 0.1873203125 0.57296875 0.1755859375 0.6092187499999999 0.15390625 0.6159640625 0.1488671875 0.6455093749999999 0.1256421875 0.644290625 0.11612343750000001 0.6118750000000001 0.1439453125 0.6017187500000001 0.1505859375 0.5775859375 0.1648578125 0.5691234374999999 0.1684578125
0 0.0405421875 0 0.0551015625 0.032478125000000004 0.0385265625 0 0.033504687500000005 0.0011421875 0.11574218750000001 0.15686093750000002 0.119140625 0.15258750000000001 0.0466015625 0 0.0405421875 0
0 0.0924578125 0.2670546875 0.0897953125 0.2642015625 0.04984375 0.2246578125 0.04296875 0.22827187499999999 0.08694062500000001 0.271096875 0.0924578125 0.2670546875
0 1 0.24345 0.9984640625000001 0.24281250000000001 0.7293921875 0.2179921875 0.7292609375 0.2246078125 0.7319312499999999 0.2262375 0.7416406249999999 0.22717187499999997 1 0.2499890625 1 0.24345
1 0.3583984375 0.3662109375 0.357421875 0.3698734375 0.3662109375 0.37109375 0.369140625 0.37475625 0.369140625 0.4016109375 0.37109375 0.404053125 0.37109375 0.43335 0.373046875 0.435790625 0.373046875 0.45288125 0.3759765625 0.45654374999999997 0.37890625 0.455321875 0.37890625 0.43335 0.376953125 0.4309078125 0.376953125 0.4113765625 0.375 0.4089359375 0.375 0.3698734375 0.3857421875 0.36865312499999997 0.38671875 0.364990625 0.3642578125 0.36377031249999997 0.3623046875 0.3662109375 0.3583984375 0.3662109375
0 0.058784375 0.186178125 0.08802499999999999 0.21816093749999999 0.10904218750000001 0.2349125 0.113915625 0.23034374999999999 0.097975 0.21687656249999998 0.0706640625 0.18960468749999998 0.12427031250000001 0.2322453125 0.1288390625 0.2257734375 0.102340625 0.2067390625 0.041118749999999996 0.15762343750000002 0.037768750000000004 0.1618109375 0.058784375 0.186178125
0 0.29087968750000004 0.26156250000000003 0.2875296875 0.2638484375 0.292403125 0.269559375 0.3018453125 0.284025 0.309459375 0.287453125 0.3155515625 0.286690625 0.317378125 0.28288437499999997 0.30763124999999997 0.2813609375 0.3027578125 0.2771734375 0.29087968750000004 0.26156250000000003
0 0.29681562499999997 0.29850781249999997 0.3003671875 0.29618125 0.2949546875 0.28117187499999996 0.2892046875 0.26637343750000003 0.2873453125 0.269121875 0.294109375 0.2938546875 0.29681562499999997 0.29850781249999997
0 0.289796875 0.32304374999999996 0.2939203125 0.3303015625 0.3052703125 0.3439515625 0.313125 0.3541015625 0.3157234375 0.3494390625 0.3098703125 0.34264375 0.3006703125 0.33088281249999996 0.29126093750000004 0.3178140625 0.289796875 0.32304374999999996
0 0.3078125 0.3529296875 0.2946875 0.33359375 0.2925 0.3376953125 0.30421875 0.3568359375 0.3078125 0.3529296875
0 1 0.18214687499999999 0.9275156250000001 0.17240625 0.9039953125 0.1685375 0.8347468750000001 0.1570953125 0.7410328125000001 0.14000625 0.6547734375 0.1230859375 0.6550390625 0.1257375 0.6563656250000001 0.1273984375 0.7397046875 0.1449828125 0.9171609374999999 0.175678125 1 0.187115625 1 0.18463281250000002 1 0.18214687499999999
0 1 0.17605781250000002 0.784728125 0.1418109375 0.6542749999999999 0.116046875 0.6540234375 0.12138906249999999 0.747025 0.13929687500000001 0.916940625 0.1678890625 1 0.1801421875 1 0.17605781250000002
0 1 0.169290625 0.84145 0.1445109375 0.7690078125 0.13113593750000002 0.654946875 0.10744218750000001 0.6539671874999999 0.1115265625 0.769809375 0.13715 0.8883609375000001 0.1570234375 1 0.1746890625 1 0.169290625
0 0.6417437500000001 0.1382640625 0.600909375 0.22267968749999997 0.60875 0.219140625 0.645109375 0.1424703125 0.6417437500000001 0.1382640625
0 0.5967640624999999 0.23433437499999998 0.5617921875 0.307784375 0.567078125 0.3082953125 0.6012375 0.23484218750000002 0.5967640624999999 0.23433437499999998
0 0.40120625 0.279665625 0.3290625 0.287109375 0.3303625 0.2926859375 0.396634375 0.286196875 0.45452343749999996 0.27521874999999996 0.55859375 0.2474609375 0.6115265625 0.2279390625 0.627884375 0.22683593750000003 0.6268328125 0.2197375 0.6095890625 0.22210312499999998 0.56046875 0.241015625 0.47609375 0.2640625 0.40120625 0.279665625