1 0.22265625 0.23559531250000001 0.2238375 0.2318453125 0.22282968749999998 0.210915625 0.2179359375 0.211296875 0.2119140625 0.21728593749999997 0.2060546875 0.21728593749999997 0.20465781249999998 0.2102421875 0.2001953125 0.2099609375 0.1865234375 0.21484375 0.18336875 0.2115609375 0.17578125 0.21182343750000002 0.1748046875 0.21728593749999997 0.1669921875 0.21728593749999997 0.16511718749999998 0.21229375 0.1596125 0.212490625 0.16015625 0.24292031249999999 0.162109375 0.25024375 0.169921875 0.25756875 0.169921875 0.2722171875 0.1711453125 0.279796875 0.1787109375 0.28076249999999997 0.1875 0.2819828125 0.189453125 0.3234859375 0.1923828125 0.3271484375 0.1953125 0.325928125 0.197265625 0.3210453125 0.1953125 0.2844234375 0.2080296875 0.279796875 0.208984375 0.2746578125 0.208984375 0.25024375 0.2119140625 0.24658281249999997 0.21667031250000002 0.2547671875 0.22151875 0.254503125 0.22265625 0.24780312499999999 0.22265625 0.23559531250000001
0 0.2482859375 0.31984218750000004 0.20465781249999998 0.3156265625 0.204446875 0.3219515625 0.2468109375 0.325375 0.2539765625 0.3224765625 0.29655312500000003 0.3248484375 0.32648125 0.325375 0.3441859375 0.325375 0.363578125 0.323003125 0.3633671875 0.31641718750000003 0.3465625 0.3185546875 0.329221875 0.319053125 0.25840312499999996 0.3156265625 0.19796875 0.3001953125 0.19640625 0.3064453125 0.21421874999999999 0.3111328125 0.22910624999999998 0.3151 0.2482859375 0.31984218750000004
0 0.23515625 0.306640625 0.21578124999999998 0.2537109375 0.21046874999999998 0.25546875 0.22999999999999998 0.3080078125 0.23515625 0.306640625
0 0.0783484375 0.1871359375 0.0005828125 0.0922671875 0 0.1000375 0.05131718750000001 0.1640046875 0.07230625 0.18980312500000002 0.07460625 0.193634375 0.0754375 0.1998734375 0.0798046875 0.2027328125 0.0856265625 0.20455 0.10708437500000001 0.235221875 0.1366109375 0.26823281250000003 0.16260312500000002 0.29110625 0.17383125 0.2986421875 0.1881375 0.3048796875 0.18772187499999998 0.2970796875 0.182315625 0.2965609375 0.1671359375 0.2866828125 0.1392734375 0.26069375 0.1149453125 0.2326203125 0.0941515625 0.2058515625 0.09144843750000001 0.198571875 0.08583437499999999 0.1923359375 0.0783484375 0.1871359375
0 0.2488046875 0.1727546875 0.1976984375 0.18158593750000002 0.15283906249999998 0.18651562500000002 0.086284375 0.191240625 0.091696875 0.20068906250000002 0.0953125 0.1967875 0.1434609375 0.1932953125 0.1955546875 0.1877484375 0.23648125000000003 0.182203125 0.2703328125 0.1741921875 0.29991249999999997 0.165359375 0.32768437499999997 0.1571421875 0.32637031250000004 0.15200625 0.300240625 0.159196875 0.2488046875 0.1727546875
0 0.159375 0.2123046875 0.15203125 0.21171875 0.13484374999999998 0.204296875 0.11984375 0.1947265625 0.11156250000000001 0.196875 0.12703124999999998 0.2068359375 0.1484375 0.2162109375 0.1590625 0.2169921875 0.159375 0.2123046875
0 0.14984375 0.1927734375 0.14265624999999998 0.19375 0.15578125 0.2041015625 0.1746875 0.2138671875 0.1753125 0.208984375 0.1640625 0.202734375 0.14984375 0.1927734375
0 0.166846875 0.1908671875 0.16140625 0.192578125 0.17015625 0.20078125 0.18640625 0.2111328125 0.18937500000000002 0.2068359375 0.1690625 0.1923828125 0.16828125 0.19140625 0.166846875 0.1908671875
0 0 0 0 0.006164062499999999 0.0205453125 0.010015625 0.0647171875 0.0136109375 0.11690156249999999 0.015921875 0.25290625 0.014381250000000002 0.290709375 0.0123265625 0.2866015625 0.0051375 0.2792046875 0.0056500000000000005 0.1639453125 0.0089890625 0.11953125 0.008984375 0.0556703125 0.0064203125 0.02734375 0.0037109375 0.0041015625 0 0 0
0 0 0.062406249999999996 0.1072453125 0.0677984375 0.16744375 0.0703671875 0.25167812500000003 0.06574375 0.3016578125 0.0600390625 0.3013984375 0.0518765625 0.254965625 0.055985937500000006 0.18819375 0.06137812499999999 0.121009375 0.061634375 0 0.05521406250000001 0 0.062406249999999996
0 0.087521875 0.1802828125 0.100465625 0.1900421875 0.1082734375 0.1879890625 0.0903984375 0.17489062500000002 0.0624578125 0.14818125 0.026503125 0.1104296875 0.0004109375 0.0803828125 0 0.08757343749999999 0.0174640625 0.1078609375 0.0484859375 0.1438171875 0.087521875 0.1802828125
0 0.12244999999999999 0.1756625 0.1372421875 0.1885015625 0.1421734375 0.185934375 0.11423125 0.1615375 0.07663281250000001 0.12121718749999999 0.0486921875 0.08757343749999999 0.030612499999999997 0.0634328125 0.023215625 0.064203125 0.062046875 0.1135109375 0.09676718749999999 0.15229062499999999 0.12244999999999999 0.1756625
0 0.1432 0.17335 0.1563484375 0.1867046875 0.16210156250000002 0.1843921875 0.1501859375 0.1720671875 0.12717499999999998 0.1409921875 0.0977953125 0.097590625 0.0790984375 0.0654890625 0.0735515625 0.0662578125 0.0938921875 0.1022125 0.12121718749999999 0.1435578125 0.1432 0.17335
0 0.1300515625 0.0693390625 0.1218328125 0.0693390625 0.16086875 0.1345703125 0.193740625 0.183109375 0.1976453125 0.17976875 0.161075 0.1242984375 0.1300515625 0.0693390625
0 0.09343749999999999 0.0162109375 0.11890624999999999 0.0607421875 0.12 0.0615234375 0.12421875 0.060546875 0.09921875 0.015234375 0.09343749999999999 0.0162109375
0 0.07453125000000001 0.05859375 0.047031250000000004 0.012109375 0.04203125 0.0134765625 0.06828125 0.058984375 0.07453125000000001 0.05859375
0 0 0.033984375 0.015625 0.05546875 0.016718749999999998 0.0560546875 0.0221875 0.0548828125 0 0.0267578125 0 0.033984375