0 0.6117625 0.34500625 0.48770781249999995 0.3212640625 0.4863234375 0.3276953125 0.61116875 0.3516828125 0.6117625 0.34500625
0 0.5324234375 0.277984375 0.57080625 0.2896078125 0.573378125 0.29035 0.574565625 0.2844140625 0.5346 0.27254375 0.5324234375 0.277984375
0 0.573378125 0.2666078125 0.5334125000000001 0.25968125 0.5324234375 0.26438125 0.57318125 0.2730375 0.573378125 0.2666078125
0 0.5805015625000001 0.234703125 0.513825 0.2488 0.5161984375 0.2547359375 0.582084375 0.2403921875 0.5805015625000001 0.234703125
0 0.46930781250000003 0.24954375 0.504328125 0.2584453125 0.5055156249999999 0.255725 0.5070984375 0.2530046875 0.4744515625 0.2450890625 0.46930781250000003 0.24954375
0 0.4964140625 0.2361875 0.4376515625 0.24484374999999997 0.4376515625 0.2512734375 0.510065625 0.2408859375 0.5888109375 0.22604687499999998 0.5876234375 0.220359375 0.4964140625 0.2361875
0 0.433496875 0.2411328125 0.50868125 0.2277796875 0.5898 0.2126921875 0.588415625 0.2057671875 0.432903125 0.234209375 0.433496875 0.2411328125
0 0.6586531250000001 0.193403125 0.6440125 0.1971109375 0.6446875000000001 0.2017578125 0.65921875 0.198046875 0.6586531250000001 0.193403125
0 0.4511640625 0.16146875 0.54198125 0.1442671875 0.6660734374999999 0.1167484375 0.7746875 0.09073281250000001 0.837815625 0.075896875 0.8371281249999999 0.0692296875 0.7414953125 0.09180625 0.6208437499999999 0.11911093749999999 0.512609375 0.1421171875 0.45011093750000003 0.1541578125 0.4511640625 0.16146875
0 0.60080625 0.023649999999999997 0.5983984375 0.018275 0.5244375 0.04235625 0.42089218749999996 0.075896875 0.42364375 0.08127187500000001 0.4711171875 0.0664359375 0.5586656249999999 0.03805625 0.60080625 0.023649999999999997
0 0.6013234375 0.006234375 0.59874375 0.00064375 0.5177296874999999 0.029884375 0.4217515625 0.0621359375 0.423471875 0.06815625 0.486425 0.047515625 0.566921875 0.0195640625 0.6013234375 0.006234375
0 0.6560937499999999 0 0.63796875 0.0056640625 0.6384375 0.0107421875 0.65734375 0.0046875 0.6560937499999999 0