1 0.025625 0 0.025390625 0.20385781249999999 0.0268625 0.2248125 0.029296875 0.2551265625 0.02734375 0.3210453125 0.029296875 0.4870609375 0.0299328125 0.5164625 0.0350484375 0.521259375 0.05014375 0.521259375 0.04963125 0.4633765625 0.04963125 0.4544234375 0.049375 0.448665625 0.0453125 0 0.025625 0
1 0.1123046875 0 0.1064453125 0.0122078125 0.06549374999999999 0.014390625 0.067284375 0.022384375 0.111328125 0.025634374999999997 0.11328125 0.43335 0.12109375 0.4406734375 0.12890625 0.43335 0.124846875 0.0214265625 0.166290625 0.017270312500000003 0.1673140625 0.00575625 0.1259765625 0.009765625 0.1220328125 0 0.1123046875 0
1 0.2938515625 0.22415 0.28250312499999997 0.2122125 0.2744140625 0.2120171875 0.25609375 0.2275390625 0.255859375 0.23276875000000002 0.2558265625 0.236903125 0.26953125 0.24253437500000002 0.26953125 0.2523 0.25563437499999997 0.2536703125 0.253909375 0.2639703125 0.271484375 0.269390625 0.269790625 0.4626234375 0.2705078125 0.4756890625 0.279296875 0.4769109375 0.279296875 0.2742734375 0.2822265625 0.265728125 0.296875 0.262065625 0.29471875000000003 0.2548078125 0.2841796875 0.2559625 0.28125 0.2449765625 0.2987515625 0.23786093749999998 0.298828125 0.23276875000000002 0.29828125 0.2263671875 0.2938515625 0.22415
1 0.3003984375 0.4707328125 0.30781875 0.4704125 0.3069484375 0.2746578125 0.3175 0.2697265625 0.3167140625 0.2648921875 0.29620625 0.263671875 0.28500000000000003 0.265234375 0.28515625 0.2728515625 0.30046875 0.2732421875 0.3003125 0.3142578125 0.2991359375 0.44555625 0.3003984375 0.4707328125
1 0.47235625 0.218571875 0.48253124999999997 0.21823593749999998 0.5049453125000001 0.23216562500000001 0.50505625 0.3029984375 0.5048140625 0.336775 0.5066765625 0.39682968750000003 0.513903125 0.3951359375 0.513 0.2743375 0.52265625 0.1234375 0.5112953124999999 0.12209531250000001 0.5068984375000001 0.22240000000000001 0.50623125 0.22409374999999998 0.478578125 0.20653125 0.450984375 0.204253125 0.4497265625 0.21467968750000002 0.45088437499999995 0.219596875 0.47235625 0.218571875
0 0.18671875 0 0.19346406249999998 0.0249921875 0.21828124999999998 0.105859375 0.2466875 0.1805796875 0.264146875 0.2189484375 0.2703421875 0.216484375 0.2265625 0.10864218750000001 0.19734374999999998 0.01328125 0.193215625 0 0.18671875 0
0 0.21625 0.150390625 0.22000000000000003 0.159765625 0.2469765625 0.2157828125 0.255625 0.2310546875 0.26 0.2251953125 0.24125000000000002 0.18676718750000001 0.2225 0.1478515625 0.2077484375 0.107134375 0.172284375 0.0123140625 0.1692328125 0.014146875 0.1674640625 0.016896875 0.1763796875 0.0438859375 0.1823890625 0.061953125 0.21625 0.150390625
0 0.383125 0.1900390625 0.3122015625 0.20659999999999998 0.2819453125 0.2128078125 0.2846546875 0.2178890625 0.30078125 0.2158203125 0.375 0.1998046875 0.3989046875 0.19248749999999998 0.496875 0.16484375 0.5079687500000001 0.1625 0.5081890625 0.154103125 0.4425 0.1734375 0.383125 0.1900390625
0 0.6485078125 0.06498593750000001 0.616390625 0.1238140625 0.6084375 0.1375 0.59138125 0.15999531250000001 0.5865203125 0.1663609375 0.57686875 0.17904375 0.5607656249999999 0.193553125 0.5368593749999999 0.208765625 0.5164500000000001 0.21220937499999998 0.5160421875 0.21986875 0.538125 0.217578125 0.5546875 0.2095703125 0.57795625 0.190665625 0.58420625 0.1840109375 0.6101296875 0.14987187500000002 0.63809375 0.1004046875 0.67424375 0.0245921875 0.672784375 0.021689062500000002 0.668446875 0.021689062500000002 0.6485078125 0.06498593750000001
0 0.17034375 0.158025 0.150965625 0.12226718750000001 0.12568125000000002 0.0728984375 0.12512812499999998 0.0938921875 0.16333124999999998 0.1635625 0.18679218749999998 0.20178124999999997 0.19173437499999998 0.19478125 0.17034375 0.158025
0 0.477896875 0.2060640625 0.4825328125 0.2082109375 0.49111874999999994 0.20520468749999998 0.498846875 0.1931859375 0.50203125 0.1859375 0.50485625 0.178159375 0.5002203125 0.177515625 0.49671875 0.1853515625 0.49031250000000004 0.19609375 0.48609375000000005 0.2009765625 0.481846875 0.203703125 0.477896875 0.2060640625
0 0.507978125 0.1772625 0.506521875 0.1707640625 0.37510937499999997 0.2048125 0.294846875 0.2198890625 0.2969265625 0.2256046875 0.3801 0.20871093749999997 0.469303125 0.1871390625 0.507978125 0.1772625
0 0.17140625 0.130859375 0.2006125 0.1901328125 0.207 0.1873890625 0.1872390625 0.14721718749999999 0.15749531249999998 0.082590625 0.1307484375 0.025201562500000003 0.12609375 0.0298828125 0.17140625 0.130859375
0 0.15578125 0.12265625 0.17124999999999999 0.152734375 0.19468749999999999 0.1927734375 0.1996140625 0.189384375 0.1678765625 0.1282515625 0.12593749999999998 0.0361328125 0.12495937500000001 0.053146875 0.15578125 0.12265625