1 0.23828125 0.22582968750000001 0.253125 0.2228515625 0.25421875 0.2166015625 0.2392578125 0.21728593749999997 0.2384375 0.2009765625 0.25390625 0.1962890625 0.25375000000000003 0.190234375 0.2384375 0.192578125 0.23609375 0.187890625 0.22781250000000003 0.1880859375 0.2265625 0.299071875 0.2084375 0.2984375 0.20796874999999998 0.30078125 0.20859375 0.31328125 0.21375000000000002 0.312890625 0.2203125 0.31015625 0.22796875 0.3099609375 0.228515625 0.318603125 0.23135468750000002 0.5103921875 0.23912499999999998 0.50840625 0.2375 0.3244140625 0.23765624999999999 0.3125 0.260625 0.3107421875 0.26046874999999997 0.301171875 0.23890625000000001 0.2998046875 0.236328125 0.2526859375 0.2546875 0.247265625 0.25328125 0.2412109375 0.23828125 0.24292031249999999 0.23828125 0.22582968750000001
1 0.29078125 0.292578125 0.288928125 0.5037703125 0.294921875 0.50415 0.29609375 0.2931640625 0.29078125 0.292578125
0 0 0.2817265625 0.0213625 0.2977484375 0.031965625 0.304646875 0.0615234375 0.32470781249999997 0.09546875 0.346875 0.15234375 0.3802734375 0.17859375 0.3927734375 0.1940625 0.399609375 0.21484375 0.405859375 0.21484375 0.400390625 0.19734374999999998 0.3935546875 0.16609374999999998 0.3779296875 0.1123046875 0.3466796875 0.0915625 0.33203125 0 0.2648921875 0 0.27171249999999997 0.0240328125 0.2919625 0 0.274828125 0 0.2817265625
0 0.02375 0 0.035312500000000004 0.018359375 0.05671875 0.0548828125 0.09796875000000001 0.120703125 0.12625 0.1623046875 0.15265625 0.19921875 0.15687500000000001 0.205078125 0.17921875 0.2337890625 0.181875 0.2376953125 0.18765625 0.244140625 0.20546875 0.26484375 0.22562500000000002 0.2849609375 0.22828125 0.27890625 0.22484375 0.2751953125 0.18937500000000002 0.233984375 0.1578125 0.1935546875 0.1426140625 0.1718609375 0.09125 0.0951171875 0.06 0.0455078125 0.03078125 0 0.02375 0
0 0 0.0080078125 0.00640625 0.0205078125 0.0109375 0.027734375 0.01921875 0.040234375 0.02328125 0.04609375 0.03125 0.0591796875 0.057499999999999996 0.09765625 0.10328124999999999 0.162109375 0.1296875 0.1955078125 0.13578125000000002 0.20390625 0.14046875 0.21015625 0.18843749999999998 0.2642578125 0.21125 0.283984375 0.22562500000000002 0.295703125 0.22796875 0.2916015625 0.21437499999999998 0.277734375 0.18953124999999998 0.2537109375 0.16 0.2197265625 0.13546875 0.190234375 0.0471875 0.0689453125 0.033437499999999995 0.0482421875 0 0.000390625 0 0.0080078125
0 0 0.0654296875 0.044375 0.1263671875 0.055781250000000004 0.1416015625 0.06687499999999999 0.1556640625 0.1121875 0.2072265625 0.1521875 0.2513671875 0.19234374999999998 0.2841796875 0.20437500000000003 0.2927734375 0.21796875 0.3015625 0.21937500000000001 0.2966796875 0.21890625 0.294140625 0.20068437499999997 0.2818109375 0.169375 0.2556640625 0.1453125 0.2328125 0.13578125000000002 0.2220328125 0.11609375 0.20078125 0.1015625 0.1837890625 0.05609375 0.1283203125 0.032968750000000005 0.0978515625 0 0.0560546875 0 0.0654296875
0 0 0.098828125 0.0278125 0.1337890625 0.0721875 0.1861328125 0.13187500000000002 0.2505859375 0.1753125 0.2861328125 0.20031249999999998 0.30234375 0.20765625000000001 0.307421875 0.20859375 0.2998046875 0.18078125 0.2806640625 0.15718749999999998 0.2615234375 0.14390624999999999 0.2501953125 0.10296875000000001 0.20859375 0.05421875 0.153515625 0 0.0884765625 0 0.098828125
0 0.1428125 0 0.18578125 0.09140625 0.21781250000000002 0.146875 0.2321875 0.1697265625 0.24640625 0.190234375 0.253125 0.188671875 0.22531249999999997 0.14765625 0.1975 0.096484375 0.1484375 0 0.1428125 0
0 0.11921875 0 0.1559375 0.075 0.17421875 0.1078125 0.181875 0.1224609375 0.19453125 0.14453125 0.20109375 0.1564453125 0.21265625 0.1724609375 0.215625 0.1767578125 0.22775625000000002 0.19265625 0.23015625 0.18515625 0.22125 0.17265625 0.1975 0.132421875 0.18656250000000002 0.113671875 0.1615625 0.067578125 0.12640625 0 0.11921875 0
0 0.0959375 0 0.1409375 0.0853515625 0.16015625 0.1189453125 0.20359375000000002 0.1884765625 0.22234375 0.2138671875 0.22640625 0.21875 0.22640625 0.2095703125 0.193125 0.159375 0.16171875 0.1060546875 0.13671875 0.0619140625 0.1075 0.00703125 0.10375000000000001 0 0.0959375 0
0 0.29203125 0.281640625 0.28984375 0.278515625 0.28640625000000003 0.2716796875 0.28125 0.2615234375 0.27203125 0.2400390625 0.26328125 0.215234375 0.25515625000000003 0.1919921875 0.25296875 0.198828125 0.2571875 0.2140625 0.2634375 0.230859375 0.27390625 0.25703125 0.28375 0.278515625 0.2875 0.2853515625 0.2934375 0.2916015625 0.2978125 0.2896484375 0.29203125 0.281640625
0 0.23828125 0.2046875 0.24859375 0.216796875 0.2534375 0.2154296875 0.24156249999999999 0.2013671875 0.23828125 0.2046875
0 0.26921875 0.252734375 0.26156250000000003 0.2322265625 0.2553125 0.218359375 0.2525 0.2224609375 0.26375000000000004 0.2556640625 0.27734375 0.28515625 0.285625 0.298828125 0.28765625 0.30078125 0.28921874999999997 0.294140625 0.2809375 0.28125 0.276875 0.271484375 0.26921875 0.252734375
0 0.23734375000000002 0.23125 0.24703124999999998 0.241015625 0.25109375 0.238671875 0.24 0.2267578125 0.23734375000000002 0.23125
0 0.2784375 0.3037109375 0.28828125 0.31640625 0.28921874999999997 0.3173828125 0.28921874999999997 0.310546875 0.2859375 0.305859375 0.27875 0.2935546875 0.270625 0.276953125 0.25640625 0.244921875 0.2534375 0.2490234375 0.2634375 0.275390625 0.2784375 0.3037109375
0 0.1828125 0.37265625 0.176875 0.3703125 0.13414062499999999 0.3453890625 0.06287812499999999 0.2974796875 0.0002 0.2538140625 0 0.26055 0.0137734375 0.27103125 0.0718609375 0.3122015625 0.11015625 0.3380859375 0.14328125 0.359765625 0.15984375 0.36875 0.1740625 0.375390625 0.18125 0.3783203125 0.1828125 0.37265625
1 0.3055296875 0.434671875 0.3058828125 0.5009 0.3117109375 0.500853125 0.3101203125 0.33125 0.30464531250000004 0.3303671875 0.3055296875 0.434671875
0 0.23734375000000002 0.3283203125 0.25109375 0.3455078125 0.2384375 0.3373046875 0.23796875 0.34375 0.25640625 0.353515625 0.26359374999999996 0.357421875 0.2684375 0.374609375 0.27375 0.37265625 0.26125 0.3150390625 0.25703125 0.316015625 0.26296875000000003 0.3427734375 0.25984375000000004 0.3423828125 0.2515625 0.3158203125 0.24656250000000002 0.3171875 0.25625 0.342578125 0.2534375 0.342578125 0.24125000000000002 0.3240234375 0.23734375000000002 0.3283203125
1 0.2214640625 0.42186874999999996 0.22075781249999998 0.3900796875 0.2152828125 0.3907421875 0.2159890625 0.42253125 0.2214640625 0.42186874999999996
0 0 0.3435546875 0.029279687500000002 0.3613453125 0.042589062500000004 0.3695546875 0.0803875 0.3828625 0.11428281250000001 0.395728125 0.14019062499999999 0.4043796875 0.16751875 0.4108125 0.1889921875 0.4125875 0.2129484375 0.4128078125 0.212415625 0.4077078125 0.174971875 0.4068203125 0.14906406249999998 0.4003875 0.110378125 0.387965625 0.06832031250000001 0.37155 0.0209375 0.348046875 0 0.3361328125 0 0.3435546875