1 0.0390625 0.24536093750000001 0.029253125 0.249215625 0.027762500000000002 0.2555015625 0.0370796875 0.2603953125 0.0415515625 0.44206406249999997 0.04285625 0.4641890625 0.0439453125 0.47607499999999997 0.05078125 0.474853125 0.048828125 0.2648921875 0.059625 0.2627234375 0.060067187499999994 0.25605781250000004 0.0493765625 0.25061093749999996 0.04676875 0.22685624999999998 0.07005937500000001 0.2247578125 0.0712890625 0.21240312499999997 0.0400390625 0.21240312499999997 0.037109375 0.21606406250000001 0.0390625 0.24536093750000001
1 0.5712890625 0.2490234375 0.5615234375 0.2490234375 0.560546875 0.2551265625 0.5673828125 0.25634843749999997 0.572265625 0.2624515625 0.57421875 0.3625484375 0.5771484375 0.3662109375 0.578125 0.364990625 0.580078125 0.3625484375 0.580078125 0.2844234375 0.578125 0.2819828125 0.580078125 0.2746578125 0.580078125 0.260009375 0.5830078125 0.25634843749999997 0.5947265625 0.25634843749999997 0.595703125 0.25024375 0.5732421875 0.24658281249999997 0.5712890625 0.2490234375
1 0.52734375 0.29663125 0.5283203125 0.2978515625 0.5419921875 0.2978515625 0.544921875 0.3015140625 0.544921875 0.3308109375 0.546875 0.3332515625 0.546875 0.338134375 0.5478515625 0.33935624999999997 0.55078125 0.338134375 0.55078125 0.3039546875 0.5504078125 0.2984546875 0.5537109375 0.29541093749999997 0.556640625 0.2941890625 0.5537109375 0.29052812499999997 0.5361328125 0.29052812499999997 0.5341796875 0.2880859375 0.5283203125 0.2880859375 0.52734375 0.28930625 0.52734375 0.29663125
0 0.763653125 0.11423749999999999 0.80785625 0.13723593750000002 0.8165125 0.1355375 0.7692546874999999 0.10950625 0.763653125 0.11423749999999999
0 0.08916874999999999 0.2201921875 0.191221875 0.21298124999999998 0.3416390625 0.19856093749999998 0.4982828125 0.182475 0.609653125 0.170828125 0.7196765625 0.1564078125 0.8298375 0.1421984375 0.8838484375 0.13533125 0.9171265625 0.1297859375 0.9167031250000001 0.12257499999999999 0.8891921875 0.1270109375 0.81420625 0.13644218749999998 0.74809375 0.14586875 0.57769375 0.1647265625 0.4188484375 0.18302968749999998 0.0980421875 0.212425 0.071003125 0.2131265625 0.07047187499999999 0.21861875 0.070528125 0.2214375 0.08916874999999999 0.2201921875
0 0.4383375 0.32833125 0.4764390625 0.3279109375 0.5071218749999999 0.324959375 0.5071218749999999 0.319903125 0.4730671875 0.32327343750000004 0.4288953125 0.324959375 0.4292328125 0.32833125 0.4383375 0.32833125
0 0.165440625 0.31725781249999996 0.0788125 0.31074375 0.0798984375 0.3153578125 0.0826390625 0.31775000000000003 0.21764999999999998 0.3291265625 0.2281859375 0.3292 0.22729062500000002 0.322384375 0.165440625 0.31725781249999996
0 0 0.223871875 0.038196875000000005 0.2228953125 0.0376671875 0.21676406250000002 0 0.2173546875 0 0.223871875
0 0.135871875 0.24450781250000003 0.1391921875 0.2547015625 0.25801875 0.24418125000000002 0.3482234375 0.23612656250000003 0.34681875 0.22570312499999998 0.29035 0.2307390625 0.135871875 0.24450781250000003
0 0.930859375 0.126978125 1 0.11795156250000001 0.9994640625000001 0.1104296875 0.9298968750000001 0.12065937499999999 0.9303781250000001 0.12487343749999999 0.930859375 0.126978125
0 1 0.0824453125 0.9298437500000001 0.087890625 0.9301375000000001 0.095084375 1 0.08996875 1 0.0824453125
0 0.6929796875 0.073709375 0.686678125 0.0759609375 0.7233640625 0.094809375 0.747671875 0.10606249999999999 0.750596875 0.10240625 0.7217890625 0.08749375000000001 0.6929796875 0.073709375
0 0.582921875 0.017724999999999998 0.5505125 0 0.5425 0.003125 0.5779703125 0.02194375 0.582921875 0.017724999999999998
0 0.067078125 0.22545625 0.0465828125 0.24409062499999998 0.047514062499999996 0.24967968749999997 0.07117812500000001 0.22825156249999998 0.067078125 0.22545625
0 0 0.20715625000000001 0.16989218749999999 0.1837203125 0.4978734375 0.13974375 0.780265625 0.109365625 0.9133578124999999 0.096634375 0.9128953125000001 0.0902703125 0.6355984375 0.11862500000000001 0.42195625000000003 0.14292812500000002 0.22243906249999998 0.16925625 0.10092656250000001 0.18748437499999998 0 0.2010890625 0 0.20715625000000001
0 0.14639843749999998 0.283065625 0.0866640625 0.2365515625 0.08449375 0.2423359375 0.162525 0.30215000000000003 0.183365625 0.3173390625 0.1865375 0.312090625 0.14639843749999998 0.283065625
0 0.15245625000000002 0.2692609375 0.1112109375 0.23523906249999998 0.10787187499999999 0.2387875 0.148615625 0.27322812500000004 0.15245625000000002 0.2692609375