1 0.181334375 0.046425 0.173140625 0.0466546875 0.17186247968749999 0.049805045312500004 0.1498827875 0.050740351562499994 0.1498375 0.05871562500000001 0.17209630625 0.0586904515625 0.173490625 0.13268437500000002 0.18250312500000002 0.13143125 0.18238467187500002 0.1063910578125 0.21029218749999998 0.105146875 0.210677678125 0.097271825 0.1826184984375 0.09633651875 0.18285232499999998 0.0577551453125 0.2127953125 0.057892187500000004 0.21329531249999997 0.04099375 0.203675371875 0.0404355515625 0.2035089703125 0.048922025 0.1991825328125 0.049088426562499995 0.194356890625 0.049088426562499995 0.19353125 0.040281250000000005 0.1846109375 0.040281250000000005 0.181334375 0.046425
1 0.2031952296875 0.1802802328125 0.2203125 0.1806640625 0.22055625 0.20215624999999998 0.20927471875 0.20296140468749999 0.210210025 0.21184681093750002 0.221433696875 0.21184681093750002 0.2215578125 0.3160640625 0.2215328125 0.3941265625 0.2268140625 0.394296875 0.232321875 0.394296875 0.23057031249999999 0.21123124999999998 0.24133437500000002 0.2106046875 0.25310156250000004 0.209978125 0.2521 0.20309375 0.23125 0.2021484375 0.230733975 0.1795670265625 0.24659218749999998 0.17962499999999998 0.24809375 0.16241250000000002 0.20209335624999997 0.1607414515625 0.2031952296875 0.1802802328125
1 0.2551875 0.2109 0.2551875 0.224571875 0.24133437500000002 0.2240609375 0.24103172499999997 0.2323429984375 0.2551875 0.232384375 0.2551875 0.271446875 0.2614375 0.271446875 0.261466325 0.2336302171875 0.27387968749999997 0.23344843750000002 0.27562573125 0.2252632953125 0.2613625 0.2246875 0.2614375 0.212853125 0.2758828125 0.210290625 0.27688437499999996 0.2012171875 0.23565624999999998 0.2021109375 0.23253125 0.2099234375 0.2551875 0.2109
1 0.2716265625 0.27444375 0.272025 0.2875609375 0.2778859375 0.28852500000000003 0.27688437499999996 0.25253749999999997 0.28564687499999997 0.25285156249999996 0.28614687499999997 0.24815625 0.2788875 0.24815625 0.2786359375 0.2353265625 0.2871484375 0.2353265625 0.2873984375 0.22875625 0.27488125 0.22875625 0.2708765625 0.22875625 0.2716265625 0.27444375
0 0.18 0 0.195540625 0.028164062499999996 0.2047140625 0.0432515625 0.21056406249999998 0.040471875000000004 0.20263593750000003 0.028357812500000003 0.18717187500000002 0 0.18 0
0 0.2089265625 0.059048437499999995 0.21997968750000002 0.10011874999999999 0.22900468749999997 0.13170781250000002 0.23960937499999999 0.162728125 0.2458609375 0.16188750000000002 0.23080937499999998 0.11675781249999999 0.2136625 0.05696875 0.2089265625 0.059048437499999995
0 0.2309609375 0.1591125 0.2096015625 0.10435000000000001 0.20554062499999998 0.106040625 0.2172734375 0.138475 0.22604687499999998 0.1624796875 0.2309609375 0.1591125
0 0.22327499999999997 0.16156874999999998 0.203246875 0.10663125 0.19842500000000002 0.10848437500000001 0.21696875000000002 0.163421875 0.22327499999999997 0.16156874999999998
0 0.208253125 0.094809375 0.19619999999999999 0.058878125 0.190265625 0.060964062500000006 0.20176249999999998 0.0959671875 0.208253125 0.094809375
0 0.24671875000000001 0.1726328125 0.258375 0.19029218750000002 0.26385000000000003 0.19029218750000002 0.2495453125 0.1695421875 0.24671875000000001 0.1726328125
0 0.3526828125 0.2348859375 0.277271875 0.19934375 0.274375 0.2048828125 0.34953124999999996 0.240234375 0.3526828125 0.2348859375
0 0.23171875000000003 0.1841796875 0.27 0.202734375 0.2734375 0.198046875 0.2453125 0.1849609375 0.23435625 0.17991718750000002 0.23171875000000003 0.1841796875
0 0.24813125 0.20133125000000002 0.2317078125 0.18786562499999998 0.23011875 0.19360468749999998 0.239478125 0.20177343749999999 0.24813125 0.20133125000000002
0 0.26749999999999996 0.2115234375 0.26171875 0.21484375 0.28828125 0.2314453125 0.3353125 0.2564453125 0.3367101625 0.2518311421875 0.29312499999999997 0.22734375 0.26749999999999996 0.2115234375
0 0.429015625 0.3284828125 0.42848437500000003 0.32313749999999997 0.3443546875 0.301296875 0.2794671875 0.2824234375 0.27895501718750004 0.2892433828125 0.3271 0.3024203125 0.383359375 0.317025 0.429015625 0.3284828125
0 0.1900734375 0.040053125 0.1727765625 0.0172953125 0.1685890625 0.0211640625 0.18515781250000002 0.042556250000000004 0.1900734375 0.040053125