1 0.871584375 0 0.8734375 0.0361328125 0.86015625 0.037109375 0.8531328125 0.0223328125 0.8493578125000001 0.0211328125 0.8474734375 0.019140625 0.8452921874999999 0.0270171875 0.8417109375 0.065896875 0.8463968749999999 0.1047015625 0.875 0.1103515625 0.8755671875000001 0.2666203125 0.878125 0.3408203125 0.871875 0.4794921875 0.8715624999999999 0.5539968749999999 0.884021875 0.5554796875 0.8899546875000001 0.5480640625000001 0.896875 0.4814453125 0.8970734374999999 0.41308749999999994 0.8984375 0.3916015625 0.9015625 0.3369140625 0.9004109375 0.293478125 0.9015625 0.1201171875 0.91015625 0.107421875 0.940625 0.1044921875 0.9421875 0.0341796875 0.8849734375 0.0332015625 0.8843484374999999 0 0.871584375 0
1 0.76445 0.26455625 0.753290625 0.2611265625 0.7529250000000001 0.26684375 0.7554859375 0.2730171875 0.756034375 0.28605 0.7671875 0.2919921875 0.7622609375 0.505303125 0.7738171875 0.5036968749999999 0.777240625 0.4801578125 0.78125 0.3134765625 0.7838390625 0.2890234375 0.797925 0.2883375 0.7984375 0.2861328125 0.8001203125 0.2641 0.77890625 0.263671875 0.7716765624999999 0.24716875 0.7642671875 0.2476375 0.76445 0.26455625
0 0.9034171875 0.20551406249999998 0.914490625 0.195884375 0.9597453125 0.1540609375 1 0.1155453125 0.9994640625000001 0.1077203125 0.9007687499999999 0.1973890625 0.9034171875 0.20551406249999998
0 0.9289328125 0.12306874999999999 0.9243593750000001 0.12788125 0.9207484375 0.1339 0.9000468749999999 0.1381125 0.9002874999999999 0.1447328125 0.9108796874999999 0.1438296875 0.9183421875000001 0.1420234375 0.9250812500000001 0.1408203125 0.9296562500000001 0.1354046875 0.931821875 0.1302890625 0.9349515625 0.124571875 0.9359140625 0.11885468749999999 0.9354828124999999 0.10899062500000001 0.9279703125 0.108625 0.9289328125 0.12306874999999999
0 0.8470890624999999 0.11915625 0.8507 0.1263765625 0.8535890625 0.1317921875 0.86056875 0.139315625 0.8680312499999999 0.141421875 0.8730859375 0.141421875 0.8723640625 0.13630625000000002 0.8714015625 0.13630625000000002 0.8675499999999999 0.1357046875 0.8620140624999999 0.13209375 0.8571984374999999 0.126978125 0.852625 0.11975781249999999 0.8531062500000001 0.10681875 0.84855625 0.1069984375 0.8470890624999999 0.11915625
0 0.9760453124999999 0 0.9418046875 0.032100000000000004 0.9454437499999999 0.0382515625 0.982678125 0.002675 0.9760453124999999 0
0 0.9358140625000001 0 0.9075656249999999 0.031296875 0.9133437499999999 0.033971875 0.9422328125 0.0010703125 0.9358140625000001 0
0 0.9073515625 0 0.8863796875000001 0.027284375 0.889803125 0.031564062500000004 0.9141999999999999 0.0002671875 0.9073515625 0
0 0.835171875 0.10478281250000002 0.8437203125 0.07213125000000001 0.8405109375 0.06880468749999999 0.81575625 0.14853125 0.8012609375 0.18996249999999998 0.786265625 0.22661250000000002 0.7854671875 0.2297125 0.7912921875000001 0.230078125 0.8097625 0.185521875 0.8218734375000001 0.14811875000000002 0.835171875 0.10478281250000002
0 0.8095421875 0.2081484375 0.8008140625 0.22269687500000002 0.8046374999999999 0.22639843750000002 0.817165625 0.2063609375 0.83116875 0.174578125 0.8497781249999999 0.12644375000000002 0.8470140625000001 0.12160625 0.8095421875 0.2081484375
0 0.855046875 0.2087921875 0.8729093750000001 0.1804390625 0.8696375 0.17546250000000002 0.8321546874999999 0.2333203125 0.836934375 0.2374078125 0.855046875 0.2087921875
0 0.8460546875 0.180178125 0.8641671875 0.1411875 0.8586515625000001 0.1397640625 0.820153125 0.219271875 0.825175 0.2230375 0.8460546875 0.180178125