1 0.956934375 0 0.9620578125 0.45162500000000005 0.981046875 0.45294375000000003 0.98125 0.4345703125 0.9768265625 0.012990625 0.9756390625 0 0.956934375 0
1 0.2571875 0.148046875 0.255625 0.1380859375 0.234375 0.1337890625 0.23828125 0.119140625 0.258125 0.119921875 0.2575 0.109375 0.23671875 0.111328125 0.23203125 0.103515625 0.225 0.1083984375 0.2203125 0.2744140625 0.223309375 0.49885 0.23394374999999998 0.497284375 0.2328125 0.2197265625 0.24484374999999997 0.219140625 0.24375 0.2080078125 0.24156249999999999 0.1869140625 0.234375 0.1767578125 0.25625 0.1728515625 0.25609375 0.1654296875 0.23671875 0.1640625 0.234375 0.1494140625 0.2571875 0.148046875
1 0.3421875 0.3017578125 0.35390625 0.30078125 0.35625 0.2939453125 0.32265625 0.291015625 0.32109375 0.298828125 0.334375 0.3017578125 0.334375 0.4287109375 0.3359375 0.4560546875 0.340625 0.4560546875 0.3421875 0.3017578125
1 0.35340625000000003 0.35557656249999997 0.3671875 0.3642578125 0.3670890625 0.4543609375 0.3740296875 0.4530765625 0.371875 0.3564453125 0.379628125 0.35557656249999997 0.38125 0.3525390625 0.3824078125 0.337775 0.36796875 0.337890625 0.35531562499999997 0.3379921875 0.3578125 0.3447265625 0.3640625 0.3486328125 0.35340625000000003 0.348846875 0.35340625000000003 0.35557656249999997
1 0.39074375 0.3811921875 0.39375 0.4345703125 0.3984375 0.4345703125 0.4015109375 0.38206093750000003 0.39074375 0.3811921875
0 0.154228125 0 0.217396875 0.0796546875 0.2458421875 0.11128437499999999 0.25 0.1064453125 0.1616171875 0 0.154228125 0
0 0.12522968750000002 0 0.18515625 0.076171875 0.2247859375 0.12075 0.22570937500000002 0.110821875 0.18045625 0.058875 0.133171875 0 0.12522968750000002 0
0 0.0936453125 0 0.17734375 0.1015625 0.2233078125 0.147303125 0.225340625 0.13899062499999998 0.181565625 0.09419999999999999 0.1010328125 0 0.0936453125 0
0 0.9109609375 0.1597875 0.8517234374999999 0.16899843750000001 0.7808640625 0.17643906250000002 0.6301859375000001 0.1891 0.5465078125 0.1933921875 0.4629984375 0.194959375 0.394825 0.1948609375 0.2423375 0.1927359375 0.24308749999999998 0.1980875 0.3079265625 0.20215624999999998 0.24308749999999998 0.20215624999999998 0.245340625 0.20935312499999997 0.3434671875 0.2076546875 0.6395609375 0.20081875 0.9192484375 0.183240625 0.9628296875 0.17891718750000002 0.960846875 0.172896875 0.9236968750000001 0.1757484375 0.789078125 0.18537187500000002 0.960846875 0.16085 0.9622171875 0.1529671875 0.9347703125000001 0.15624375 0.9109609375 0.1597875
0 0 0.18872187499999998 0.0895046875 0.2491703125 0.1006515625 0.257571875 0.1055703125 0.264128125 0.1665625 0.2892578125 0.18917343749999999 0.29835 0.22328125000000001 0.301953125 0.22296875 0.2970703125 0.218109375 0.29695312500000004 0.2153546875 0.29630625 0.21015625 0.2947265625 0.199375 0.291796875 0.16474375000000002 0.27995312499999997 0.12421875 0.26171875 0.1081921875 0.2520390625 0 0.1787109375 0 0.18872187499999998
0 0.6252265625 0 0.535090625 0.0341703125 0.46194687500000003 0.060721875 0.40078125 0.080078125 0.3394875 0.09812499999999999 0.2598796875 0.11567187500000001 0.2596953125 0.1216734375 0.34453125 0.10546875 0.43218750000000006 0.0794921875 0.4534375 0.07265625 0.5290625 0.0455078125 0.6409374999999999 0 0.6252265625 0
0 0.7810937499999999 0 0.653125 0.0525390625 0.53515625 0.095703125 0.4721875 0.1171875 0.3621875 0.1482421875 0.27296875 0.168359375 0.27328125000000003 0.173828125 0.34921875 0.16015625 0.43140625000000005 0.13828125 0.49140625 0.12109375 0.55734375 0.096484375 0.6407812500000001 0.0669921875 0.64953125 0.0634765625 0.7990625 0 0.7810937499999999 0
0 0.44984375 0.0943359375 0.42125 0.103515625 0.40921874999999996 0.107421875 0.34078125 0.1265625 0.26546875000000003 0.141015625 0.2653125 0.146875 0.35078125 0.1328125 0.46328125 0.099609375 0.53390625 0.0755859375 0.6696875 0.025 0.7286609375 0.00069375 0.7168390625 0 0.67265625 0.0158203125 0.64 0.02734375 0.50390625 0.07734375 0.44984375 0.0943359375
1 0.020490625000000002 0.350446875 0.0222796875 0.30674375 0.0316375 0.300809375 0.0296875 0.2958984375 0.01640625 0.287109375 0.010328125 0.291178125 0.006884375 0.295890625 0.015625 0.2998046875 0.0143109375 0.349634375 0.020490625000000002 0.350446875
0 0.1515625 0.2509765625 0.20515625 0.237109375 0.22125 0.2322265625 0.2190625 0.2271484375 0.1421875 0.2470703125 0.1515625 0.2509765625
0 0 0.2811375 0.10328124999999999 0.262890625 0.10015624999999999 0.2568359375 0 0.27335 0 0.2811375
0 0.922015625 0 0.8953125 0.1357421875 0.8905546875000001 0.16085 0.8984375 0.1611328125 0.92734375 0 0.922015625 0
0 0 0.254703125 0.01508125 0.2520390625 0.033278125 0.24937499999999999 0.07294843749999999 0.243434375 0.06885 0.2379 0 0.247275 0 0.254703125
0 0.1340171875 0.347609375 0.089853125 0.3666453125 0.091375 0.3715953125 0.16847499999999999 0.336421875 0.18975625000000002 0.32590625 0.184884375 0.3232421875 0.1340171875 0.347609375
0 0 0.33288281249999996 0.014559375 0.33313281250000004 0.0145890625 0.3272421875 0 0.327446875 0 0.33288281249999996
0 0 0.318840625 0.015409375 0.318840625 0.015737499999999998 0.3128984375 0 0.3128984375 0 0.318840625
0 0.09245624999999999 0.31638125 0.021475 0.3243734375 0.0213109375 0.33092968749999996 0.128846875 0.318021875 0.2045828125 0.30572656249999997 0.2017953125 0.30121875 0.09245624999999999 0.31638125
0 0.06114531250000001 0.3079796875 0.0216390625 0.31248906249999997 0.021965625 0.318021875 0.10884843749999999 0.30859375 0.186221875 0.2981453125 0.179665625 0.2936375 0.06114531250000001 0.3079796875
0 0.143109375 0.2901515625 0.1544203125 0.2963 0.15999375 0.2942515625 0.13343750000000001 0.2751953125 0.125240625 0.27621875 0.143109375 0.2901515625
0 0.20406249999999998 0.26875 0.2146875 0.2732421875 0.21703125 0.26875 0.17124999999999999 0.2458984375 0.16312500000000002 0.2478515625 0.20406249999999998 0.26875
0 0.21953125 0.28359375 0.16625 0.2576171875 0.12390625 0.23359375 0.1 0.2140625 0.07671875 0.1931640625 0.07265625 0.197265625 0.10687500000000001 0.2298828125 0.115625 0.2376953125 0.1234375 0.2404296875 0.15015625 0.2564453125 0.1796875 0.2720703125 0.2090625 0.28515625 0.2190625 0.2896484375 0.21953125 0.28359375
0 0.16078125000000001 0.24140625 0.10078125 0.20859375 0.09703125 0.2109375 0.1053125 0.218359375 0.15265625 0.2443359375 0.16078125000000001 0.24140625
0 0.13828125 0.248828125 0.11109374999999999 0.2533203125 0.11859375000000001 0.2583984375 0.1434375 0.252734375 0.13828125 0.248828125
0 0.1084375 0.2318359375 0.08515625 0.2345703125 0.0875 0.23828125 0.11156250000000001 0.236328125 0.1084375 0.2318359375
0 0 0.141959375 0.044459375 0.171946875 0.0349953125 0.1680953125 0.00022031249999999997 0.1474609375 0 0.1612171875 0.028171875000000002 0.172221875 0.05084062499999999 0.185428125 0.05502343750000001 0.19450625 0.0631671875 0.201109375 0.07065 0.1989078125 0.07373125 0.19313125 0.07373125 0.1892796875 0.15494531250000002 0.19313125 0.22339375 0.1986328125 0.22383437499999997 0.1892796875 0.068228125 0.1799265625 0.060965625 0.17112031249999998 0.05018125 0.17112031249999998 0 0.1353578125 0 0.141959375
0 0.07659218749999999 0.199734375 0.032353124999999996 0.199734375 0.040496875 0.2063359375 0.08121406249999999 0.20606093749999999 0.07659218749999999 0.199734375
0 0.2236140625 0.201934375 0.0862765625 0.2005578125 0.093759375 0.2079859375 0.22339375 0.2077109375 0.2236140625 0.201934375
0 0.14354687500000002 0.2118890625 0.2167328125 0.2290546875 0.218990625 0.2227046875 0.1627375 0.209534375 0.1437359375 0.21000625 0.14354687500000002 0.2118890625
0 0.26796875 0.190625 0.2584375 0.174609375 0.25359375 0.176171875 0.26390625 0.1923828125 0.26796875 0.190625
0 0.25828125 0.12109375 0.2521875 0.1212890625 0.2653125 0.1646484375 0.25859375 0.149609375 0.25328125 0.1515625 0.27203125 0.1916015625 0.27984375 0.19296875 0.25828125 0.12109375
0 0.25109375 0.1333984375 0.23546874999999998 0.120703125 0.23359375 0.1267578125 0.24078125 0.1318359375 0.24906250000000002 0.137890625 0.25109375 0.1333984375
0 0.31172656249999997 0.2715671875 0.30981562500000004 0.2641859375 0.325271875 0.284809375 0.3365609375 0.2921890625 0.34211718750000003 0.2900171875 0.327703125 0.2791640625 0.31520000000000004 0.26331875 0.3035640625 0.2468203125 0.28515625 0.2075265625 0.281334375 0.20882968750000003 0.2828984375 0.220553125 0.2776875 0.20839687499999998 0.27160937500000004 0.209915625 0.28602343750000003 0.2333609375 0.30286875 0.269396875 0.318325 0.2934921875 0.3223203125 0.28871718749999997 0.31172656249999997 0.2715671875
0 0.354446875 0.301740625 0.371640625 0.3375578125 0.37858749999999997 0.335821875 0.358615625 0.29805000000000004 0.354446875 0.301740625
0 0.3700765625 0.3369078125 0.3508 0.30130625 0.3448953125 0.3030421875 0.3641734375 0.33821093750000003 0.3700765625 0.3369078125
0 0.8851687500000001 0.1842328125 0.8715640625000001 0.2667828125 0.876665625 0.2685546875 0.8925375000000001 0.184940625 0.8851687500000001 0.1842328125
0 0.9140796874999999 0.3135515625 0.9619796875000001 0.19131875 0.959321875 0.1788890625 0.8617453125000001 0.42453906249999995 0.8655125 0.43053125000000003 0.9140796874999999 0.3135515625
0 0.9515890625000001 0.1796296875 0.8578625000000001 0.415196875 0.8620890625 0.4225921875 0.9581671875 0.182546875 0.9515890625000001 0.1796296875
0 1 0.1532796875 0.978415625 0.15284375 0.9786078125 0.162928125 1 0.1630859375 1 0.1532796875
0 1 0.17369062500000002 0.9779953125 0.173328125 0.9786078125 0.18334062499999998 1 0.1827828125 1 0.17369062500000002
0 0.23548437500000002 0.3037109375 0.233278125 0.3086109375 0.2612109375 0.3493453125 0.28781249999999997 0.3849609375 0.3016390625 0.4011046875 0.310459375 0.409375 0.31364375 0.4099875 0.321240625 0.41059999999999997 0.3325 0.409375 0.3342265625 0.40784374999999995 0.3337359375 0.4038640625 0.31796875 0.40390625 0.3103125 0.3984375 0.29874999999999996 0.387109375 0.27671875 0.3607421875 0.253125 0.3276015625 0.244375 0.3126953125 0.23734375000000002 0.3021484375 0.23548437500000002 0.3037109375
0 0.23453125 0.2966796875 0.25138906250000004 0.3166859375 0.2702546875 0.3375109375 0.2884375 0.355078125 0.2940625 0.35078125 0.27625 0.334375 0.24746875 0.303515625 0.2369328125 0.289734375 0.23453125 0.2966796875
0 0.24015625 0.28203125 0.255625 0.3060546875 0.2609375 0.3041015625 0.24343750000000003 0.2787109375 0.24015625 0.28203125