1 0.080765625 0 0.08015022499999999 0.0199875875 0.0645599078125 0.0267833671875 0.029781504687499998 0.0317802640625 0.0301515625 0.0403828125 0.06796875 0.04296875 0.07295469375 0.083747990625 0.0819491078125 0.08674612968749999 0.08125 0.0927734375 0.0893421875 0.524640625 0.1080012265625 0.5267428234375 0.106053125 0.5141953125 0.097939178125 0.1411123671875 0.10573433750000001 0.14151211875 0.1053345859375 0.131518325 0.09833892968749999 0.11272999218749999 0.0953125 0.0537109375 0.0961402953125 0.034978278125 0.120924903125 0.032379892187499995 0.1230046875 0.0498046875 0.13088125 0.0489359375 0.1317182015625 0.031980140625 0.1413122421875 0.031980140625 0.140625 0.0244140625 0.139313484375 0.0111930484375 0.13231782812499998 0.011392925 0.130918696875 0.0123923046875 0.126521428125 0.02138671875 0.09574054374999999 0.023185601562499998 0.0969171875 0 0.080765625 0
1 0.32477812500000003 0.4626796875 0.315625 0.2036 0.30831875000000003 0.200728125 0.3140625 0.40086562499999995 0.31715 0.46368124999999993 0.32477812500000003 0.4626796875
0 0.154809375 0.048328125 0.15849843749999998 0.055146875 0.1613875 0.05915625 0.20521250000000002 0.126528125 0.2453046875 0.18086875 0.27677968750000004 0.22142343750000001 0.281340625 0.2149390625 0.24457187500000002 0.168521875 0.2015625 0.1083984375 0.161890625 0.0459609375 0.157134375 0.0379578125 0.151921875 0.0300796875 0.1410125 0.009225 0.138390625 0.0108734375 0.137203125 0.01285 0.1366453125 0.0171484375 0.154809375 0.048328125
0 0.2599390625 0.1461140625 0.2265625 0.0932296875 0.174371875 0.00045624999999999995 0.167378125 0 0.2421875 0.13424687500000002 0.29536406249999997 0.21001875 0.301828125 0.2055640625 0.28445 0.18109843750000001 0.2599390625 0.1461140625
0 0.20030156250000003 0 0.265625 0.1318359375 0.31394687499999996 0.2031359375 0.3194828125 0.19770000000000001 0.307865625 0.182240625 0.2765625 0.1337890625 0.26942343750000003 0.12171093749999999 0.2060796875 0 0.20030156250000003 0
0 0.10147656249999999 0.13223281250000002 0.19968125 0.22672656249999998 0.2084828125 0.225278125 0.0975703125 0.117584375 0.10147656249999999 0.13223281250000002
0 0.700746875 0.139840625 0.7010890625 0.146275 0.7601140625 0.146275 0.759375 0.1396484375 0.700746875 0.139840625
0 0.20732499999999998 0.132328125 0.20547187500000003 0.125959375 0.194584375 0.125090625 0.099609375 0.1184296875 0.1026203125 0.1253796875 0.20732499999999998 0.132328125
0 0.46182656250000004 0.13591718749999998 0.273221875 0.1304828125 0.2775703125 0.13740312500000001 0.3704890625 0.14135625000000002 0.380375 0.14135625000000002 0.3950046875 0.14234375 0.680878125 0.1458046875 0.6800875 0.1398734375 0.46182656250000004 0.13591718749999998
0 0.25180156249999996 0.30838125 0.2557390625 0.30838125 0.2589109375 0.307328125 0.099840625 0.1951640625 0.0988171875 0.19835 0.0983765625 0.20247500000000002 0.25180156249999996 0.30838125
0 0.176053125 0.20471875 0.1739671875 0.2018234375 0.16400625 0.1922671875 0.0984375 0.1886921875 0.10122968750000001 0.200665625 0.176053125 0.20471875
0 0.1794515625 0.19641718749999998 0.190878125 0.207615625 0.266859375 0.20964062499999997 0.2589828125 0.1980578125 0.1794515625 0.19641718749999998
0 0.2700359375 0.1995421875 0.27706718750000003 0.2102859375 0.290328125 0.210509375 0.2961203125 0.2102203125 0.306584375 0.21059375 0.306584375 0.20121875 0.2700359375 0.1995421875
0 0.15339687500000002 0.25116875 0.15625781249999998 0.24841875 0.1573578125 0.24539062500000003 0.1005703125 0.20877343750000002 0.09933906249999999 0.2158203125 0.15339687500000002 0.25116875
0 0.682215625 0.220484375 0.685646875 0.22005625 0.685990625 0.21233437500000002 0.6190734375 0.21190625000000002 0.5281343749999999 0.2114765625 0.5284765625000001 0.21748281249999998 0.558675 0.218340625 0.5700765624999999 0.2188484375 0.604659375 0.21876875 0.682215625 0.220484375
0 0.5264171875 0.20975937500000003 0.684324021875 0.2097650640625 0.684275 0.20289687500000003 0.6482421875 0.20289687500000003 0.526075 0.20289687500000003 0.5264171875 0.20975937500000003
0 0.9021859375 0.1394125 0.851396875 0.1394125 0.8524265625 0.146275 0.902871875 0.146703125 0.9021859375 0.1394125
0 0.045171875 0.10800625 0.08177187500000001 0.12740625 0.083625 0.1201671875 0.07250625000000001 0.11437656249999999 0.04725625 0.10163437500000001 0.045171875 0.10800625
0 0.0827515625 0.18431875 0.024868750000000002 0.157359375 0.0209078125 0.1625859375 0.029817187499999998 0.1673765625 0.074828125 0.18761875 0.0827515625 0.18431875
0 0.32753437500000004 0.20763906250000003 0.41319375 0.2089390625 0.41423437500000004 0.20275625000000003 0.325971875 0.2014546875 0.32753437500000004 0.20763906250000003
0 0.41319375 0.20959218750000003 0.361121875 0.209265625 0.361121875 0.2174015625 0.41293281249999997 0.21805312500000001 0.41319375 0.20959218750000003
0 0.238052165625 0.12832031093750002 0.215266315625 0.12732093125 0.2188640828125 0.1341167109375 0.240650553125 0.1347163390625 0.238052165625 0.12832031093750002
0 0.2676337953125 0.1347163390625 0.265035409375 0.1297194421875 0.2498448421875 0.1297194421875 0.25304285625 0.13591559375 0.26803354687500003 0.136515221875 0.2676337953125 0.1347163390625