1 0.6765666968749999 0.019207812499999997 0.6704338843750001 0.020575 0.6694320796875 0.029700107812499998 0.6570354468749999 0.0314140625 0.6321927125 0.03267011875 0.6310504015625 0.025587784375 0.5992941328125 0.026044709375000002 0.60020798125 0.036553978125 0.58033175625 0.037696290625000003 0.57941790625 0.029928570312500003 0.5673094015625 0.029700107812499998 0.5665276343750001 0.0481140625 0.6189418953125 0.0463778609375 0.6189495093749999 0.05216562500000001 0.6255235765625 0.2174903234375 0.605994821875 0.2165109375 0.605149509375 0.22681093749999998 0.6260969249999999 0.2276194875 0.6309698218750001 0.5086484375 0.6345745093749999 0.508709375 0.6404338843749999 0.508709375 0.6423870093749999 0.40372812500000005 0.6381372515625 0.22800171875 0.659451071875 0.225753125 0.659240134375 0.216775 0.6385745093749999 0.21700624999999998 0.6299080890625001 0.043864775 0.681996384375 0.041082812499999996 0.6814495093749999 0.0277515625 0.680902634375 0.0195984375 0.6765666968749999 0.019207812499999997
1 0.509683478125 0.2772278375 0.523874665625 0.276628209375 0.525273796875 0.2684332984375 0.48449911874999996 0.26783367187499996 0.48449911874999996 0.2784270921875 0.5 0.279540625 0.5000894375 0.2834239890625 0.49269402968750003 0.2842234921875 0.492294278125 0.29421728593749996 0.5020881953125 0.29421728593749996 0.500684375 0.362575 0.5027171874999999 0.362184375 0.5052187499999999 0.36100937499999997 0.509683478125 0.2772278375
1 0.55953125 0.224609375 0.5590625 0.2068359375 0.5940876703125 0.20500037031249999 0.594375 0.199609375 0.591875 0.1998046875 0.5614421875 0.1985390625 0.5615625 0.1947265625 0.55140625 0.1953125 0.55078125 0.200390625 0.54484375 0.2009765625 0.54421875 0.2076171875 0.55171875 0.2087890625 0.55140625 0.2224609375 0.533203125 0.23559531250000001 0.5325 0.2736328125 0.55 0.2736328125 0.55025828125 0.277827465625 0.5228752859375 0.2782272171875 0.52234375 0.2900390625 0.551057784375 0.290819396875 0.552734375 0.384521875 0.5625 0.3942875 0.5625 0.3137203125 0.562250834375 0.2868218796875 0.5925 0.2849609375 0.59203125 0.2794921875 0.5612514546875 0.2790267203125 0.562250834375 0.27462945156249996 0.5815625 0.2728515625 0.5815625 0.262109375 0.583271875 0.2323640625 0.582484375 0.2237484375 0.55953125 0.224609375
0 0.842353125 0 0.8267749999999999 0.016839062499999998 0.733390625 0.1166625 0.7096083953125001 0.14201763750000002 0.638671875 0.20874062499999999 0.63775625 0.21243125 0.63775501875 0.214814696875 0.7041015625 0.166015625 0.8232421875 0.051270312500000005 0.8583984375 0.036621875 0.86328125 0.028076562500000003 0.86309375 0.0253265625 0.8487359375000001 0.023731250000000002 0.869140625 0.0012203125 0.8622734375000001 0 0.7415265625 0.12084999999999999 0.68505 0.1736953125 0.7376984375 0.12104843750000001 0.8525640624999999 0 0.842353125 0
0 0.5972906250000001 0.048326562499999996 0.5477765625 0.1841171875 0.5541890625 0.186121875 0.603925 0.048593750000000005 0.5972906250000001 0.048326562499999996
0 0.53703125 0.1494140625 0.53046875 0.1703125 0.534746875 0.1736890625 0.57203125 0.0509765625 0.5660937500000001 0.0490234375 0.56484375 0.05234375 0.53703125 0.1494140625
0 0.44250625 0.320321875 0.4419359375 0.3150890625 0.36510937499999996 0.31020156249999997 0.3346921875 0.30815625 0.3346921875 0.31484375 0.390378125 0.318703125 0.44250625 0.320321875
0 0.46814062500000003 0.320734375 0.5003796875 0.3184515625 0.499375 0.314453125 0.4684734375 0.31546875 0.46814062500000003 0.320734375
0 0.5425296875 0.312340625 0.5062703125 0.31358593749999997 0.506196875 0.3186578125 0.54038125 0.3173640625 0.5425296875 0.312340625
0 0.661875 0.0421875 0.633259375 0.105709375 0.634375 0.115625 0.6696828125 0.0426 0.661875 0.0421875
0 0.58390625 0 0.56884375 0.029235937499999996 0.575690625 0.033515625 0.5903125 0 0.58390625 0
0 0.61046875 0.0265625 0.62375 0.000390625 0.6172640625 0 0.6029687499999999 0.023828125 0.61046875 0.0265625
0 0.6862921875 0 0.6740625 0.0181640625 0.6803125 0.0201171875 0.693353125 0 0.6862921875 0
0 0.6155234375 0.2246 0.57384375 0.28012187499999996 0.5764359375 0.28551875 0.619165625 0.2296578125 0.6155234375 0.2246