1 0.3350796875 0.3376078125 0.338690625 0.26418906249999996 0.3321921875 0.26509218749999997 0.3306265625 0.313240625 0.33050625 0.33820937500000003 0.3350796875 0.3376078125
1 0.59765625 0.171875 0.592115625 0.1762796875 0.6009484375 0.2783140625 0.6015578125000001 0.2924015625 0.6078125 0.4853515625 0.609171875 0.5078968749999999 0.6201375 0.5056125 0.6046875 0.1767578125 0.59765625 0.171875
0 0.42578125 0.1902140625 0.1859375 0.2185359375 0.1861609375 0.22600625000000002 0.21497812500000002 0.22281875 0.2882046875 0.2169390625 0.6000953124999999 0.17528125 0.62734375 0.1726359375 0.653334375 0.1705640625 0.674084375 0.173709375 0.6796875 0.16189375 0.67265625 0.1531046875 0.65078125 0.1531046875 0.633003125 0.1592984375 0.42578125 0.1902140625
0 0.30296875 0 0.253125 0.0263671875 0.2609375 0.0283203125 0.3109375 0.0009765625 0.30296875 0
0 0.27546875000000004 0.04296875 0.34187500000000004 0.016796875 0.38140625 0.00078125 0.37140625 0 0.2740625 0.0369140625 0.27546875000000004 0.04296875
0 0.231975 0 0.21331562499999998 0.0100796875 0.21505468749999998 0.015021875 0.2389328125 0.0009875 0.231975 0
0 0.43484375000000003 0.015234375 0.46749999999999997 0.00078125 0.46046875 0 0.428125 0.0123046875 0.34640624999999997 0.046484375 0.29281250000000003 0.0685546875 0.29625 0.0740234375 0.34828125 0.0517578125 0.43484375000000003 0.015234375
0 0.4990640625 0 0.45734531250000005 0.0166015625 0.3796890625 0.044921875 0.31484375 0.068359375 0.296875 0.0740234375 0.29921875 0.0798828125 0.38125 0.0560546875 0.44625000000000004 0.0375 0.5462515625 0.0091796875 0.5750015625 0.0009765625 0.5628140625 0 0.5131265625 0.0134765625 0.4237515625 0.0384765625 0.3867203125 0.05 0.4298453125 0.0322265625 0.5112515625 0.0005859375 0.5012515625 0 0.4990640625 0
0 0.3090625 0.097265625 0.368125 0.078125 0.491559375 0.039453125 0.5610921875 0.016796875 0.6085953125 0.00078125 0.5951578125 0 0.5753140625000001 0.0060546875 0.4725015625 0.0400390625 0.3890609375 0.06484375 0.307184375 0.091015625 0.3090625 0.097265625
0 0.593853125 0.024431249999999998 0.66455 0.0007796875 0.65390625 0 0.5562234375 0.029906250000000002 0.32063281250000003 0.10164218750000001 0.23683593749999998 0.12659375 0.23683593749999998 0.132571875 0.28923437500000004 0.1174984375 0.3977765625 0.0852671875 0.5185828124999999 0.0473046875 0.593853125 0.024431249999999998
0 0.236875 0.116796875 0.2665625 0.1087890625 0.2665625 0.107421875 0.26390625 0.1060546875 0.23703124999999997 0.1123046875 0.236875 0.116796875
0 0.5641203124999999 0.10263906249999999 0.4496296875 0.1264046875 0.3825609375 0.1402453125 0.2381890625 0.17028125 0.23881562500000003 0.1765484375 0.34759687499999997 0.15364375 0.6171703125 0.0995890625 0.6792171875 0.0866640625 0.6986734375 0.0830515625 0.706403125 0.0827890625 0.7055671875 0.0733890625 0.6978375 0.07495468749999999 0.696165625 0.07704531249999999 0.6497828125 0.0861859375 0.5641203124999999 0.10263906249999999
0 0.6258171875 0.22859375 0.6428296875 0.1706484375 0.6368750000000001 0.1717109375 0.6213515625 0.22673437500000002 0.6258171875 0.22859375
0 0.6458062499999999 0.1711796875 0.62773125 0.2291265625 0.632409375 0.2309859375 0.6517609375 0.17091406250000002 0.6458062499999999 0.1711796875
0 0.6430140625 0.11884999999999998 0.6178453125 0.160578125 0.6243125 0.1599234375 0.637246875 0.1400421875 0.6650359375 0.09023125 0.6585687499999999 0.090665625 0.6430140625 0.11884999999999998
0 0.6881078125 0.033424999999999996 0.6625890625 0.082146875 0.66905625 0.08192812499999999 0.691778125 0.037578125000000004 0.706284375 0.0107046875 0.7036625 0.0063359374999999996 0.6881078125 0.033424999999999996
0 0.7048859375000001 0 0.7052359375 0.07428125 0.7078578125 0.0740625 0.7122265624999999 0.0637953125 0.7138 0 0.7048859375000001 0
0 0.7839375000000001 0.037440625 0.7854593750000001 0.0318921875 0.7838859375 0.028398437500000002 0.7695546875 0.0572359375 0.753825 0.08673125000000001 0.7445609375 0.1022421875 0.7319765625 0.12125 0.71345 0.1439703125 0.7048859375000001 0.1522734375 0.6998171875 0.1546765625 0.6777953125 0.16210625 0.676221875 0.16210625 0.675871875 0.16822187500000002 0.67866875 0.168225 0.6902046875 0.165821875 0.69859375 0.1627640625 0.70838125 0.155771875 0.7235875 0.14091562500000002 0.7323265625000001 0.12911875 0.7447359375 0.1125140625 0.755 0.095703125 0.7646609375 0.076684375 0.7768796874999999 0.053795312500000005 0.7839375000000001 0.037440625
0 0.72953125 0 0.7234375 0.018353125 0.7095312500000001 0.070696875 0.7053125 0.0849546875 0.69765625 0.10859218749999999 0.6925 0.12363125 0.6859375 0.1382796875 0.6803125 0.14863125 0.675 0.1511703125 0.6734375 0.1531234375 0.67578125 0.15761562499999998 0.67765625 0.159375 0.6834374999999999 0.1533203125 0.68796875 0.148046875 0.69875 0.1240234375 0.7115625 0.0845703125 0.73375 0 0.72953125 0
0 0.7465625 0.0677734375 0.7301562500000001 0.0703125 0.7309375 0.07578125 0.7496875000000001 0.0716796875 0.7465625 0.0677734375
0 0.7084374999999999 0.14921875 0.70890625 0.09296875 0.7034374999999999 0.1095703125 0.7032812500000001 0.152734375 0.7084374999999999 0.14921875
0 0.72484375 0.0349609375 0.7185937499999999 0.0591796875 0.7175 0.089453125 0.715625 0.13984375 0.7203125 0.1365234375 0.72265625 0.096875 0.72484375 0.0349609375
0 0.7215625 0.13359375 0.7278125 0.1259765625 0.729375 0.1033203125 0.7334375 0.011328125 0.7328125 0.0080078125 0.72578125 0.0294921875 0.7215625 0.13359375
0 0.7025140624999999 0.1422328125 0.6878828125 0.14696718749999998 0.6863328125 0.15299218750000002 0.7037203125 0.147828125 0.7025140624999999 0.1422328125