1 0.7335234374999999 0.040257812500000004 0.7278156250000001 0.0398265625 0.7259125 0.0499859375 0.7086171875 0.04890625 0.7068875 0.0376640625 0.6977203125 0.036798437499999996 0.69765625 0.046390625000000005 0.6487734374999999 0.04713125 0.6480812499999999 0.03761875 0.6399515625000001 0.0371859375 0.6392609375 0.0555625 0.67109375 0.05615625 0.6828125 0.06494531249999999 0.6820109375000001 0.2065578125 0.67580625 0.21832968749999998 0.66703125 0.2193984375 0.666603125 0.229296875 0.6820109375000001 0.2295640625 0.678125 0.2465859375 0.6890625 0.2485390625 0.69375 0.2426796875 0.6907859375000001 0.22902968750000002 0.70811875 0.2282265625 0.70705 0.218865625 0.6939953125 0.21618906249999997 0.692915625 0.1858203125 0.6953125 0.06299218749999999 0.734734375 0.061228125 0.7359375 0.043460937500000005 0.7335234374999999 0.040257812500000004
1 0.6345046875 0.25117968749999997 0.640625 0.2509765625 0.64563125 0.2107875 0.6710984375 0.2107875 0.6717390625 0.2027640625 0.646921875 0.2009 0.6381625 0.20005625 0.60671875 0.2005859375 0.6059375 0.208203125 0.61015625 0.208984375 0.6323640625 0.2107875 0.6345046875 0.25117968749999997
0 0.9295203125 0 0.90399375 0.03228125 0.8545859374999999 0.0961015625 0.8142359375 0.1449953125 0.78953125 0.1724453125 0.76976875 0.1944046875 0.747259375 0.21601875 0.73573125 0.2252828125 0.7145953125 0.2427828125 0.7178890625000001 0.24758593750000002 0.7295921875 0.2391484375 0.74276875 0.2274828125 0.76253125 0.20964062499999997 0.804803125 0.1653796875 0.8360953125 0.1279796875 0.8883468750000001 0.0631625 0.9369328124999999 0 0.9295203125 0
0 0.90399375 0 0.8883468750000001 0.022162499999999998 0.8463499999999999 0.0798046875 0.8007859375 0.13950625 0.7574156249999999 0.1920015625 0.7316140625 0.2197921875 0.7102046875 0.23832187500000002 0.7129484374999999 0.241753125 0.740671875 0.21945156250000003 0.7651015625 0.1920015625 0.8073734375000001 0.14087812500000002 0.84360625 0.0945578125 0.8968562500000001 0.021475 0.9122281250000001 0 0.90399375 0
0 0.8883468750000001 0 0.8759953125 0.0173578125 0.8474484375 0.05853125 0.8087453124999999 0.1130859375 0.78294375 0.1491140625 0.7516515625 0.18685625 0.7414953125 0.197834375 0.710753125 0.2283703125 0.7007656250000001 0.23659375 0.703890625 0.24038125 0.7192624999999999 0.2280296875 0.7519265625 0.1964625 0.787609375 0.1518578125 0.8210984375000001 0.10622499999999999 0.87681875 0.026965625 0.8968562500000001 0 0.8883468750000001 0
0 0.80791875 0 0.7771953125 0.05337499999999999 0.7352765625 0.12920625 0.693096875 0.20015624999999998 0.694659375 0.20829375 0.721996875 0.16338124999999998 0.7691234375 0.07973749999999999 0.8133859375 0 0.80791875 0
0 0.7968046875 0 0.760096875 0.06709375 0.755365625 0.0756578125 0.7201265625 0.13255625 0.6943015625 0.170671875 0.6989453125 0.1747359375 0.7310578125 0.12603124999999998 0.770375 0.060568750000000005 0.8026781250000001 0 0.7968046875 0
0 0.7409749999999999 0.09665625 0.6954625 0.0957859375 0.6952375 0.10156562499999999 0.7400453125 0.10275156249999999 0.7409749999999999 0.09665625
0 0.653490625 0 0.6416796875 0.0354296875 0.648603125 0.03695625 0.6600078125 0 0.653490625 0
0 0.7064390625 0.0374640625 0.7239515625 0.0010640625000000001 0.7178421875 0 0.699921875 0.0356828125 0.7064390625 0.0374640625
0 0.7351515625 0.0410296875 0.75775625 0.0008078125 0.752665625 0.000045312500000000004 0.7298578124999999 0.037974999999999995 0.7351515625 0.0410296875
0 0.8145734375 0.10003906250000001 0.758978125 0.0982578125 0.7547015625 0.10513125000000001 0.8139625 0.10640468750000001 0.8145734375 0.10003906250000001
0 0.68015625 0.15234375 0.6470312500000001 0.159375 0.64765625 0.16484375 0.6810937499999999 0.1580078125 0.68015625 0.15234375
0 0.42389374999999996 0.1933625 0.481953125 0.18884375 0.549253125 0.1818125 0.6320234375 0.1669953125 0.6282062500000001 0.162225 0.59726875 0.1682515625 0.5440296874999999 0.17729062499999998 0.49681875 0.1813109375 0.42421875 0.18828125 0.42369218750000004 0.19160468749999998 0.42389374999999996 0.1933625
0 0.5901109375 0.251078125 0.46826249999999997 0.2513375 0.4680546875 0.256796875 0.5901109375 0.256796875 0.5901109375 0.251078125
0 0.4630640625 0.24068125 0.5878234375 0.243540625 0.5878234375 0.23756249999999998 0.46223281250000003 0.235221875 0.4618171875 0.24068125 0.4630640625 0.24068125
0 0.3938234375 0.2497796875 0.2805 0.2487375 0.27987656250000004 0.25341874999999997 0.3929921875 0.25445625 0.3938234375 0.2497796875
0 0.27530156250000004 0.19649531250000002 0.3717828125 0.19649531250000002 0.3717828125 0.1905171875 0.2748859375 0.191296875 0.275509375 0.1934984375 0.27530156250000004 0.19649531250000002
0 0 0.16722187500000002 0.0444578125 0.17560625000000002 0.11002656250000001 0.1846078125 0.126915625 0.1849171875 0.12660625 0.17985 0.10521093749999999 0.1788671875 0.0481828125 0.1700171875 0 0.16169375 0 0.16722187500000002
0 0.1327984375 0.10633437500000001 0.1298375 0.10562968749999999 0.124940625 0.10495000000000002 0.1207703125 0.10449531249999999 0.11913750000000001 0.1103890625 0.11964531249999999 0.11110781249999999 0.1281453125 0.11232656249999999 0.1666484375 0.1160546875 0.2675578125 0.12306718750000001 0.3640671875 0.12325625 0.399134375 0.123253125 0.4920671875 0.12128281249999999 0.55475625 0.11813437499999999 0.6035859375 0.11419531249999999 0.60359375 0.1119140625 0.6029546875 0.1082171875 0.56298125 0.11092187499999999 0.5077906249999999 0.11417031250000001 0.39 0.1160625 0.2807 0.115521875 0.27115625 0.1159125 0.20473124999999998 0.1125453125 0.1327984375 0.10633437500000001
0 0.17328593750000001 0.0880640625 0.2995515625 0.093640625 0.41612968749999996 0.09393281249999999 0.48000468749999997 0.093640625 0.5499859375 0.0918796875 0.6126546875 0.08863125 0.6129671875 0.0824859375 0.5660000000000001 0.08395312499999999 0.5556671875 0.0842484375 0.5212765625 0.08549375000000001 0.42195937499999997 0.0874765625 0.2830609375 0.08571562499999999 0.11569218750000002 0.0806953125 0.115790625 0.0865953125 0.17328593750000001 0.0880640625