1 0.2578125 0.14526406249999999 0.25671875 0.1357421875 0.2373046875 0.13671875 0.236875 0.1203125 0.2575 0.119921875 0.25656249999999997 0.1078125 0.2333984375 0.10498125 0.225 0.103125 0.224609375 0.11108437499999999 0.22404822812499997 0.2717406140625 0.2106943609375 0.2723765125 0.211542225 0.27979532812499996 0.22277643125000002 0.2806431921875 0.22265625 0.4382328125 0.232571875 0.43934843749999997 0.23379867187499997 0.308834690625 0.23973372343750002 0.28361071875 0.24376108125 0.2808551578125 0.242913215625 0.27280044375 0.23379867187499997 0.271528646875 0.2331627734375 0.217901209375 0.2448209109375 0.217901209375 0.24376108125 0.19013364375 0.234375 0.17700156250000001 0.256875 0.1755859375 0.25656249999999997 0.163671875 0.234375 0.16235312500000001 0.2353515625 0.1489265625 0.2578125 0.14526406249999999
1 0.35609375 0.300390625 0.35703125 0.29140625 0.3212890625 0.29052812499999997 0.3212890625 0.30029374999999997 0.333984375 0.3015140625 0.333984375 0.4089359375 0.33984375 0.4089359375 0.34258518125 0.301435296875 0.35609375 0.300390625
1 0.35484375 0.3443359375 0.36531250000000004 0.34453125 0.36609375 0.3490625 0.35484375 0.34921875 0.35546875 0.3564453125 0.3646875 0.35671875000000003 0.36593749999999997 0.3638671875 0.3671875 0.455321875 0.373046875 0.455321875 0.3720453125 0.380078125 0.3728125 0.356875 0.381875 0.35546875 0.3828125 0.34859375 0.37078125 0.34875 0.37078125 0.34500000000000003 0.3828125 0.34453125 0.38234375 0.3384765625 0.3642578125 0.33935624999999997 0.3546875 0.3396484375 0.35484375 0.3443359375
1 0.4057546875 0.38887499999999997 0.4048078125 0.382959375 0.388125 0.3821875 0.38484375000000004 0.38265625000000003 0.3855609375 0.38887499999999997 0.39234375 0.39015625 0.392578125 0.455321875 0.3984375 0.455321875 0.3978671875 0.3906484375 0.4057546875 0.38887499999999997
1 0.4033203125 0.4052734375 0.402365625 0.45610937500000004 0.40625 0.455321875 0.40731093749999997 0.4064078125 0.4033203125 0.4052734375
1 0.9561093749999999 0 0.959446875 0.130196875 0.96135 0.4485734375 0.9782953125 0.450928125 0.9765625 0.0354 0.9750265625000001 0 0.9561093749999999 0
0 0.8093671875 0.1733203125 0.6318359375 0.1904296875 0.44700625 0.19750625 0.2559625 0.19252031249999998 0.24363125000000002 0.192178125 0.2439046875 0.19971406249999998 0.320090625 0.202796875 0.244178125 0.2021109375 0.244453125 0.2096484375 0.251578125 0.2096484375 0.634325 0.2002109375 0.9072265625 0.185546875 0.9598359375 0.17933749999999998 0.960115625 0.1728171875 0.8093109374999999 0.182865625 0.9613250000000001 0.1602203125 0.9609375 0.15502968749999999 0.960778125 0.15111406249999998 0.8795015625 0.16324375 0.8093671875 0.1733203125
0 0 0.18801718750000002 0.0191578125 0.2016265625 0.053121875 0.2235953125 0.078796875 0.24295781249999998 0.10784374999999999 0.265359375 0.1845703125 0.2978515625 0.22253281249999998 0.3054515625 0.2231125 0.2967578125 0.1884765625 0.2880859375 0.17076249999999998 0.2825125 0.1240234375 0.26123124999999997 0.013596875 0.186178125 0 0.1777171875 0 0.18801718750000002
1 0.0231067453125 0.301562609375 0.032506099999999996 0.3017584296875 0.0313311796875 0.29490473437500003 0.0298875 0.2916484375 0.0146484375 0.2880859375 0.007984375 0.2931828125 0.01656875 0.30116875 0.014171875 0.3742765625 0.018165624999999998 0.3762734375 0.0231067453125 0.301562609375
0 0.15453125 0 0.184375 0.0408203125 0.22265625 0.0869140625 0.2446875 0.1099609375 0.2521875 0.107421875 0.193746875 0.039784375 0.16109374999999998 0 0.15453125 0
0 0.12483906250000001 0 0.156975 0.041329687500000004 0.22390625000000003 0.1201171875 0.2243390625 0.1135609375 0.2246875 0.1083984375 0.22171875000000002 0.1044921875 0.1647015625 0.0390125 0.1328125 0 0.12483906250000001 0
0 0.09328125000000001 0 0.15419531250000001 0.074934375 0.21470937499999998 0.13961718750000002 0.21765625000000002 0.1423828125 0.22109375 0.14453125 0.223103125 0.145234375 0.22480625 0.139025 0.217075 0.130346875 0.18796875 0.0998046875 0.1625375 0.07107187499999999 0.1010453125 0 0.09328125000000001 0
0 0.318109375 0.2935984375 0.32323124999999997 0.2913109375 0.319159375 0.28492812500000003 0.306296875 0.2634109375 0.33202031249999997 0.2916046875 0.3359375 0.286865625 0.317378125 0.264646875 0.306640625 0.25024375 0.28575 0.20900625 0.272934375 0.2100078125 0.27365 0.21320156250000002 0.293040625 0.24634375 0.306640625 0.2771 0.318109375 0.2935984375
0 0.22295262500000002 0.2241394453125 0.21538437500000002 0.2268125 0.145809321875 0.24533265937499998 0.152252059375 0.25092766875 0.2241394453125 0.23109081874999998 0.22295262500000002 0.2241394453125
0 0 0.28149375 0.103515625 0.2624515625 0.098909375 0.2569734375 0 0.2734765625 0 0.28149375
0 0 0.25385625 0.015625 0.2526859375 0.0755296875 0.2421875 0.0705078125 0.2373578125 0.0118890625 0.24644531249999999 0 0.24780312499999999 0 0.25385625
0 0 0.319525 0.015359375 0.31746875 0.015359375 0.311296875 0 0.3126671875 0 0.319525
0 0.23639342187499998 0.300842971875 0.2328651609375 0.3083699265625 0.24794062499999997 0.3298109375 0.276465625 0.3716359375 0.3077328125 0.40592187500000004 0.318703125 0.41140625000000003 0.335890625 0.41059375 0.33351406250000004 0.4038640625 0.32254218749999997 0.4038640625 0.309378125 0.3970078125 0.2827421875 0.36771875 0.23639342187499998 0.300842971875
0 0.6258859375 0 0.51609375 0.0412109375 0.41765625 0.0759765625 0.36640625 0.090625 0.2841453125 0.109709375 0.260009375 0.113821875 0.26046874999999997 0.1208984375 0.28908125 0.11725000000000001 0.368071875 0.09805312499999999 0.43499375 0.07953906250000001 0.50984375 0.0515625 0.6131249999999999 0.012109375 0.6406968749999999 0 0.6258859375 0
0 0.7825 0 0.696875 0.03515625 0.6254828125 0.0630828125 0.51234375 0.1037109375 0.4721875 0.1169921875 0.43828125 0.127734375 0.387415625 0.1419359375 0.34187500000000004 0.1525390625 0.30828125 0.1599609375 0.28984375 0.1626953125 0.27328125000000003 0.165625 0.27484375 0.1701171875 0.27531249999999996 0.1720703125 0.312265625 0.1673046875 0.406065625 0.14604843750000002 0.47921874999999997 0.12421875 0.5703125 0.0927734375 0.6564062500000001 0.0609375 0.69921875 0.0435546875 0.7671875 0.0142578125 0.783125 0.0060546875 0.7943749999999999 0 0.7825 0
0 0.8436578125 0.393578125 0.8422921875 0.4036359375 0.8437296875 0.40588125 0.84859375 0.40180625000000003 0.8678125 0.3118765625 0.8829 0.23472656249999999 0.8881703125 0.207959375 0.8917890625 0.18750625 0.8868937499999999 0.1866703125 0.881775 0.2139328125 0.87598125 0.24007968750000003 0.8436578125 0.393578125
0 0.27316250000000003 0.1869484375 0.275 0.1931640625 0.28078125 0.191796875 0.2577125 0.11935312499999999 0.25234375 0.1228515625 0.2659375 0.1650390625 0.27316250000000003 0.1869484375
0 0.254375 0.176171875 0.26172968750000003 0.19274375 0.2669828125 0.191196875 0.259375 0.1720703125 0.254375 0.176171875
0 0.275325 0.18965156249999998 0.259375 0.1458984375 0.2527671875 0.1471640625 0.2663640625 0.1850171875 0.2688359375 0.1923578125 0.275325 0.18965156249999998
0 0.3735890625 0.3379765625 0.380078125 0.3372046875 0.3633921875 0.3090078125 0.3571875 0.297265625 0.35328125 0.30234375 0.372353125 0.3379765625 0.3735890625 0.3379765625
0 0.25465468750000003 0.3113921875 0.23762656249999997 0.290853125 0.23577187500000002 0.2993515625 0.24689687500000002 0.31132499999999996 0.267290625 0.33372812500000004 0.293865625 0.3596078125 0.309934375 0.3708078125 0.312096875 0.36424218750000004 0.3028265625 0.3596078125 0.2845328125 0.3423078125 0.25465468750000003 0.3113921875
0 0.23948125 0.2835140625 0.262965625 0.31402968750000004 0.2697640625 0.31248437500000004 0.24442499999999998 0.2815828125 0.23948125 0.2835140625
0 1 0.174328125 0.9766421875000001 0.1728171875 0.9762390625 0.182390625 0.9996171875 0.18289375000000002 1 0.174328125
0 1 0.1541734375 0.9756031249999999 0.15302500000000002 0.9758359375 0.161228125 1 0.16324375 1 0.162740625 1 0.1541734375
0 0.9299671875 0.2569265625 0.8615625 0.4256578125 0.8649515624999999 0.42989375 0.9257328125000001 0.283090625 0.9332593749999999 0.2633921875 0.9594671874999999 0.1912515625 0.9583375000000001 0.1823078125 0.9299671875 0.2569265625
0 0.9157875000000001 0.28759531250000003 0.957584375 0.17980625 0.9511828124999999 0.1816890625 0.8589265625 0.42033125 0.8623156249999999 0.42315625 0.9157875000000001 0.28759531250000003
0 0.71671875 0 0.6571875 0.0212671875 0.6010984374999999 0.042556250000000004 0.5156296874999999 0.07341718750000001 0.469696875 0.0894328125 0.405634375 0.10935468749999999 0.3488984375 0.1236265625 0.2654609375 0.1398375 0.26625 0.146484375 0.3053125 0.140625 0.353909375 0.130859375 0.414065625 0.1134765625 0.4635953125 0.0986125 0.5464078125 0.070096875 0.5971890625 0.051737500000000006 0.6884375 0.0169921875 0.7153125 0.00625 0.7284375 0 0.71671875 0
0 0 0.16333906250000002 0.01010625 0.1636328125 0.03384375 0.173915625 0.051470312500000004 0.18684218749999998 0.0517046875 0.1906625 0.053349999999999995 0.19389218749999998 0.055934375 0.19682968750000002 0.062281249999999996 0.199475 0.06604062499999999 0.1997671875 0.0698015625 0.19918125 0.0723859375 0.1982984375 0.0730921875 0.19565625 0.0730921875 0.18772187499999998 0.11327968749999999 0.1888984375 0.127146875 0.19154374999999998 0.16498437500000002 0.19389218749999998 0.22515000000000002 0.19800625 0.2242109375 0.1894859375 0.06745156249999999 0.17802968749999998 0.062281249999999996 0.172740625 0.056874999999999995 0.172740625 0.0451234375 0.16598437500000002 0 0.13660468750000002 0 0.14395156250000002 0.036193750000000004 0.16657187499999998 0.035723437499999997 0.16921406249999998 0 0.14718124999999999 0 0.16333906250000002
0 0.03736875 0.1997671875 0.040659375 0.2032921875 0.0425390625 0.2056453125 0.19389218749999998 0.20828750000000001 0.22515000000000002 0.2085828125 0.22515000000000002 0.20241250000000002 0.03736875 0.1997671875
0 0.1607546875 0.2085828125 0.1474546875 0.2092921875 0.1631421875 0.2158984375 0.2155140625 0.228265625 0.2197453125 0.2238578125 0.184021875 0.21533750000000002 0.1607546875 0.2085828125
0 0.0920633265625 0.21193215312499997 0.1528952828125 0.244421875 0.1594749703125 0.24060312499999997 0.0962546578125 0.206525 0.0920633265625 0.21193215312499997
0 0.22044999999999998 0.26821875 0.17133125 0.24647812500000002 0.16240000000000002 0.249415625 0.21413624687500002 0.2736467953125 0.22044999999999998 0.26821875
0 0.221390625 0.2843765625 0.195303125 0.27174375 0.1525296875 0.2505921875 0.1057953125 0.2200765625 0.0928328125 0.206525 0.08538124999999999 0.20669374999999998 0.085575 0.208865625 0.09774374999999999 0.22021562499999997 0.1043125 0.22600937499999998 0.11537656249999999 0.2365421875 0.11976875000000001 0.23953750000000001 0.136378125 0.248225 0.16488125 0.2634921875 0.1850421875 0.2742203125 0.20634843749999998 0.28467031249999997 0.2211796875 0.2914453125 0.221390625 0.2843765625
0 0.1496875 0.3455078125 0.1840625 0.3275390625 0.18156250000000002 0.323828125 0.08841509374999999 0.3676610328125 0.0899494125 0.3739900953125 0.1496875 0.3455078125
0 0.2213734375 0.309903125 0.220375 0.30391406249999997 0.17146875 0.3046625 0.021159375 0.3231265625 0.021359375 0.33210937500000004 0.0928203125 0.323375 0.1804515625 0.309903125 0.2213734375 0.309903125
0 0.021557812500000002 0.3176359375 0.092421875 0.31115 0.1880375 0.3004203125 0.1772578125 0.29393437499999997 0.021557812500000002 0.31115 0.021557812500000002 0.3176359375
0 0.160490625 0.29468125 0.1305484375 0.272971875 0.12156562500000001 0.27347343749999997 0.15230625 0.296178125 0.160490625 0.29468125
0 0.37046875 0.33671875 0.3525 0.3037109375 0.3465625 0.3060546875 0.3646875 0.33828125 0.37046875 0.33671875
0 0.9218343750000001 0 0.891121875 0.1616328125 0.8975765625 0.1610765625 0.9267312499999999 0 0.9218343750000001 0
1 0.5062041953125 0.4552012546875 0.5056941671875 0.39986306250000003 0.5003388578125 0.4001180765625 0.501358915625 0.4567313421875 0.5062041953125 0.4552012546875
0 0.138349309375 0.248723575 0.1144433625 0.254657675 0.120038371875 0.25838768125 0.14530068437500002 0.252792671875 0.138349309375 0.248723575