1 0.9157953734375001 0.45418750937499996 0.9174663578125 0.3412051921875 0.9169923828125001 0.209198065625 0.9234843250000001 0.20871402187500002 0.92430495625 0.20379023125 0.92430495625 0.1964045453125 0.9218430609375 0.1909336671875 0.9199282546875001 0.188198228125 0.9163721828125 0.1871040515625 0.9158250953125 0.179171278125 0.9046097937500001 0.1786241890625 0.9026949859375 0.18409506874999998 0.900780178125 0.18382152499999999 0.8994124593749999 0.1876511390625 0.8988653703124999 0.190113034375 0.9026949859375 0.19421619375000002 0.9040627062500001 0.198866440625 0.882179190625 0.1865569640625 0.8709638890625 0.180265453125 0.8652194671875 0.180265453125 0.8572866921875001 0.17889773281250002 0.8570131484375001 0.1764358375 0.8545512531250001 0.1753416625 0.854004165625 0.17506811875 0.8507216390625001 0.17506811875 0.8485332874999999 0.17889773281250002 0.8441565843750001 0.179171278125 0.8414211437500001 0.18163317343750002 0.8406005125 0.1865569640625 0.843883040625 0.189292403125 0.8509951828125001 0.19120721093749998 0.8613898515624999 0.19038657812499998 0.8613898515624999 0.1876511390625 0.8663136421875001 0.188198228125 0.8663136421875001 0.1914807546875 0.871510978125 0.19421619375000002 0.8767083124999999 0.195036825 0.8791702078125001 0.19312201874999999 0.8862823499999999 0.197498721875 0.9054706749999999 0.2105535609375 0.9066462140624999 0.330991140625 0.89485518125 0.332254465625 0.8931707484375 0.33436000625 0.8937230515625 0.33977741875 0.8994873734375 0.3423610640625 0.9079095390624999 0.3423610640625 0.9066462140624999 0.453112553125 0.9157953734375001 0.45418750937499996
0 0.9542684953125 0.2916573453125 0.9770859953125001 0.3307407859375 0.9802488171875 0.3273520484375 0.9599163921875 0.2918832609375 0.9176701296875001 0.21371638124999998 0.915862803125 0.21868652968750002 0.9291918375 0.245570515625 0.9542684953125 0.2916573453125
0 0.90585328125 0.27769600625 0.86080811875 0.271508484375 0.8605606171875 0.27720100468750003 0.90560578125 0.2833885265625 0.90585328125 0.27769600625
0 0.852888090625 0.2705184796875 0.7105750750000001 0.249480903125 0.709832571875 0.2549259234375 0.852888090625 0.276211 0.852888090625 0.2705184796875
0 0.573438315625 0.2239768046875 0.48545478593749997 0.207286721875 0.48318823125000004 0.21388033437499998 0.573438315625 0.23057041875 0.573438315625 0.2239768046875
0 0 0.12277742968750001 0.042059323437500004 0.1315472453125 0.04367010625 0.1268938734375 0 0.117229178125 0 0.12277742968750001
0 0.0433121546875 0.0989736421875 0.0001789765625 0.0851925015625 0 0.0955731015625 0.04098546875 0.10935424062500002 0.0433121546875 0.0989736421875
0 0.0538717296875 0.08161298593750001 0.0001789765625 0.0664000390625 0 0.072127265625 0.0527978734375 0.0882350921875 0.0538717296875 0.08161298593750001
0 0.18685078125000001 0.11830303281250001 0.1875666859375 0.11615532343749999 0.16805831875 0.11078604843749999 0.1673424140625 0.11579737187500001 0.18613487812500001 0.1213456234375 0.18685078125000001 0.11830303281250001
0 0.33679820625 0.14496270312499998 0.30433021875 0.1383319171875 0.303644275 0.143133521875 0.3359375 0.15031250000000002 0.33679820625 0.14496270312499998
0 0.28192273437500004 0.1349022 0.235278584375 0.1243844015625 0.23436399218749998 0.13101518750000002 0.28100814375 0.14016109999999998 0.28192273437500004 0.1349022
0 0.2844378609375 0.1607394015625 0.23299210625 0.1477064765625 0.2325348109375 0.15387996718750002 0.28420921250000003 0.16668424375 0.2844378609375 0.1607394015625
0 0.6736004796875 0.1903382421875 0.69963624375 0.192009709375 0.85035790625 0.194237059375 0.8500066625 0.1896709078125 0.840347496875 0.189319665625 0.7309762390625 0.188248909375 0.6664158484375 0.18427917656249998 0.5653731093750001 0.176130778125 0.422652690625 0.1585803796875 0.4218169578125 0.1635947796875 0.5471963296875 0.1794737109375 0.6736004796875 0.1903382421875
0 0.8943592171875 0.3276968734375 0.862941446875 0.3219845515625 0.862179803125 0.326554409375 0.8939783953125 0.33226673125 0.8943592171875 0.3276968734375