1 0.32140625 0 0.32066249999999996 0.0029593749999999998 0.3367296875 0.0033828125 0.34249999999999997 0.0111328125 0.343125 0.0287109375 0.319375 0.02734375 0.31984375 0.0357421875 0.3390625 0.0396484375 0.341796875 0.045165625 0.3401125 0.0613078125 0.319309375 0.0602515625 0.31859375 0.0693359375 0.342140625 0.0748375 0.341796875 0.13793906250000001 0.3399421875 0.1427 0.313728125 0.1427 0.31237499999999996 0.1549609375 0.3424796875 0.155384375 0.34028125 0.1646859375 0.31890625 0.16484375 0.31880156249999997 0.17631406249999998 0.339265625 0.1746234375 0.33984375 0.18920937499999999 0.3359375 0.443115625 0.345703125 0.443115625 0.3515625 0.17944374999999999 0.353303125 0.175890625 0.373090625 0.17631406249999998 0.374375 0.166015625 0.3544875 0.1648984375 0.352965625 0.1562296875 0.38019375 0.1556984375 0.380003125 0.14324375 0.353515625 0.14282187500000001 0.35546875 0.0744625 0.37890625 0.0720703125 0.3803125 0.06171875 0.3759765625 0.061035937500000005 0.356178125 0.0610953125 0.356875 0.039453125 0.38078124999999996 0.0353515625 0.37984375 0.02734375 0.37171875 0.0287109375 0.3583984375 0.029296875 0.35671875000000003 0.0068359375 0.37984375 0.00390625 0.3803125 0 0.32140625 0
0 0.65771875 0 0.5744171875 0.1109515625 0.5285203125 0.17135625000000002 0.4736328125 0.23681718749999997 0.4306640625 0.28076249999999997 0.4049828125 0.2992375 0.381934375 0.3133921875 0.387796875 0.316171875 0.3916390625 0.3164234375 0.4244328125 0.2939265625 0.43584843749999996 0.284653125 0.4892953125 0.2299875 0.5333734375 0.1769140625 0.62880625 0.053075000000000004 0.6664125000000001 0 0.65771875 0
0 0.6083984375 0 0.5986796875 0.013900000000000001 0.5398421875 0.0957875 0.4501953125 0.21240312499999997 0.3994140625 0.26611406249999997 0.38880781249999996 0.275228125 0.37748593750000003 0.283315625 0.365234375 0.2917484375 0.37109375 0.2941890625 0.39285156250000003 0.2785140625 0.4118578125 0.2628453125 0.425 0.2504609375 0.429853125 0.24439375000000002 0.45015625000000004 0.222265625 0.48609375000000005 0.1796875 0.536809375 0.11322499999999999 0.6197078125 0 0.6083984375 0
0 0.025465625 0 0.11962500000000001 0.0882734375 0.24311875 0.197178125 0.3148890625 0.25122187500000004 0.319128125 0.2472484375 0.2684375 0.207421875 0.2214875 0.1671859375 0.12946875 0.086134375 0.0359515625 0 0.025465625 0
0 0.2368578125 0 0.2480015625 0.0216328125 0.2518859375 0.028603125 0.28880625000000004 0.0893078125 0.3221484375 0.139521875 0.3296109375 0.13773437500000002 0.278328125 0.0579515625 0.24403281250000003 0 0.2368578125 0
0 0.2098296875 0 0.22080625 0.0168640625 0.22319687500000002 0.0207046875 0.25317500000000004 0.065396875 0.2957765625 0.123921875 0.31359375 0.1466796875 0.317271875 0.140390625 0.28033125000000003 0.09214375 0.2425 0.038671875 0.2171875 0 0.2098296875 0
0 0.322465625 0.07204374999999999 0.339375 0.1173828125 0.3415625 0.10703125 0.3327859375 0.0833546875 0.327546875 0.07144687499999999 0.322465625 0.07204374999999999
0 0.338125 0.0615234375 0.3290625 0.0373046875 0.32140625 0.0365234375 0.3328125 0.0634765625 0.338125 0.0615234375
0 0.3390625 0.0259765625 0.32999999999999996 0.002734375 0.32296874999999997 0.0044921875 0.333125 0.0296875 0.3390625 0.0259765625
0 0.32437499999999997 0.026171875 0.30625 0 0.29874999999999996 0.0001953125 0.31890625 0.03046875 0.32437499999999997 0.026171875
0 0.27421875 0 0.3021875 0.0427734375 0.3171875 0.066015625 0.32078125 0.0578125 0.28125 0 0.27421875 0
0 0.2690625 0 0.30203125000000003 0.0599609375 0.32765625 0.1015625 0.330625 0.0935546875 0.31390625 0.0640625 0.27453125 0 0.2690625 0
0 0.441925 0.173778125 0.4387125 0.1663765625 0.434315625 0.1555953125 0.41307031250000004 0.10715937499999999 0.381125 0.0017703125 0.37586875000000003 0.0032859375000000002 0.38334843749999997 0.029315625 0.4098359375 0.1152484375 0.425 0.1531578125 0.4350109375 0.17337031249999998 0.4375359375 0.17514687499999998 0.441925 0.173778125
0 0.3786984375 0.027548437500000002 0.3659609375 0.004803125 0.35969375000000003 0.006065625 0.37243125 0.0288125 0.3786984375 0.027548437500000002
0 0.41893437499999997 0.1508828125 0.40659999999999996 0.117775 0.38981875 0.065459375 0.381125 0.0331078125 0.37425 0.0363953125 0.387190625 0.0796109375 0.41024062499999997 0.1470921875 0.42075312499999995 0.1764109375 0.4250484375 0.175771875 0.42921875 0.174609375 0.42781250000000004 0.1712890625 0.4253125 0.166015625 0.41893437499999997 0.1508828125
0 0.378884375 0.0609859375 0.363778125 0.037765625000000004 0.35683750000000003 0.040571875 0.37133125 0.0620078125 0.378884375 0.0609859375
0 0.40133906250000007 0.1487671875 0.41203124999999996 0.176171875 0.4180796875 0.17428593750000002 0.416875 0.169140625 0.392153125 0.10130468749999999 0.3805171875 0.0686421875 0.374596875 0.072215625 0.40133906250000007 0.1487671875
0 0.41218750000000004 0.1816421875 0.41484375 0.1787109375 0.41187500000000005 0.17441562500000002 0.403125 0.1591796875 0.390725 0.1385609375 0.377659375 0.11482812499999999 0.3578578125 0.07451250000000001 0.3539796875 0.081146875 0.383375 0.1398359375 0.40031249999999996 0.16640625 0.41218750000000004 0.1816421875
0 0.37555312500000004 0.1411 0.35488125 0.1031578125 0.3537328125 0.1144375 0.370959375 0.144175 0.37555312500000004 0.1411
0 0.3923984375 0.171303125 0.38164375 0.15183125 0.377378125 0.1576265625 0.38961718749999996 0.1791859375 0.40593593749999995 0.196803125 0.4125 0.202734375 0.41300468749999997 0.19491875 0.3923984375 0.171303125
0 0.37515624999999997 0.1708984375 0.37390625 0.17890625 0.38875000000000004 0.20078125 0.399375 0.21328125 0.409375 0.2189453125 0.41140625000000003 0.2150390625 0.40203125 0.2076171875 0.3953125 0.1994140625 0.38671875 0.1876953125 0.37515624999999997 0.1708984375
0 0.38359375 0.2310546875 0.3884375 0.226171875 0.37245 0.2055640625 0.3548984375 0.1820484375 0.35234375 0.18828125 0.36459375 0.2062046875 0.38359375 0.2310546875
1 0.43416875 0.198559375 0.4337578125 0.1864765625 0.44818281249999997 0.18625 0.4469265625 0.17541562500000002 0.4137984375 0.17541562500000002 0.41318124999999994 0.1841625 0.4269671875 0.1841625 0.425115625 0.19702187499999999 0.412975 0.1975375 0.412975 0.2029375 0.425115625 0.203453125 0.42429218750000003 0.21862656249999998 0.4133859375 0.21811406249999998 0.4133859375 0.22325781249999999 0.4257328125 0.22428750000000003 0.42490937500000003 0.23791875 0.43015625 0.2333984375 0.4303125 0.225390625 0.438125 0.2244140625 0.43861875 0.22008437500000003 0.4334375 0.21953125 0.43436250000000004 0.20605625 0.4456921875 0.20473750000000002 0.44528125 0.19779375 0.43416875 0.198559375