1 0.24087343749999998 0.2302734375 0.2421875 0.318603125 0.248046875 0.318603125 0.24871249999999998 0.23071875 0.24087343749999998 0.2302734375
1 0.3865421875 0.4638109375 0.3876953125 0.35400468749999997 0.382690625 0.3558765625 0.380859375 0.4089359375 0.3809078125 0.46582187499999994 0.3865421875 0.4638109375
1 0.383125 0.3310546875 0.388671875 0.3308109375 0.3911875 0.2513640625 0.397953125 0.249671875 0.3987984375 0.24269531249999998 0.3916953125 0.24184999999999998 0.3920328125 0.23106875 0.3984609375 0.22916562499999998 0.398121875 0.2230359375 0.3935546875 0.22216874999999997 0.3854375 0.22218906249999998 0.383125 0.3310546875
1 0.4687578125 0.3110578125 0.47485 0.30763124999999997 0.47399218750000005 0.3045421875 0.4577640625 0.3029828125 0.45870625 0.30763124999999997 0.46275781250000003 0.3127328125 0.46175156250000005 0.329334375 0.4602609375 0.37435 0.46484375 0.37475625 0.4687578125 0.3110578125
1 0.479609375 0.3259921875 0.4768 0.33028124999999997 0.47804843750000003 0.35368125 0.47648906249999995 0.3735703125 0.48046875 0.377196875 0.48429062500000003 0.346271875 0.4870984375 0.330671875 0.479609375 0.3259921875
0 0.6054546875 0.1580640625 0.4948625 0.1478453125 0.2890625 0.1247171875 0.2881046875 0.13132656250000002 0.3527453125 0.14032187499999998 0.39255625 0.1443734375 0.402509375 0.14553125 0.5721703125000001 0.16144375 0.6038296875 0.16449687500000001 0.6054546875 0.1580640625
0 1 0.1681171875 0.8849734375 0.168625 0.7220421875 0.165978125 0.72163125 0.1729421875 0.846371875 0.1762421875 0.9853359375 0.1762421875 1 0.175734375 1 0.1681171875
0 0.6008718749999999 0.18143437499999998 0.42672499999999997 0.16638124999999998 0.31899062499999997 0.1545234375 0.2862734375 0.1510375 0.2859015625 0.15638125 0.31015625 0.1588390625 0.4106109375 0.17128125 0.491390625 0.1799609375 0.602028125 0.1869046875 0.6008718749999999 0.18143437499999998
0 0.502315625 0.2003046875 0.5184140625 0.20121875 0.573475 0.20373437499999997 0.574115625 0.197625 0.3444859375 0.1793234375 0.31341874999999997 0.177040625 0.3137234375 0.1835140625 0.502315625 0.2003046875
0 0.28140624999999997 0.1568359375 0.27875 0.1630859375 0.3225234375 0.199990625 0.34568125 0.21653906250000002 0.3631828125 0.22452187499999998 0.3830703125 0.23106875 0.3846453125 0.225 0.3517890625 0.2108078125 0.31760781250000003 0.18655 0.28140624999999997 0.1568359375
0 0.34843125 0.2255640625 0.32796875000000003 0.21328125 0.308684375 0.1981515625 0.28547500000000003 0.17969531249999998 0.2756515625 0.1709 0.27375625000000003 0.179584375 0.28701875 0.192015625 0.3203125 0.216796875 0.3589015625 0.23981406249999998 0.38337656249999996 0.24245156250000002 0.38548593750000004 0.23506875 0.37140625 0.233984375 0.36203124999999997 0.23203125 0.34843125 0.2255640625
0 1 0.1881890625 0.804375 0.1892578125 0.72421875 0.1880859375 0.724375 0.1943359375 0.799059375 0.19665 0.9288187499999999 0.19551093749999998 1 0.194959375 1 0.1881890625
0 0.28683749999999997 0.2071796875 0.305925 0.2216953125 0.3250515625 0.232484375 0.34092500000000003 0.2416171875 0.36155 0.248453125 0.3730453125 0.24965312499999998 0.3848875 0.250640625 0.38483125 0.24884374999999997 0.3848875 0.24471875 0.35951875 0.24142187499999998 0.3524875 0.23907812499999997 0.34201875 0.234390625 0.33170625 0.22814062499999999 0.3043703125 0.21235468750000003 0.2875140625 0.2008359375 0.28683749999999997 0.2071796875
0 0.44312500000000005 0.290625 0.43187499999999995 0.2775390625 0.41249843750000004 0.25009375 0.3990625 0.2287109375 0.39578125000000003 0.233984375 0.42109375 0.273046875 0.43828125 0.2939453125 0.45515625000000004 0.3037109375 0.45984375 0.3056640625 0.46125 0.3 0.45499999999999996 0.298046875 0.45109374999999996 0.295703125 0.44312500000000005 0.290625
0 0.41984374999999996 0.2876953125 0.41296875 0.276953125 0.39859374999999997 0.2515625 0.3959375 0.2521484375 0.40093750000000006 0.2654296875 0.39203125 0.25625 0.390625 0.2607421875 0.41734375 0.2884765625 0.41984374999999996 0.2876953125
0 0.7677484375 0.20443125 0.7293515625 0.20443125 0.7289453124999999 0.21078125 0.7679515625 0.2110359375 0.7677484375 0.20443125
0 0.82686875 0.2049390625 0.78745625 0.2057015625 0.78705 0.21179687500000002 0.8274781250000001 0.2115421875 0.82686875 0.2049390625
0 0.9124000000000001 0.2046859375 0.8563281249999999 0.2049390625 0.8563281249999999 0.2102734375 0.9124000000000001 0.209765625 0.9124000000000001 0.2046859375