1 0.572265625 0.2819828125 0.5693359375 0.2783203125 0.5595703125 0.2783203125 0.55859375 0.2722171875 0.5556640625 0.2685546875 0.5537109375 0.2685546875 0.5478515625 0.27587968749999997 0.5400390625 0.27587968749999997 0.537109375 0.279540625 0.537109375 0.3039546875 0.5390625 0.306396875 0.5390625 0.3112796875 0.5419921875 0.31494218749999997 0.5458984375 0.31494218749999997 0.548828125 0.318603125 0.548828125 0.3332515625 0.5498046875 0.33447343749999997 0.5556640625 0.33447343749999997 0.556640625 0.3332515625 0.5576125000000001 0.33213906249999997 0.558371875 0.329765625 0.558371875 0.32573281249999997 0.55859375 0.318603125 0.5634765625 0.31494218749999997 0.5673828125 0.31494218749999997 0.5703125 0.3112796875 0.5703125 0.306396875 0.572265625 0.3039546875 0.572265625 0.2819828125
1 0.55859375 0.474853125 0.55859375 0.4504390625 0.556640625 0.4479984375 0.556640625 0.416259375 0.5537109375 0.4150390625 0.55078125 0.4187015625 0.55078125 0.474853125 0.5537109375 0.478515625 0.556640625 0.4772953125 0.55859375 0.474853125
0 0.5330234375 0.31570468749999997 0.521865625 0.28781249999999997 0.517875 0.275521875 0.5137515625 0.278303125 0.5210859375 0.3033421875 0.5335296875 0.328384375 0.5386015625 0.32585000000000003 0.5330234375 0.31570468749999997
0 0.10447500000000001 0.0570546875 0.04209375 0 0.032928125 0.0012875 0.0594265625 0.026368750000000003 0.173390625 0.12734218749999998 0.17725 0.1205875 0.10447500000000001 0.0570546875
0 0.1795640625 0.0996875 0.17902656249999999 0.090021875 0.1212109375 0.03676875 0.0818078125 0 0.0733171875 0.000321875 0.081746875 0.0093578125 0.08823906249999999 0.016078125 0.110053125 0.03676875 0.1795640625 0.0996875
0 0.18368125 0.06592187499999999 0.151896875 0.0348671875 0.1435484375 0.027654687500000004 0.11525 0 0.10753281249999999 0.0016078124999999999 0.125284375 0.019615625 0.18290937499999999 0.0749265625 0.18368125 0.06592187499999999
0 0.18511249999999999 0.036134375 0.1497234375 0 0.1404828125 0.0019031249999999999 0.1834234375 0.045984375 0.18511249999999999 0.036134375
0 0.29969999999999997 0.1835671875 0.302946875 0.176696875 0.25274687500000004 0.115196875 0.21178750000000002 0.0646234375 0.20590625 0.0691 0.258740625 0.13548906249999998 0.29969999999999997 0.1835671875
0 0.24225625 0.1261234375 0.20579375 0.0871 0.20354531250000002 0.09334375 0.23228906249999998 0.125453125 0.2810546875 0.17856875 0.2854640625 0.174825 0.24225625 0.1261234375
0 0.2587671875 0.17543906250000002 0.2057359375 0.1128765625 0.1993375 0.11804218749999999 0.25291562500000003 0.18039687499999998 0.2587671875 0.17543906250000002
0 0.200625 0.14881875 0.24620156249999997 0.1922109375 0.310946875 0.25317500000000004 0.315428125 0.24821875000000002 0.2025609375 0.14139531249999998 0.200625 0.14881875