1 0.700434375 0 0.7009624999999999 0.0540625 0.65859375 0.0234375 0.6186828125 0.011209375 0.60859375 0.013671875 0.6004859375 0.0171421875 0.5996953125 0.027360937499999998 0.6052328124999999 0.0293375 0.6553390625 0.032965625 0.69964375 0.066259375 0.709375 0.3818359375 0.7099296875000001 0.4074453125 0.7225875 0.40843281249999996 0.7188875 0.140046875 0.7321875 0.13328281250000001 0.7321875 0.11637656249999999 0.72880625 0.1127125 0.7195640625 0.11778437500000001 0.7162578125 0 0.700434375 0
0 0.6592953125000001 0.235696875 0.702984375 0.16599999999999998 0.7025453125000001 0.1565828125 0.652175 0.237015625 0.655075 0.24196093749999997 0.6592953125000001 0.235696875
0 0.6468812500000001 0.053471875 0.6118109375 0.13633125 0.619903125 0.13825937500000002 0.646303125 0.073225 0.6619109375 0.03805625 0.65478125 0.03516875 0.6468812500000001 0.053471875
0 0.6732812499999999 0.045765625 0.643990625 0.141390625 0.6513125 0.14428125 0.6607546875 0.11369218750000001 0.6798328125 0.050824999999999995 0.6732812499999999 0.045765625
0 0.6516984375 0 0.6357046875 0.016139062500000002 0.6409078125 0.0197515625 0.6597921875 0 0.6516984375 0
0 0.686384375 0 0.6757859374999999 0.035407812500000004 0.6802171875 0.0404671875 0.69255 0 0.6869625 0 0.686384375 0
0 0.739746875 0.1885609375 0.7374359375 0.144703125 0.7313421875 0.144440625 0.7349140625 0.1888234375 0.739746875 0.1885609375
0 0.8540390625000001 0.1951265625 0.8546687500000001 0.1888234375 0.8162218749999999 0.17542968750000001 0.7594953125 0.14995468750000002 0.7288218750000001 0.1326234375 0.7242 0.13735 0.7492015624999999 0.15153125 0.7979437500000001 0.1746421875 0.8202125 0.1835703125 0.8540390625000001 0.1951265625
0 0.8139234375 0 0.7960515625 0.0231109375 0.76180625 0.06591875 0.741428125 0.091128125 0.7401671875 0.10084531249999999 0.7403765625000001 0.1045234375 0.7403765625000001 0.10846093750000001 0.7391156249999999 0.109775 0.737225 0.11003750000000001 0.7376453125 0.1074125 0.7384062499999999 0.10138125 0.7361703125 0.0985875 0.7328140624999999 0.103734375 0.7313421875 0.1076734375 0.7296625 0.1108265625 0.7288218750000001 0.11240000000000001 0.730921875 0.1158140625 0.7323937500000001 0.1131890625 0.7401671875 0.11476562500000001 0.74331875 0.11371562500000001 0.7452093750000001 0.11213906250000001 0.747309375 0.10137031249999999 0.7471 0.09559375 0.7565546875 0.08482656250000001 0.78975 0.04201875 0.8218937499999999 0 0.8139234375 0
0 0.7160546875 0 0.7170124999999999 0.0107765625 0.726271875 0.11215781250000001 0.7321796875000001 0.10557187500000001 0.7286671874999999 0.07164374999999999 0.7211640625 0 0.7160546875 0
0 0.8013109375 0 0.7834296875 0.02015625 0.7625140625 0.043107812499999995 0.729625 0.07922812500000001 0.73138125 0.08940624999999999 0.7693796875000001 0.043306250000000004 0.8083359375000001 0.0002 0.8013109375 0
0 0.7719343750000001 0.013171875 0.72755 0.061068750000000005 0.7289859375 0.07164374999999999 0.7642703125 0.03133125 0.7907734375000001 0.0002 0.7843875 0 0.7719343750000001 0.013171875