1 0.7565000000000001 0.2920828125 0.7609546875000001 0.29250937499999996 0.7664359375 0.290796875 0.7659374999999999 0.27890625 0.7640374999999999 0.18415625 0.75625 0.1841796875 0.7565000000000001 0.2920828125
1 0.6225359375 0.3087859375 0.6187671875 0.4548234375 0.624934375 0.4552546875 0.6283609375 0.31006875 0.6225359375 0.3087859375
1 0.18171874999999998 0.06875 0.17124999999999999 0.070703125 0.17046875 0.068359375 0.16921875 0.068359375 0.16703125000000002 0.0681640625 0.1624703125 0.068575 0.1620015625 0.4565796875 0.1718484375 0.4580453125 0.170675 0.18608906249999999 0.1703125 0.1591796875 0.1701953125 0.11568750000000001 0.1921453125 0.1099546875 0.1909984375 0.10299375 0.17085 0.10667968750000001 0.170625 0.0798828125 0.19171875 0.0748046875 0.19203125000000001 0.0673828125 0.18171874999999998 0.06875
1 0.330640625 0.2710234375 0.3309796875 0.2667953125 0.31953125 0.265625 0.3142359375 0.2648921875 0.3140625 0.2705078125 0.3140625 0.3154296875 0.3025171875 0.3192859375 0.302121875 0.3487171875 0.3140625 0.3505859375 0.3147859375 0.479990625 0.319878125 0.4805703125 0.3213140625 0.34846875 0.33125 0.3447265625 0.33239375 0.3200265625 0.3203125 0.3154296875 0.32089687499999997 0.2940328125 0.3323625 0.2917796875 0.3320359375 0.2856375 0.32106093750000003 0.2850234375 0.321875 0.2744140625 0.330640625 0.2710234375
1 0.36338125 0.42071875 0.36419375 0.465396875 0.3703125 0.4658203125 0.36717187500000004 0.3540390625 0.3674421875 0.30191406249999997 0.36256875 0.30191406249999997 0.36338125 0.42071875
1 0.3900109375 0.31999374999999997 0.3876953125 0.4533734375 0.3921875 0.4521484375 0.39453125 0.322265625 0.3900109375 0.31999374999999997
1 0.4043609375 0.3402453125 0.40412968749999995 0.4565546875 0.409375 0.4560546875 0.409684375 0.33995625 0.4043609375 0.3402453125
1 0.41685937500000003 0.3497953125 0.4147765625 0.4533734375 0.41875 0.4521484375 0.4210265625 0.3489265625 0.41685937500000003 0.3497953125
0 0.735859375 0.287915625 0.719846875 0.31749218749999997 0.7050296875 0.34049375 0.6873437499999999 0.3667828125 0.671809375 0.3826171875 0.6632046875000001 0.38918906249999996 0.6591421875 0.3915796875 0.6514453125 0.39405 0.643846875 0.39396875 0.6445640625 0.39725625 0.64528125 0.3991171875 0.6550796875 0.398521875 0.6620109375000001 0.3958328125 0.6765890625 0.385078125 0.68925625 0.371634375 0.70550625 0.350125 0.7258218750000001 0.3172640625 0.7392046875 0.291203125 0.755934375 0.2565484375 0.751871875 0.2532625 0.735859375 0.287915625
0 0.738896875 0.2657015625 0.720009375 0.2994625 0.701309375 0.3285046875 0.6801546875 0.3563765625 0.6718453125 0.36605625 0.663534375 0.373846875 0.6548453125 0.38093125 0.6495562500000001 0.3837640625 0.6437015625 0.38447343749999996 0.6265140625 0.38211093749999997 0.6257578125000001 0.38649374999999997 0.639546875 0.38932812499999997 0.650690625 0.3883828125 0.6565453125 0.38649374999999997 0.6710890625 0.3730375 0.6897875 0.35391249999999996 0.7130203125000001 0.321803125 0.7430515625 0.26735312499999997 0.7485937500000001 0.25703125 0.74515625 0.2541015625 0.738896875 0.2657015625
0 0.40749218750000005 0.08440625 0.36465000000000003 0.078453125 0.364 0.0846765625 0.410125 0.09197968749999999 0.5160140625 0.11037656250000001 0.61910625 0.126609375 0.711953125 0.1387828125 0.7486453125 0.1422609375 0.7494671875 0.13671093750000002 0.717934375 0.1328296875 0.6374234375000001 0.12255156250000002 0.5003546875 0.1009078125 0.40749218750000005 0.08440625
0 0.506884375 0.1280171875 0.42106562500000005 0.11224843749999999 0.32087187500000003 0.09400468749999999 0.31961249999999997 0.09957031250000001 0.405453125 0.1168875 0.492021875 0.1323484375 0.5780937500000001 0.14564531249999998 0.649834375 0.1549203125 0.7109359375000001 0.16110625 0.7462875 0.1638890625 0.7462875 0.157703125 0.6780109375000001 0.1499734375 0.5963765624999999 0.1403859375 0.506884375 0.1280171875
0 0.299975 0.136675 0.3937140625 0.15435000000000001 0.5033624999999999 0.17346875 0.63118125 0.1945296875 0.7182359375 0.2067234375 0.7189 0.200625 0.604953125 0.1834453125 0.35496249999999996 0.14049375 0.3019796875 0.13051718750000002 0.30020625 0.135228125 0.299975 0.136675
0 0.278934375 0.1664609375 0.2361703125 0.1615234375 0.23682187500000002 0.1676234375 0.273078125 0.17227187500000002 0.381146875 0.1897015625 0.5123171875 0.2094578125 0.6429078125000001 0.2295015625 0.6429078125000001 0.2239828125 0.6429078125000001 0.22252968750000002 0.563890625 0.21061875 0.46304999999999996 0.19493125 0.375575 0.18156875 0.278934375 0.1664609375
0 0.253409375 0.192315625 0.2531765625 0.19841718749999998 0.3421484375 0.21003750000000002 0.4159140625 0.21904374999999998 0.51724375 0.2303734375 0.615928125 0.23838125 0.6460828125 0.240540625 0.645153125 0.234440625 0.543825 0.22630625000000001 0.45109374999999996 0.2173 0.3265484375 0.20190468749999999 0.253409375 0.192315625
0 0.00296875 0 0.029375000000000002 0.0333984375 0.031875 0.0294921875 0.00796875 0 0.00296875 0
0 0.043125000000000004 0.0150390625 0.031718750000000004 0 0.027187499999999996 0.00078125 0.0396875 0.01875 0.043125000000000004 0.0150390625
0 0.128096875 0.12060156250000001 0.114009375 0.10258437499999999 0.10991406249999999 0.10667968750000001 0.1236734375 0.12387812499999999 0.128096875 0.12060156250000001
0 0.15365 0.10237812500000001 0.1220359375 0.055490625 0.117121875 0.059584375 0.14971874999999998 0.10647500000000001 0.15365 0.10237812500000001
0 0.1194140625 0 0.11187968749999999 0.0002046875 0.135959375 0.0368546875 0.1616765625 0.0737125 0.1642984375 0.0675703125 0.1416921875 0.033784375 0.1194140625 0
0 0.1715046875 0.08661250000000001 0.1844453125 0.105040625 0.189196875 0.1027890625 0.172815625 0.07965 0.1715046875 0.08661250000000001
0 0.3426828125 0.2897328125 0.3385875 0.2805171875 0.332690625 0.26823281250000003 0.32925 0.2721234375 0.33662187499999996 0.2885046875 0.344484375 0.3026328125 0.3525109375 0.31184531249999997 0.355459375 0.3077515625 0.3512 0.3022234375 0.34907187500000003 0.2995609375 0.3462859375 0.29567031250000003 0.3426828125 0.2897328125
0 0.359375 0.323828125 0.353125 0.320703125 0.34421875 0.3087890625 0.33328125000000003 0.2904296875 0.32921875 0.29296875 0.34249999999999997 0.3150390625 0.35015625 0.3236328125 0.35765625 0.328125 0.359375 0.323828125
0 0.21203124999999998 0.1576171875 0.18578125 0.1560546875 0.18640625 0.162109375 0.2128125 0.1630859375 0.21203124999999998 0.1576171875
0 0.2246875 0.18828125 0.20406249999999998 0.187890625 0.20453125 0.1939453125 0.22515625 0.1939453125 0.2246875 0.18828125
0 0.21781250000000002 0.2607421875 0.20609375000000002 0.245703125 0.2028125 0.249609375 0.21328125 0.2642578125 0.21781250000000002 0.2607421875
0 0.2290625 0.257421875 0.210625 0.2326171875 0.20812499999999998 0.2388671875 0.22390625000000003 0.26015625 0.2290625 0.257421875
0 0.2740625 0.3177734375 0.25265624999999997 0.3001953125 0.25015624999999997 0.3083984375 0.280625 0.33125 0.299375 0.343359375 0.30093749999999997 0.33671875 0.2740625 0.3177734375
0 0.285625 0.32265625 0.30078125 0.33046875 0.3021875 0.3240234375 0.28640625000000003 0.3169921875 0.270625 0.3033203125 0.24765625 0.280078125 0.244375 0.2857421875 0.25828125 0.300390625 0.27203125 0.312890625 0.27953125 0.31953125 0.285625 0.32265625
0 0.2734375 0.295703125 0.2534375 0.2724609375 0.22265625 0.2322265625 0.20406249999999998 0.20703125 0.20125 0.2123046875 0.21671875 0.234375 0.23390624999999998 0.255859375 0.2509375 0.278515625 0.26546875000000003 0.294921875 0.27531249999999996 0.30390625 0.2875 0.3125 0.29953124999999997 0.3208984375 0.303125 0.3169921875 0.29281250000000003 0.309375 0.2734375 0.295703125
0 0.2728125 0.2712015625 0.25390625 0.25499062499999997 0.23140624999999998 0.23096718749999998 0.205625 0.1954203125 0.20218750000000002 0.19952187500000002 0.20671875 0.2067484375 0.22546875000000002 0.23331093749999998 0.24625 0.257725 0.25921875 0.269053125 0.274375 0.2790140625 0.28125 0.28155312499999996 0.29171874999999997 0.28233437499999997 0.29296875 0.28252968749999996 0.29734375 0.28643593749999996 0.30234375 0.2919046875 0.31140625 0.29229531249999996 0.31140625 0.287803125 0.30375 0.28526406249999997 0.3 0.2809671875 0.2875 0.27081093749999996 0.27515625 0.2567484375 0.25656249999999997 0.2302734375 0.23359375 0.18975625000000002 0.20515625 0.13125 0.19890625 0.1168578125 0.19234374999999998 0.1091796875 0.18640625 0.11171875 0.19343749999999998 0.11875 0.206875 0.1498046875 0.2134375 0.1619140625 0.23125 0.2003140625 0.24828125 0.22993281250000003 0.26203125 0.25005 0.27453125 0.26484375 0.28390624999999997 0.2743265625 0.2803125 0.2739359375 0.2728125 0.2712015625
0 0.13968750000000002 0 0.15328124999999998 0.021875 0.17015625 0.047265625 0.18562499999999998 0.069140625 0.19171875 0.066796875 0.166875 0.0310546875 0.14703125 0 0.13968750000000002 0
0 0.309375 0.2712890625 0.31421875 0.2717375 0.3140625 0.2669921875 0.30593750000000003 0.2630859375 0.29078125 0.25103437500000003 0.27484375 0.23130781250000002 0.2546875 0.1992765625 0.22609374999999998 0.1408203125 0.19343749999999998 0.0710140625 0.18937500000000002 0.0759765625 0.20015624999999998 0.1025390625 0.21437499999999998 0.132421875 0.2296875 0.1646484375 0.24671875000000001 0.2001953125 0.26140625 0.221475 0.27609374999999997 0.24453125 0.286875 0.2564453125 0.2940625 0.2633390625 0.3003125 0.26763593750000003 0.309375 0.2712890625