1 0.39513750000000003 0.4182796875 0.3942 0.49118593749999995 0.40234375 0.4895015625 0.4020171875 0.421015625 0.39513750000000003 0.4182796875
1 0.40420625 0.2572171875 0.42392343749999994 0.25590625 0.426440625 0.20871093749999997 0.4091796875 0.20752031249999997 0.375259375 0.2063515625 0.37442031249999996 0.253809375 0.39453125 0.25756875 0.39453125 0.3405765625 0.40234375 0.345459375 0.40420625 0.2572171875
1 0.4178109375 0.42902968750000003 0.416246875 0.49118593749999995 0.42140781250000003 0.49196718749999996 0.42312656249999997 0.4286390625 0.4178109375 0.42902968750000003
1 0.42578125 0.338134375 0.4365234375 0.33447343749999997 0.4365234375 0.32470781249999997 0.4051453125 0.3244609375 0.407334375 0.33325625 0.41796718750000006 0.3363828125 0.41875156249999995 0.3545453125 0.4252375 0.35400468749999997 0.42578125 0.338134375
0 0.3461140625 0.14133281250000002 0.3427734375 0.1416015625 0.33928125 0.14215781249999998 0.3489234375 0.182946875 0.35519375000000003 0.2099703125 0.37248749999999997 0.26915 0.376953125 0.269775 0.3593 0.197 0.3461140625 0.14133281250000002
0 0.3655703125 0.1815953125 0.375 0.2064453125 0.38109375 0.2048828125 0.36946093750000003 0.17321875 0.36046875 0.1431640625 0.3545453125 0.1437640625 0.3655703125 0.1815953125
0 0.386971875 0 0.39626875 0.0710703125 0.4140625 0.18432656249999999 0.41918437500000005 0.21024062500000001 0.42546875 0.2076171875 0.4027546875 0.06755781250000001 0.396484375 0.02319375 0.3934578125 0 0.391728125 0 0.386971875 0
0 0.38891875 0.14133281250000002 0.403403125 0.20375625 0.408203125 0.20385781249999999 0.403403125 0.1767328125 0.366003125 0.000540625 0.3608140625 0.0008109375 0.38891875 0.14133281250000002
0 0.42999375000000006 0.322928125 0.421778125 0.27482656250000004 0.4163734375 0.27563593750000004 0.4256703125 0.3245484375 0.42999375000000006 0.322928125
0 0.4328125 0.3240234375 0.43796875 0.323828125 0.43302031249999995 0.28050156249999997 0.427975 0.23474374999999997 0.4245765625 0.23760468750000002 0.42588593750000003 0.2599625 0.4328125 0.3240234375
0 0.3768125 0.269690625 0.3787578125 0.2723953125 0.38091875000000003 0.2753671875 0.385675 0.27563593750000004 0.388053125 0.2753671875 0.391296875 0.2753671875 0.3932421875 0.2750953125 0.39518749999999997 0.2737453125 0.39497187500000003 0.2675296875 0.3934578125 0.2678015625 0.3887015625 0.2705015625 0.38632343750000003 0.2705015625 0.38308125 0.26942187500000003 0.3813515625 0.2653671875 0.38113593749999997 0.253478125 0.377028125 0.2537484375 0.3768125 0.269690625
0 0.41968750000000005 0.25546875 0.4203125 0.2658203125 0.41671874999999997 0.26875 0.4134375 0.269140625 0.41078125 0.2693359375 0.40890624999999997 0.2669921875 0.40390625 0.2671875 0.40359375000000003 0.2716796875 0.4090625 0.2724609375 0.41078125 0.2744140625 0.414375 0.2748046875 0.41671874999999997 0.27421875 0.41921875000000003 0.2740234375 0.4215625 0.27109375 0.42359375000000005 0.2666015625 0.42374999999999996 0.2634765625 0.42359375000000005 0.2548828125 0.41968750000000005 0.25546875