1 0.14315 0 0.14266875 0.01023125 0.09187656250000001 0.012939062500000001 0.0921171875 0.0246734375 0.11813125 0.0234375 0.137853125 0.02286875 0.1376125 0.055365624999999995 0.1374140625 0.062203125000000005 0.09861718750000001 0.06469375000000001 0.096209375 0.07763125 0.1034265625 0.0861890625 0.1109078125 0.097775 0.11855 0.098384375 0.12082656249999998 0.091678125 0.1278203125 0.08375 0.139225 0.0830078125 0.136184375 0.5274859375000001 0.1439453125 0.5262171875 0.15246875 0.5262171875 0.15485 0.0771484375 0.19875625 0.06920625 0.199959375 0.0538609375 0.15563125 0.060546875 0.15590781250000002 0.02286875 0.20242812500000001 0.020926562500000002 0.20176875 0.007157812500000001 0.15398125000000001 0.009628125 0.15374062500000002 0 0.14315 0
0 0.2036484375 0.0707109375 0.199796875 0.0761265625 0.2448109375 0.10681875 0.30258281249999996 0.1420234375 0.30474999999999997 0.134803125 0.250346875 0.10049999999999999 0.2036484375 0.0707109375
0 0.2528328125 0.100115625 0.2142390625 0 0.20750000000000002 0.0003015625 0.23012656250000002 0.061682812499999996 0.2457953125 0.0975 0.2528328125 0.100115625
0 0.2135171875 0.0746234375 0.19113125 0.0210625 0.185834375 0.0219640625 0.208703125 0.075225 0.2135171875 0.0746234375
0 0.175784375 0.056596875000000005 0.160375 0.029249999999999998 0.1557453125 0.0337015625 0.17139218750000002 0.058976562499999996 0.175784375 0.056596875000000005
0 0.2551171875 0.1158109375 0.2653890625 0.1424453125 0.27071718749999996 0.14054375 0.2596828125 0.1160484375 0.2551171875 0.1158109375
0 0.251121875 0.16123125 0.2184 0.088225 0.21212187500000002 0.0884625 0.245984375 0.1655109375 0.251121875 0.16123125
0 0.20317968749999998 0.11818906250000001 0.23152656249999998 0.16670156249999998 0.23704375 0.1626578125 0.18339531250000002 0.07371875 0.180834375 0.0735859375 0.1782328125 0.0743984375 0.20317968749999998 0.11818906250000001
0 0.172378125 0.0735859375 0.1676625 0.075415625 0.184575 0.10712656250000001 0.1653859375 0.078059375 0.16099531250000002 0.080090625 0.197909375 0.138634375 0.2185625 0.1683125 0.22490468749999998 0.1652640625 0.19823437500000002 0.118103125 0.172378125 0.0735859375
0 0.19010312499999998 0.142496875 0.2018125 0.1616046875 0.20669062500000002 0.1577421875 0.16018125 0.0823265625 0.155953125 0.0865953125 0.19010312499999998 0.142496875
0 0.156115625 0.1089546875 0.18685156249999998 0.1575390625 0.19238125 0.154490625 0.16001875000000002 0.10387500000000001 0.156115625 0.1089546875
0 0.17189062500000002 0.139853125 0.16099531250000002 0.12196562500000001 0.1570921875 0.12501562500000002 0.1660359375 0.1414796875 0.17189062500000002 0.139853125
0 0.13822812499999998 0.14392031249999998 0.11692499999999999 0.1020453125 0.11204531250000001 0.10285781249999999 0.13351249999999998 0.14737499999999998 0.13822812499999998 0.14392031249999998
0 0.12180312499999998 0.09371093750000001 0.1353 0.12501562500000002 0.13822812499999998 0.12196562500000001 0.139040625 0.11972968749999999 0.1271703125 0.091678125 0.12180312499999998 0.09371093750000001
0 0.10665312499999999 0.089675 0.09640625 0.121875 0.1008 0.125453125 0.1113703125 0.0939453125 0.10665312499999999 0.089675
0 0.1109078125 0.058137499999999995 0.0619578125 0 0.054315625 0.00020312500000000002 0.1078171875 0.062609375 0.1109078125 0.058137499999999995
0 0.12603124999999998 0.0398421875 0.11204531250000001 0.05630625 0.114484375 0.059357812499999996 0.12944687500000002 0.041875 0.12603124999999998 0.0398421875
0 0.08640624999999999 0 0.096434375 0.0099609375 0.1016375 0.007318750000000001 0.093125 0 0.08640624999999999 0
0 0.11796875 0.007421875 0.109375 0 0.10296875000000001 0.000390625 0.11390625000000001 0.0095703125 0.11796875 0.007421875
0 0 0.0364765625 0.013625000000000002 0.050539062499999995 0.05078125 0.08828125 0.0834375 0.1181640625 0.1134375 0.1455078125 0.11768749999999999 0.14175 0.0614375 0.089015625 0.005187499999999999 0.034914062499999995 0.0001875 0.0298359375 0 0.03159375 0 0.0364765625
0 0.0006562499999999999 0.04409375 0 0.0513203125 0.038125 0.0884765625 0.08737500000000001 0.133546875 0.09128125000000001 0.129640625 0.033 0.074171875 0.0006562499999999999 0.04409375
0 0.00046875 0.0669921875 0.00015625 0.0748046875 0.03546875 0.10703125 0.08625000000000001 0.1509765625 0.0890625 0.144921875 0.05109375000000001 0.11171875 0.00046875 0.0669921875
0 0.05171875 0.1853515625 0.00078125 0.1548828125 0 0.1625 0.05109375000000001 0.193359375 0.05171875 0.1853515625
0 0 0.128125 0.033437499999999995 0.159375 0.0515625 0.1740234375 0.06109375 0.181640625 0.06343750000000001 0.175 0.02734375 0.1462890625 0.06937499999999999 0.17421875 0.07265625 0.1701171875 0.0540625 0.157421875 0 0.1203125 0 0.128125
0 0 0.112890625 0.073125 0.1703125 0.07671875 0.1646484375 0.0484375 0.1423828125 0.00203125 0.105859375 0 0.112890625
0 0 0.256175 0.04935 0.232396875 0.0468390625 0.2274609375 0 0.2498953125 0 0.256175