1 0.7509765625 0 0.7587125 0.460646875 0.76171875 0.5065921875 0.775390625 0.5090328125 0.78125 0.5065921875 0.78125 0.4284671875 0.7734375 0.006103125 0.7730406249999999 0 0.7509765625 0
1 0.6007609375 0 0.598125 0.030078125 0.56705625 0.032139062499999996 0.5663578125 0.0443828125 0.5695109375 0.0463875 0.5909953125 0.048828125 0.5917953125000001 0.050910937499999996 0.5896515625000001 0.0518828125 0.58283125 0.06698593750000001 0.572440625 0.072021875 0.5753703125 0.0903328125 0.599784375 0.091553125 0.599784375 0.12573281249999999 0.5695109375 0.126953125 0.56658125 0.13793906250000001 0.5890421875 0.1416015625 0.6017375 0.15258750000000001 0.6017375 0.396728125 0.611496875 0.4110046875 0.611503125 0.15258750000000001 0.6163859375 0.1416015625 0.6459406249999999 0.139053125 0.6452421875 0.13140000000000002 0.611503125 0.12817343750000001 0.611503125 0.091553125 0.646659375 0.0866703125 0.6456828125 0.0708015625 0.6231687499999999 0.06625625 0.6243375 0.062115624999999994 0.623753125 0.051151562500000004 0.6227796875 0.048717187499999995 0.6437296875 0.0463875 0.64640625 0.0283203125 0.64109375 0.028515625 0.634746875 0.0378234375 0.6128125 0.0359375 0.6102593749999999 0 0.6007609375 0
1 0.54796875 0.2431640625 0.55078125 0.2722171875 0.5573265625 0.272428125 0.55859375 0.244140625 0.5753125 0.2408203125 0.57421875 0.23559531250000001 0.560625 0.23359375 0.5584374999999999 0.2263671875 0.5503125 0.2263671875 0.54609375 0.2328125 0.5341796875 0.23193437499999997 0.53171875 0.2396484375 0.54796875 0.2431640625
0 0.7191625 0.3773109375 0.7203515625 0.3773109375 0.7253499999999999 0.3415109375 0.74246875 0.1956890625 0.7531609375 0.1066953125 0.7501875 0.0957640625 0.7418515625000001 0.1625234375 0.730128125 0.25199375 0.719928125 0.3362640625 0.716059375 0.366909375 0.7150515625 0.3754140625 0.7191625 0.3773109375
0 0.62908125 0.21828750000000002 0.66535625 0.16135312500000001 0.7281484375 0.0540046875 0.7403921875 0.030390624999999998 0.7507125 0.0129 0.7487874999999999 0.0048109375 0.671303125 0.137959375 0.627128125 0.2109625 0.61090625 0.23577499999999998 0.61743125 0.2365640625 0.62908125 0.21828750000000002
0 0.6533203125 0.1977546875 0.6571359375 0.199178125 0.71328125 0.11784531250000001 0.7456390625 0.06930937499999999 0.751953125 0.0598140625 0.7500125 0.0544421875 0.7484375 0.053128125000000005 0.740234375 0.064696875 0.7109375 0.11108437499999999 0.6574859375 0.1867171875 0.65234375 0.19409218749999999 0.6533203125 0.1977546875
0 0.558125 0 0.55671875 0.0099609375 0.53703125 0.194140625 0.53234375 0.2294921875 0.53859375 0.230859375 0.5610937500000001 0.0373046875 0.5646875 0.000390625 0.558125 0
0 0.6409234374999999 0.1278625 0.6464875 0.088540625 0.64140625 0.088671875 0.6340765625 0.1300046875 0.640625 0.1314453125 0.6409234374999999 0.1278625
0 0.6223062500000001 0.12946875 0.63129375 0.0904140625 0.625 0.08828125 0.6171703125 0.127328125 0.61828125 0.1283203125 0.6223062500000001 0.12946875
0 0.63471875 0.047346875 0.6291546875 0.0789125 0.633434375 0.0789125 0.6404953124999999 0.047615625 0.63471875 0.047346875
0 0.63671875 0 0.6306515625 0.0123046875 0.6319359375 0.0002671875 0.6268 0.0010703125 0.6235906250000001 0.0181890625 0.6150296875000001 0.033704687500000004 0.6139609375 0.0369140625 0.6218781250000001 0.0377171875 0.6310796875 0.019528125 0.6434375 0 0.63671875 0
0 0.579934375 0 0.5681640625 0.030226562499999998 0.5730859374999999 0.033704687500000004 0.58296875 0.0080078125 0.5863546875 0 0.579934375 0
1 0.728515625 0.24780312499999999 0.728515625 0.17700156250000001 0.7255859375 0.173340625 0.720703125 0.17944374999999999 0.720703125 0.18188437500000001 0.72265625 0.18432656249999999 0.72265625 0.24047812500000001 0.724609375 0.24292031249999999 0.724609375 0.24780312499999999 0.7255859375 0.2490234375 0.728515625 0.24780312499999999
0 0.9225296875 0 0.9657734375 0.031564062500000004 0.9748531249999999 0.0372375 1 0.051946875 1 0.044437500000000005 0.9688437499999999 0.026600000000000002 0.930040625 0 0.9225296875 0
0 1 0.0356734375 0.9643375000000001 0.015334375 0.939303125 0 0.9332953125 0.0003125 0.9625859374999999 0.020654687499999998 1 0.042871875 1 0.0356734375
0 0.9403046875 0 0.9763546875 0.021592187500000002 1 0.0366140625 0.9998875 0.030354687499999998 0.9499796875 0 0.9403046875 0
0 0.7852625 0 0.7732125 0.0150609375 0.775278125 0.02280625 0.7940406249999999 0 0.7852625 0
0 0.6521874999999999 0.055078125 0.6534375 0.0626953125 0.67890625 0.030078125 0.6971875 0.000390625 0.69140625 0 0.6703125 0.03125 0.6521874999999999 0.055078125
0 0.64921875 0.06953125 0.65625 0.0240234375 0.651875 0.0263671875 0.6448437499999999 0.068359375 0.64921875 0.06953125
0 0.65515625 0 0.65515625 0.0125 0.645625 0.0271484375 0.6470312500000001 0.03359375 0.6693749999999999 0.000390625 0.665625 0 0.6603125000000001 0.005078125 0.65921875 0 0.65515625 0
0 0.58640625 0.0896484375 0.5828125 0.1244140625 0.5871875 0.1263671875 0.5912499999999999 0.090625 0.58640625 0.0896484375
0 0.61234375 0.196484375 0.61453125 0.2025390625 0.62109375 0.1919921875 0.6290625000000001 0.1712890625 0.634375 0.1546875 0.63671875 0.139453125 0.6325000000000001 0.13984375 0.6312859375000001 0.1449796875 0.62984375 0.1521484375 0.6251562500000001 0.1689453125 0.6190625 0.1875 0.61234375 0.196484375
0 0.5896874999999999 0.2388671875 0.5784374999999999 0.265234375 0.5828125 0.2673828125 0.590625 0.2513671875 0.59703125 0.2341796875 0.6017187500000001 0.21796875 0.5996875 0.2087890625 0.5896874999999999 0.2388671875
0 0.5696875 0.12578125 0.5725 0.045703125 0.56703125 0.0462890625 0.56484375 0.1287109375 0.5696875 0.12578125
0 0.57984375 0.1806640625 0.5840625 0.140234375 0.58015625 0.140234375 0.5667187499999999 0.1947265625 0.56921875 0.1416015625 0.56421875 0.1412109375 0.5625 0.2076171875 0.55765625 0.2294921875 0.56296875 0.229296875 0.56734375 0.2130859375 0.5765625 0.18046875 0.56921875 0.2287109375 0.57203125 0.22890625 0.5815625 0.189453125 0.593125 0.1443359375 0.58796875 0.1427734375 0.57984375 0.1806640625
0 0.5953125 0.1509765625 0.57203125 0.2265625 0.57546875 0.2298828125 0.59984375 0.151171875 0.5962500000000001 0.1478515625 0.5953125 0.1509765625