1 0.7790625 0 0.7783203125 0.087890625 0.7509765625 0.061035937500000005 0.7287484375 0.048228125 0.65921875 0.044921875 0.658203125 0.0573734375 0.6617953125 0.0615328125 0.6972078125000001 0.06718437499999999 0.7021875 0.068359375 0.7090625 0.0673828125 0.7146874999999999 0.059765625 0.7353515625 0.0634765625 0.7451796875000001 0.06938125 0.7799031249999999 0.1035046875 0.779296875 0.4187015625 0.7707421875 0.55165625 0.771290625 0.567428125 0.79296875 0.57006875 0.8033812499999999 0.569828125 0.8011874999999999 0.43165624999999996 0.80078125 0.3039546875 0.8017203125 0.1837625 0.8077375 0.17725625 0.8079000000000001 0.168109375 0.8070875 0.16018125 0.803509375 0.15814843750000002 0.802859375 0.1510328125 0.8025343749999999 0.1427 0.8124546875 0.1416828125 0.8148937500000001 0.0951328125 0.8059484375 0.096353125 0.803125 0 0.7790625 0
1 0.5986328125 0.26611406249999997 0.5693359375 0.26123124999999997 0.5712890625 0.27099687499999997 0.5947265625 0.2734375 0.611328125 0.286865625 0.609375 0.4479984375 0.615234375 0.4479984375 0.619140625 0.2844234375 0.5986328125 0.26611406249999997
0 0.41791406249999996 0 0.2995625 0.0010843749999999998 0.3004296875 0.007585937500000001 0.41747968750000003 0.00379375 0.41791406249999996 0
0 0.7789203125 0.0440953125 0.7785640625 0.0374140625 0.6433453124999999 0.0298046875 0.493346875 0.021134375 0.44739375 0.0178828125 0.3004296875 0.0124625 0.2991296875 0.0195078125 0.4812078125 0.026553125 0.7789203125 0.0440953125
0 0.75074375 0.0118796875 0.76278125 0.0011875 0.7567625 0 0.71796875 0.03203125 0.7262500000000001 0.0337890625 0.75074375 0.0118796875
0 0.779253125 0.0502875 0.7399734375 0.049890625 0.743140625 0.0562265625 0.7795687499999999 0.0566234375 0.779253125 0.0502875
0 0.774928125 0.09263906250000001 0.7698921875 0.09174062499999999 0.7641359375000001 0.214059375 0.75878125 0.339428125 0.763415625 0.33907656249999996 0.7688125 0.2396921875 0.774928125 0.09263906250000001
0 0.8104374999999999 0.16707812500000002 0.8088765625000001 0.17359843749999998 0.939865625 0.20979062499999998 0.9994390624999999 0.2234 1 0.21772968750000002 0.9368421874999999 0.2022328125 0.8104374999999999 0.16707812500000002
0 1 0.057096875000000005 0.9328125 0.0244140625 0.929378125 0.0296546875 0.99989375 0.0641703125 1 0.057096875000000005
0 0.9512171875 0 0.9237421875 0.023921875000000002 0.904034375 0.0421609375 0.906309375 0.0473703125 0.9398484375 0.01634375 0.9584171874999999 0 0.9512171875 0
0 0.8045546874999999 0.0461875 0.8585578125 0.0499765625 0.8606421875000001 0.045001562499999995 0.8045546874999999 0.0409765625 0.8045546874999999 0.0461875
0 0.85546875 0.049609375 0.8041765625 0.0487921875 0.803796875 0.055898437499999995 0.8523046875 0.055662500000000004 0.85546875 0.049609375
0 0.875421875 0.054476562500000006 0.8684109375 0.0523453125 0.85116875 0.06821406249999999 0.8377156250000001 0.079346875 0.8356312499999999 0.0786375 0.865759375 0.051398437500000005 0.9006234375 0.017053125 0.9188140625000001 0.00023593749999999998 0.910478125 0 0.89891875 0.0111328125 0.8632953125 0.04429375 0.82975625 0.07555625 0.8155453125 0.0869265625 0.8068296875 0.0916640625 0.807396875 0.099953125 0.8123234374999999 0.09900624999999999 0.826725 0.09047812499999999 0.844915625 0.08171406249999999 0.875421875 0.054476562500000006
0 0.8284296875000001 0.13571875 0.8830015625 0.0731890625 0.88035 0.0672671875 0.8481375 0.10516406250000002 0.8255874999999999 0.13027187499999998 0.8200921875 0.13666562499999999 0.8144078125 0.14045625 0.806275 0.1573359375 0.8092015625 0.16729687499999998 0.8284296875000001 0.13571875
0 0.9038453125 0.0419234375 0.9030343750000001 0.04146875 0.9016265625000001 0.0393078125 0.899865625 0.038371875 0.8966453124999999 0.039790625 0.8936125 0.049265625 0.881296875 0.0684515625 0.8850859375000001 0.0722421875 0.8706859375 0.089059375 0.8617796875 0.1042171875 0.8585578125 0.1084796875 0.8553375000000001 0.11321718750000001 0.8545796875 0.1170078125 0.8519265624999999 0.1200859375 0.8471890625 0.12316562499999999 0.8422625 0.1271921875 0.8401781250000001 0.1319296875 0.8331671875 0.13335 0.8293781250000001 0.1390359375 0.8308937500000001 0.1421140625 0.83449375 0.1421140625 0.8361984375 0.139746875 0.8401781250000001 0.1380875 0.844490625 0.13456875 0.8477578125 0.12861406250000001 0.8540109375 0.125296875 0.8612109374999999 0.11440312500000001 0.8502203125 0.1328765625 0.8452937500000001 0.137140625 0.841315625 0.14164062500000002 0.836009375 0.14471875 0.8231249999999999 0.14495625 0.8208515625 0.1492203125 0.8253984375 0.15135156249999998 0.8308937500000001 0.15135156249999998 0.836009375 0.151115625 0.8356312499999999 0.1537203125 0.8227453125 0.16650937500000002 0.825209375 0.171009375 0.8363890625 0.159640625 0.8492734375 0.143771875 0.86424375 0.12316562499999999 0.8766109375 0.1069625 0.8952125000000001 0.0781734375 0.900434375 0.0788734375 0.9053609375 0.0693984375 0.9053609375 0.056134375 0.905171875 0.049265625 0.9038453125 0.0419234375
0 0.891846875 0.0531484375 0.8950359375 0.046284375 0.8874171875 0.045178125 0.9122203125 0.0150578125 0.9152328125 0.0093 0.9120437499999999 0.00819375 0.8789140625 0.0453984375 0.87218125 0.046284375 0.8666890625000001 0.0520421875 0.891846875 0.0531484375
0 0.9209015624999999 0 0.9074375 0.0367609375 0.9141703124999999 0.0321109375 0.9258625 0 0.9209015624999999 0
0 0.9001734375 0.0088578125 0.8840515625 0 0.87796875 0.0033203125 0.8964531250000001 0.0137296875 0.9001734375 0.0088578125
0 0.7753859375000001 0.08433437499999999 0.7759796875 0.056634375 0.77241875 0.056634375 0.7722203125 0.081615625 0.7753859375000001 0.08433437499999999
0 0.9996875 0.0921875 0.9071875 0.0482421875 0.9051562499999999 0.055078125 0.9985734374999999 0.0989625 0.9996875 0.0921875
0 0.531559375 0.0565609375 0.36724687500000003 0.057990625 0.36679062500000004 0.0642734375 0.54915625 0.063703125 0.6593078125 0.060275 0.6586218749999999 0.054846874999999996 0.531559375 0.0565609375
0 0.6545093750000001 0.0494203125 0.367475 0.05027812499999999 0.36724687500000003 0.055703125 0.5882343750000001 0.056275 0.6590796875 0.05541875 0.6588499999999999 0.0494203125 0.6545093750000001 0.0494203125
0 0.83140625 0.10859375 0.84015625 0.1126953125 0.8425 0.109375 0.82328125 0.09296875 0.81671875 0.096484375 0.8334374999999999 0.1203125 0.8375 0.116015625 0.83140625 0.10859375