1 0.0513046875 0.2039140625 0.0453125 0.4775390625 0.0577171875 0.47847343750000004 0.0640625 0.3349609375 0.0685390625 0.17585781250000002 0.051965625 0.17494375 0.0513046875 0.2039140625
1 0.22164999999999999 0.3978078125 0.2203125 0.500475 0.228125 0.502428125 0.23086875 0.4418984375 0.2348765625 0.26754218750000003 0.2272609375 0.2680453125 0.22164999999999999 0.3978078125
0 0 0.21617812500000003 0.0256796875 0.21192031249999999 0.051096875 0.207334375 0.051359375 0.199146875 0 0.20864375000000002 0 0.2122484375 0 0.21617812500000003
0 0.21171250000000003 0.3437890625 0.22291093750000002 0.35428906250000003 0.2239875 0.3462125 0.210634375 0.3343671875 0.141284375 0.2708328125 0.0687046875 0.199490625 0.0676265625 0.20918125 0.1160859375 0.2568328125 0.21171250000000003 0.3437890625
0 0.26685625 0.3006 0.37927343750000003 0.3333421875 0.3800015625 0.32743125 0.311059375 0.30719375000000004 0.2683109375 0.293778125 0.26685625 0.3006
0 0.46950000000000003 0.3542609375 0.51953125 0.3603515625 0.5198437499999999 0.3564453125 0.47093749999999995 0.35 0.47046875000000005 0.351171875 0.46950000000000003 0.3542609375
0 0.58765625 0.3625 0.5348437500000001 0.3591796875 0.5346875 0.3634765625 0.586875 0.3666015625 0.58765625 0.3625
0 0.58265625 0.38984375 0.5428124999999999 0.390234375 0.5426562500000001 0.3947265625 0.58296875 0.39453125 0.58265625 0.38984375
0 0.6017187500000001 0.41953125 0.5404687499999999 0.419140625 0.540625 0.423046875 0.6018749999999999 0.42421875 0.6017187500000001 0.41953125
0 0.52046875 0.3908203125 0.4684375 0.3904296875 0.46859375 0.3955078125 0.52046875 0.3958984375 0.52046875 0.3908203125
0 0.52046875 0.3806640625 0.4684375 0.3814453125 0.46859375 0.38671875 0.52015625 0.38515625 0.52046875 0.3806640625
0 0.46781249999999996 0.3673828125 0.46734375000000006 0.3708984375 0.50125 0.3740234375 0.46765625 0.3748046875 0.46765625 0.3802734375 0.52078125 0.37734375 0.520625 0.37109375 0.46781249999999996 0.3673828125
1 0.54015625 0.3759765625 0.5390625 0.4177734375 0.54203125 0.41796875 0.54203125 0.4166015625 0.5421875 0.4119140625 0.54296875 0.37578125 0.55015625 0.3759765625 0.54953125 0.371875 0.53515625 0.3720703125 0.53453125 0.3755859375 0.54015625 0.3759765625
0 0.29078125 0.4033203125 0.26484375 0.4017578125 0.26453125 0.4072265625 0.290625 0.40859375 0.29078125 0.4033203125
0 0.29078125 0.4169921875 0.26375000000000004 0.41640625 0.26328125 0.4216796875 0.290625 0.422265625 0.29078125 0.4169921875
0 0.348125 0.4236328125 0.29765625 0.41953125 0.29734375 0.42421875 0.34796875 0.4283203125 0.348125 0.4236328125
0 0.3471875 0.407421875 0.2971875 0.4052734375 0.296875 0.4103515625 0.3471875 0.4130859375 0.3471875 0.407421875
0 0.35453125 0.4150390625 0.39515625 0.4166015625 0.395625 0.41171875 0.354375 0.4099609375 0.354375 0.412890625 0.35453125 0.4150390625