1 0.2783203125 0.05859375 0.252996875 0.0574421875 0.233734375 0.05596875 0.232421875 0.0598140625 0.23232499999999998 0.07568125 0.2533390625 0.07730781249999999 0.2607328125 0.0874515625 0.26133125 0.10349062499999999 0.23204375000000002 0.10525 0.23119843750000002 0.1186265625 0.254571875 0.12073750000000001 0.26161249999999997 0.127075 0.2630203125 0.13270781250000002 0.2655546875 0.3875609375 0.2655546875 0.3928421875 0.2731578125 0.392490625 0.2734375 0.12817343750000001 0.3046875 0.11108437499999999 0.3017578125 0.1025390625 0.2744140625 0.107421875 0.2734375 0.084228125 0.2822265625 0.075684375 0.3041359375 0.0725140625 0.30469843750000003 0.054914062500000006 0.293434375 0.058081249999999994 0.2783203125 0.05859375
1 0.3349609375 0.20752031249999997 0.333984375 0.20141562500000001 0.3515625 0.19653281250000001 0.3529765625 0.1915328125 0.35205156249999997 0.1851671875 0.3427734375 0.1904296875 0.3369140625 0.185546875 0.3251953125 0.1904296875 0.306684375 0.18430156250000002 0.3050640625 0.1909546875 0.30552812500000004 0.197609375 0.3212890625 0.1977546875 0.32421875 0.20141562500000001 0.3232421875 0.20752031249999997 0.3048328125 0.20686718750000002 0.30691562499999997 0.2172828125 0.31362812500000004 0.21699375 0.322265625 0.21850624999999999 0.3221921875 0.2375359375 0.3212890625 0.25146562499999997 0.30552812500000004 0.2496875 0.3048296875 0.2607703125 0.3131078125 0.26123124999999997 0.3246984375 0.2614609375 0.3221921875 0.410553125 0.3282109375 0.4108421875 0.333303125 0.260103125 0.3527453125 0.25894531249999997 0.3518203125 0.2517125 0.3486328125 0.25146562499999997 0.33203125 0.25024375 0.333984375 0.21850624999999999 0.3383109375 0.21615781250000002 0.3511890625 0.21615781250000002 0.35043125 0.20686718750000002 0.3349609375 0.20752031249999997
1 0.3662109375 0.2734375 0.33601875 0.2736703125 0.3346328125 0.28123593750000003 0.34765625 0.2844234375 0.34765625 0.2941890625 0.3358859375 0.2930390625 0.3367203125 0.30269375 0.3466796875 0.302734375 0.349609375 0.3088375 0.349609375 0.3991703125 0.3525390625 0.40283281249999997 0.35546875 0.4016109375 0.357421875 0.3991703125 0.357421875 0.384521875 0.35546875 0.3820796875 0.35546875 0.3039546875 0.357421875 0.3015140625 0.357421875 0.2844234375 0.3662109375 0.283203125 0.369140625 0.279540625 0.3695859375 0.274796875 0.3662109375 0.2734375
1 0.359375 0.29663125 0.361875 0.301171875 0.36171875 0.3064453125 0.36171875 0.3470703125 0.361328125 0.357665625 0.36109375 0.3669921875 0.361328125 0.3723140625 0.361328125 0.404053125 0.3642578125 0.40771562499999997 0.365234375 0.40649375 0.3671875 0.404053125 0.368125 0.3251953125 0.36859375 0.320703125 0.369140625 0.318603125 0.369140625 0.299071875 0.38109375 0.2986328125 0.381875 0.2880859375 0.36828125 0.2884765625 0.36109375 0.2892578125 0.359375 0.29663125
1 0.37305625 0.30865 0.373046875 0.3137203125 0.3728125 0.317578125 0.3740625 0.3212890625 0.373046875 0.33569375 0.373046875 0.3942875 0.37109375 0.396728125 0.37109375 0.4187015625 0.3740234375 0.42236406249999997 0.375 0.4211421875 0.376953125 0.4187015625 0.376953125 0.404053125 0.37890625 0.4016109375 0.37890625 0.3112796875 0.38890625 0.3083984375 0.38890625 0.301171875 0.3818359375 0.30029374999999997 0.3759765625 0.30029374999999997 0.373046875 0.3039546875 0.37305625 0.30865
0 0.028975 0 0.07340156249999999 0.057948437500000005 0.1105609375 0.1032890625 0.16660312500000002 0.1679828125 0.2014859375 0.2019359375 0.22407343750000003 0.21909218749999998 0.24980625 0.2369609375 0.25968749999999996 0.2376953125 0.26038125 0.23058593749999998 0.2507140625 0.23001718750000003 0.22928281250000002 0.2156171875 0.199246875 0.191240625 0.1582 0.1499421875 0.0826734375 0.05963906249999999 0.079775 0.055293749999999996 0.03765 0 0.028975 0
0 0.25864375 0.2148921875 0.2545875 0.210546875 0.23372500000000002 0.188575 0.20668281249999998 0.1593578125 0.20494374999999998 0.1646703125 0.22174999999999997 0.1839859375 0.24859843750000002 0.21296093749999997 0.2582578125 0.2216515625 0.25864375 0.2148921875
0 0.259803125 0.20692343750000003 0.20668281249999998 0.148734375 0.20339999999999997 0.155253125 0.2428046875 0.197990625 0.25844999999999996 0.213925 0.259803125 0.20692343750000003
0 0.183503125 0.1202421875 0.09831875 0.0159359375 0.097353125 0.0231796875 0.1429390625 0.0796796875 0.1788671875 0.124346875 0.183503125 0.1202421875
0 0.175390625 0.12217343750000001 0.10179687500000001 0.0342875 0.0981265625 0.038390625 0.16959531249999998 0.126521875 0.175390625 0.12217343750000001
0 0.241875 0.1208984375 0.234971875 0.124034375 0.2438625 0.140109375 0.2567125 0.17022500000000002 0.258628125 0.1603515625 0.2515625 0.1392578125 0.241875 0.1208984375
0 0.2559390625 0.12096718749999999 0.2487921875 0.121209375 0.25053125 0.1299 0.259803125 0.1530796875 0.2640515625 0.1499421875 0.257484375 0.13086718749999998 0.2559390625 0.12096718749999999
0 0.14481875 0 0.1736203125 0.044621875 0.20749218749999998 0.09330000000000001 0.22859375 0.1203125 0.232440625 0.11611875 0.22937500000000002 0.11171875 0.20972343750000003 0.0851875 0.2115484375 0.0851875 0.230615625 0.10901875000000001 0.2352796875 0.1049625 0.22331249999999997 0.0922875 0.1981625 0.06465 0.191265625 0.0572984375 0.151715625 0 0.14481875 0
0 0.1624640625 0 0.1752421875 0.0202828125 0.20323281249999997 0.059834374999999995 0.2214875 0.08315937500000001 0.240959375 0.1052171875 0.24643593749999998 0.1029359375 0.2336578125 0.088990625 0.210534375 0.0595796875 0.1825453125 0.0202828125 0.1689546875 0 0.1624640625 0
0 0.239815625 0.07573125 0.2546015625 0.102553125 0.2587484375 0.098496875 0.2450453125 0.073928125 0.239815625 0.07573125
0 0.22124375000000002 0.057023437499999996 0.18427968749999998 0.000225 0.1776078125 0 0.20086875 0.037640625 0.2261125 0.0750546875 0.24107812499999998 0.0935375 0.25009375 0.103228125 0.254421875 0.10120156250000001 0.24203125 0.0845703125 0.23203125 0.07421875 0.22124375000000002 0.057023437499999996
0 0.205625 0 0.231875 0.0580078125 0.236875 0.055859375 0.21218750000000003 0 0.205625 0
0 0.25609375 0 0.2646875 0.0244140625 0.27640625 0.0552734375 0.28296875 0.0552734375 0.26234375 0 0.25609375 0
0 0.23937499999999998 0 0.2725 0.059765625 0.2765625 0.05546875 0.2478125 0 0.23937499999999998 0
0 0.28250000000000003 0.0775390625 0.2959375 0.1033203125 0.30093749999999997 0.1001953125 0.28875 0.074609375 0.28250000000000003 0.0775390625
0 0.280625 0 0.29812500000000003 0.0572265625 0.30375 0.054296875 0.288125 0 0.280625 0
0 0.3089421875 0.18416875 0.2744875 0.13228125 0.2730109375 0.1402796875 0.30483906250000004 0.1895 0.3089421875 0.18416875
0 0.32354375 0.1895 0.3281375 0.18745 0.3230515625 0.17083593749999998 0.3242 0.17063124999999998 0.333059375 0.185603125 0.3360125 0.1829375 0.3202625 0.15032812499999998 0.3054953125 0.11279687499999999 0.2999171875 0.11484687499999999 0.32354375 0.1895
0 0.3460203125 0.18806406250000002 0.3507796875 0.18601406250000002 0.3302703125 0.134946875 0.3054953125 0.0633703125 0.30287031249999996 0.0717796875 0.32206718749999996 0.1318703125 0.3460203125 0.18806406250000002
0 0.34866406250000004 0.1982078125 0.36335625 0.27390625 0.368553125 0.273459375 0.3522484375 0.1968640625 0.34866406250000004 0.1982078125
0 0.3185640625 0.289584375 0.273771875 0.31265156250000004 0.274846875 0.317803125 0.32089375000000003 0.294734375 0.3185640625 0.289584375
0 0.3008265625 0.313771875 0.30691875 0.3209375 0.31981875 0.338184375 0.32250625 0.3314640625 0.3078125 0.3099609375 0.2821921875 0.259571875 0.278071875 0.26293125 0.2913296875 0.294959375 0.3008265625 0.313771875
0 0.2954515625 0.26382812499999997 0.293659375 0.2647234375 0.2873890625 0.252853125 0.28362656249999996 0.2562125 0.31551874999999996 0.315115625 0.3217890625 0.323625 0.32358125000000004 0.315115625 0.3207140625 0.309740625 0.310859375 0.29003125 0.30046875 0.26293125 0.2881046875 0.2235140625 0.27842968749999997 0.1840984375 0.2739515625 0.1867859375 0.282909375 0.2239625 0.2954515625 0.26382812499999997
0 0.2742703125 0.1711109375 0.3066421875 0.2501953125 0.3117375 0.248140625 0.27921874999999996 0.16953125 0.2742703125 0.1711109375