1 0.6821723359375 0 0.6813491375 0.01586875 0.6808892703125 0.2300232671875 0.67063195 0.23119218749999998 0.6735366375 0.3308109375 0.6754897625 0.404053125 0.6758710296875 0.41252840781250005 0.6923522625 0.41063124999999995 0.6937395921875 0.2454322421875 0.7001523125 0.2422258828125 0.6995693375 0.2326068046875 0.6944050500000001 0.2315533546875 0.6961897625 0.0099890625 0.703810075 0.009765625 0.7126867984375 0.0110589328125 0.7134375000000001 0.017812500000000002 0.71748195 0.01953125 0.7219025765625 0.0165884 0.7204116375 0.0109859375 0.717192290625 0.00491508125 0.7145299546875 0.00204795 0.70966945 0 0.6821723359375 0
1 0.5225 0.3525 0.5232812499999999 0.396571875 0.5307460515625 0.39583783125 0.53046875 0.3525 0.54203125 0.35171874999999997 0.54171875 0.34703125 0.540625 0.3284375 0.53015625 0.3275 0.5287203125 0.2604765625 0.5223046874999999 0.261075 0.52171875 0.26734375 0.51796875 0.26875 0.51828125 0.274375 0.52140625 0.275 0.5215625 0.28125 0.51734375 0.28125 0.5171875 0.290625 0.5221875 0.29140625 0.5225 0.29281250000000003 0.52234375 0.2978125 0.5175 0.2990625 0.51765625 0.30578125 0.5221875 0.30703125 0.5220312500000001 0.32828124999999997 0.51125 0.32859375 0.5116219281250001 0.35052197343749997 0.5225 0.3525
0 0.6183578125 0 0.6167953125000001 0.0016265625 0.6548093749999999 0.015296874999999998 0.6792828125 0.0250609375 0.68240625 0.019201562499999998 0.6291207 0 0.6183578125 0
0 0.6600466765624999 0.0820611359375 0.6692873015624999 0.05963926093750001 0.6747232390625 0.0419720734375 0.6783466765624999 0.032234573437500004 0.6803404265624999 0.024759573437499998 0.6756450484375 0.023492526562499998 0.66831538125 0.0419106671875 0.6607232390625 0.0603048859375 0.6530669890625 0.0790548859375 0.6255669890625 0.1397970734375 0.6112794890625 0.1701267609375 0.5995607390625 0.1921173859375 0.5821294890625001 0.22475801093749997 0.5682091765624999 0.2459564484375 0.5540919890625 0.2634080109375 0.5471874999999999 0.26968749999999997 0.5360294890625 0.2765189484375 0.5281248015625 0.2770798859375 0.5279341765625001 0.2837376984375 0.5382232390625 0.2827658234375 0.5505669890625 0.2751486359375 0.5608107390625 0.26653301093750004 0.5686263640625 0.2582267609375 0.5704982390625 0.2560642609375 0.5852576140625 0.23286269843750002 0.5942482390625 0.21887676093750003 0.6072857390624999 0.1948751984375 0.6224419890624999 0.1646017609375 0.6437373015625 0.1208689484375 0.6600466765624999 0.0820611359375
0 0.659858071875 0.126859640625 0.6653083375 0.1178385109375 0.666875 0.099609375 0.68140625 0.0654296875 0.6825375 0.05280312499999999 0.6787359375 0.050959374999999994 0.6476124999999999 0.12431718750000001 0.62546875 0.1673828125 0.596721875 0.22036093750000002 0.5690625 0.26234375 0.5623437499999999 0.271875 0.55078125 0.28171875 0.541875 0.28718750000000004 0.53859375 0.2884375 0.536975 0.289059375 0.5287796874999999 0.2899390625 0.52900625 0.2969859375 0.5371875 0.29609375 0.55015625 0.29140625 0.5646875 0.27953125 0.5900000000000001 0.2458984375 0.6262218749999999 0.183940625 0.6552625 0.1226546875 0.65835455 0.11558322812499999 0.659858071875 0.126859640625
0 0.6810203125000001 0.0881390625 0.6720312500000001 0.10546875 0.6562609375 0.136375 0.63863125 0.1696359375 0.618125 0.20859375 0.59140625 0.2517578125 0.57515625 0.2744140625 0.56640625 0.2849609375 0.5584374999999999 0.294140625 0.54921875 0.301171875 0.5434375 0.304375 0.5354687499999999 0.305625 0.52953125 0.305625 0.5296875 0.31046874999999996 0.5296875 0.31234375000000003 0.5415625000000001 0.311875 0.55671875 0.3053125 0.57203125 0.2896484375 0.5857453125000001 0.2727484375 0.60536875 0.24406093750000002 0.631875 0.2009765625 0.635 0.1955078125 0.6523276234375001 0.1639744578125 0.6281012265625 0.35447044375000003 0.6349866234375 0.354725459375 0.6418720203125 0.3004073265625 0.6449321968749999 0.2777110171875 0.6632453125 0.139284375 0.6824390625000001 0.1020921875 0.6810203125000001 0.0881390625
0 0.9383593749999999 0.1479 0.708722525 0.0419106671875 0.705903421875 0.047924753125000004 0.9346814171875 0.1546179453125 0.9383593749999999 0.1479
0 0.7137265625 0.0161078125 0.6958609375 0.054914062500000006 0.696318471875 0.0693499375 0.71870625 0.019403125 0.7137265625 0.0161078125
0 0.72109375 0.01609375 0.746875 0.0053124999999999995 0.755678125 0.0010015625 0.7473421874999999 0 0.7199296875 0.010621875 0.72109375 0.01609375
0 0.4748796875 0.3225984375 0.5185328124999999 0.305475 0.5165625 0.3 0.464103125 0.3187171875 0.41314531250000003 0.331046875 0.374425 0.334928125 0.37460781249999997 0.340178125 0.42118124999999995 0.33538437499999996 0.4748796875 0.3225984375
0 0.44821406250000007 0.31575000000000003 0.5171875 0.29234375 0.515609375 0.28652500000000003 0.43542812499999994 0.3120953125 0.399446875 0.32054375 0.3663875 0.3225984375 0.36584062500000003 0.328078125 0.4063875 0.3262515625 0.44821406250000007 0.31575000000000003
0 0.396890625 0.3139234375 0.41460625 0.3104984375 0.4376203125 0.3050203125 0.45277968749999997 0.30068125 0.47981093750000003 0.29086406249999996 0.51828125 0.27468750000000003 0.51765625 0.26921875 0.47609375 0.285546875 0.42640625 0.3021484375 0.4190625 0.3046875 0.38375 0.31015625 0.3623703125 0.3109546875 0.362553125 0.316890625 0.3778953125 0.315978125 0.396890625 0.3139234375