1 0.36682031249999997 0.5022984375 0.365234375 0.16479531249999999 0.36405 0.16026093749999998 0.35574062500000003 0.159765625 0.35771875 0.20329531250000002 0.3523765625 0.205025 0.35328125 0.2146484375 0.3567296875 0.2181328125 0.3579171875 0.221346875 0.3581140625 0.5018046875 0.36682031249999997 0.5022984375
1 0.43250781250000003 0.40906093749999994 0.43656249999999996 0.2119140625 0.43109374999999994 0.2126953125 0.4306640625 0.205078125 0.4259375 0.2056640625 0.42625 0.2171875 0.429375 0.2220703125 0.42855 0.2507796875 0.4263734375 0.37963125 0.42657187499999993 0.4085671875 0.43250781250000003 0.40906093749999994
1 0.6025390625 0.2978515625 0.59984375 0.2986328125 0.60109375 0.346875 0.601096875 0.35395937499999997 0.6015625 0.357665625 0.6025390625 0.35888749999999997 0.6057812499999999 0.3578125 0.60546875 0.299071875 0.6025390625 0.2978515625
0 0.186559375 0 0.19827343749999998 0.0146421875 0.239275 0.059671875 0.2691484375 0.09078906249999999 0.29265625 0.1142203125 0.3160078125 0.1347203125 0.3327015625 0.1486328125 0.3534953125 0.16400781250000002 0.35700937499999996 0.1588828125 0.340315625 0.1468015625 0.304 0.11605000000000001 0.2603625 0.0728515625 0.21760312499999998 0.025259375 0.1953453125 0 0.186559375 0
0 0.3549921875 0.22249687499999998 0.3549921875 0.2171765625 0.23859375 0.21796875 0.17688125 0.217390625 0.13578125000000002 0.21640625 0.1357890625 0.21913125 0.1357890625 0.2217734375 0.1793703125 0.22299375000000002 0.28414375000000003 0.2237484375 0.3549921875 0.22249687499999998
0 0.271059375 0.211209375 0.13578125000000002 0.21015625 0.1355296875 0.21516562499999997 0.23531249999999998 0.217303125 0.35203125 0.2154296875 0.35198125 0.209725 0.271059375 0.211209375
0 0.4252859375 0.21248593750000003 0.36593749999999997 0.2150390625 0.36625 0.2205078125 0.4257046875 0.21823593749999998 0.4252859375 0.21248593750000003
0 0.4254953125 0.2056921875 0.365625 0.2076171875 0.3659046875 0.21353125 0.4253125 0.21171875 0.4254953125 0.2056921875
0 0.679790625 0.23726093750000002 0.678265625 0.2317515625 0.5828734375 0.22662343749999997 0.46593906250000006 0.21540468750000002 0.43644999999999995 0.21251875 0.43747499999999995 0.218609375 0.5246625 0.2279046875 0.6062078125 0.2346359375 0.6533703125 0.2360890625 0.679790625 0.23726093750000002
0 0.5767187500000001 0.21925 0.43388593750000004 0.20642968750000001 0.4351671875 0.2122 0.5728718749999999 0.225340625 0.6785234375 0.23078906250000003 0.6785234375 0.224059375 0.5767187500000001 0.21925
0 0.724034375 0.23509531250000001 0.68828125 0.2333984375 0.688125 0.2388671875 0.72421875 0.240625 0.724034375 0.23509531250000001
0 0.686875 0.2310546875 0.72203125 0.233203125 0.72421875 0.233203125 0.724090625 0.22706093749999998 0.68625 0.2251953125 0.686875 0.2310546875
0 0.75046875 0.240234375 0.8114062499999999 0.2408203125 0.811590625 0.23474843750000002 0.7443390625 0.2341140625 0.7440625 0.2400390625 0.75046875 0.240234375
0 0.742778125 0.234015625 0.8124140625 0.23428749999999998 0.8126312499999999 0.2315765625 0.812196875 0.228321875 0.7428125 0.2275390625 0.742778125 0.234015625
0 0.4243390625 0.2756515625 0.42659062499999995 0.2714296875 0.4280921875 0.2665015625 0.42358906249999995 0.2665015625 0.40313125000000005 0.2958265625 0.383425 0.320225 0.385678125 0.3260890625 0.4078234375 0.29817187500000003 0.4243390625 0.2756515625
0 0.44291875 0.26556406250000003 0.4374765625 0.26556406250000003 0.44967499999999994 0.28245468749999997 0.46938124999999997 0.30661875 0.48815 0.32444687499999997 0.5016625 0.33570937500000003 0.505790625 0.3328921875 0.49603125 0.32444687499999997 0.465440625 0.2937140625 0.44291875 0.26556406250000003
0 0.5617593750000001 0.265821875 0.4371296875 0.2545296875 0.436203125 0.2652421875 0.5465625000000001 0.2763671875 0.6905578125 0.28725 0.6889062499999999 0.276953125 0.5617593750000001 0.265821875
0 0.42734375 0.2556640625 0.36578125 0.25859375 0.36625 0.26875 0.4279828125 0.265865625 0.42734375 0.2556640625
0 0.3522296875 0.2619796875 0.25078125 0.268359375 0.22988593750000003 0.2688125 0.15458750000000002 0.27080625 0.15531250000000002 0.27734375 0.24093749999999997 0.2748046875 0.3273609375 0.26960937500000004 0.3522296875 0.2672921875 0.3522296875 0.2619796875
0 0.27078125000000003 0.2744140625 0.1549953125 0.280646875 0.15607500000000002 0.28710625 0.327690625 0.276390625 0.3490625 0.27421875 0.350390625 0.2688203125 0.27078125000000003 0.2744140625
0 0.42625156249999996 0.3443515625 0.3879125 0.3432734375 0.3879125 0.3486578125 0.42625156249999996 0.34919687499999996 0.42625156249999996 0.3443515625
0 0.4273296875 0.336003125 0.3872671875 0.3365421875 0.3876984375 0.3430046875 0.4271140625 0.3427359375 0.4273296875 0.336003125
0 0.47966875 0.34542812500000003 0.43400625000000004 0.34462187499999997 0.434221875 0.3513515625 0.47966875 0.3513515625 0.47966875 0.34542812500000003
0 0.4997359375 0.3373046875 0.43512031249999994 0.335959375 0.4349046875 0.342959375 0.5001671875 0.34376562499999996 0.4997359375 0.3373046875
0 0.45205 0.2775640625 0.49951249999999997 0.29978125 0.52523125 0.30736093750000004 0.5538921875 0.3114265625 0.5900484374999999 0.31415625 0.5900484374999999 0.308928125 0.5519937500000001 0.30579375 0.5243953125 0.3021328125 0.493240625 0.2906328125 0.45351406250000004 0.2723375 0.45205 0.2775640625
0 0.524159375 0.3010921875 0.5297296874999999 0.3022859375 0.58976875 0.3083265625 0.5899546875 0.3025171875 0.5265640625 0.295734375 0.456865625 0.26789843750000003 0.45463437500000003 0.2725453125 0.512628125 0.296940625 0.524159375 0.3010921875
1 0.19593750000000001 0.319140625 0.19609375 0.3650390625 0.2015625 0.3650390625 0.20234375 0.304296875 0.19609375 0.3048828125 0.19593750000000001 0.319140625