1 0.1502046875 0.27739375 0.152384375 0.26770312500000004 0.114834375 0.22954687499999998 0.1125 0.2392578125 0.125 0.2568359375 0.125009375 0.3085859375 0.13125 0.3095703125 0.1328125 0.2783203125 0.1502046875 0.27739375
1 0.30029062500000003 0.36825625 0.30625 0.3697796875 0.3046875 0.2994671875 0.3078125 0.2799359375 0.32640625 0.2748046875 0.32640625 0.2630859375 0.325625 0.25703125 0.2683390625 0.26366875 0.271046875 0.27923906249999997 0.28984375 0.27700625 0.2953125 0.2838421875 0.30029062500000003 0.36825625
1 0.462484375 0.466071875 0.4569109375 0.37667968749999997 0.4508421875 0.3059765625 0.444071875 0.3056390625 0.45625781249999997 0.467425 0.462484375 0.466071875
0 0.25828125 0 0.290625 0.1767578125 0.3109375 0.2587890625 0.3175 0.256640625 0.2959375 0.1619140625 0.265 0 0.25828125 0
0 0.21328125 0 0.2546875 0.1591796875 0.2759375 0.217578125 0.29281250000000003 0.2607421875 0.29953124999999997 0.258984375 0.259375 0.1474609375 0.22140624999999997 0 0.21328125 0
0 0.07109375 0 0.12943125 0.12140625000000001 0.1770203125 0.2150796875 0.2186859375 0.2865609375 0.24477968749999998 0.32590625 0.25161406249999996 0.32513125 0.2246921875 0.2829359375 0.1722421875 0.190740625 0.0791078125 0 0.07109375 0
0 0.095590625 0 0.1901203125 0.2004765625 0.23118906250000001 0.27748125 0.24110312500000003 0.2936328125 0.2634078125 0.3277109375 0.270665625 0.3277109375 0.246590625 0.28854531250000004 0.2292421875 0.2604421875 0.1875 0.1806640625 0.10515000000000001 0 0.095590625 0
0 0.26640625 0.27421875 0.248125 0.2896484375 0.2515625 0.294921875 0.27015625 0.2783203125 0.26640625 0.27421875
0 0.29375 0.28600625 0.26057031249999996 0.3086109375 0.26324375 0.31372187500000004 0.2945375 0.2909203125 0.29375 0.28600625
0 0.28384375 0.2834515625 0.25711093749999997 0.303303125 0.259940625 0.3084140625 0.288403125 0.28600625 0.28384375 0.2834515625
0 0.1173921875 0 0.1301296875 0.030189062500000002 0.15765 0.0996421875 0.1834390625 0.1596421875 0.20356718749999997 0.20980156249999998 0.22486718749999998 0.252525 0.2291125 0.2517390625 0.206153125 0.20063124999999998 0.2077265625 0.19984531249999998 0.2280125 0.235621875 0.2394921875 0.2519359375 0.25125000000000003 0.26484375 0.25796874999999997 0.2701171875 0.2625 0.271484375 0.26703125 0.271484375 0.2684375 0.271484375 0.267646875 0.267725 0.2640625 0.2662109375 0.26078125 0.2642578125 0.25453125 0.2572265625 0.24265625000000002 0.2427734375 0.21103437500000002 0.1935640625 0.19578125 0.1636875 0.156153125 0.0746828125 0.1257265625 0 0.1173921875 0