1 0.6355765625 0 0.6338421875 0.0858671875 0.6346984375 0.090146875 0.63748125 0.08934375 0.6433359375000001 0.086915625 0.6434734375 0.0478828125 0.64375 0 0.639665625 0 0.6355765625 0
0 0 0.16205624999999999 0.060781249999999995 0.15859375 0.1663953125 0.1499359375 0.263003125 0.14150625 0.3019515625 0.136959375 0.38128125 0.1307953125 0.42179062500000003 0.1270609375 0.4230734375 0.12438750000000001 0.4246671875 0.11994687500000001 0.3190109375 0.12632812499999999 0.04440625 0.15184999999999998 0 0.1556640625 0 0.16205624999999999
0 0 0.21600000000000003 0.28300000000000003 0.1956234375 0.421240625 0.18584218749999998 0.566653125 0.1752453125 0.6133968750000001 0.17218125 0.63355 0.1707140625 0.639615625 0.17120312499999998 0.639615625 0.1641109375 0.6329640624999999 0.16484375 0.6120281249999999 0.165578125 0.46955156249999996 0.171984375 0.2452203125 0.1882875 0.043729687499999996 0.2045875 0 0.2065078125 0 0.21600000000000003
0 0 0.264015625 0.352315625 0.2289640625 0.64118125 0.189790625 0.6403984375 0.182209375 0.63543125 0.1830921875 0.4707890625 0.2050953125 0.3180484375 0.22448593749999998 0.066265625 0.24910000000000002 0 0.2535734375 0 0.264015625
0 0.8167015624999999 0.1868453125 0.7862578124999999 0.18468437499999998 0.75828125 0.1820484375 0.75634375 0.1833109375 0.7558734375 0.1874359375 0.812703125 0.193546875 0.8167015624999999 0.19332968749999999 0.8167015624999999 0.1868453125
0 0.9997984375 0.07382968749999999 0.9379531249999999 0.06740937500000001 0.9370968749999999 0.0748984375 1 0.0797140625 0.9997984375 0.07382968749999999
0 1 0.059920312499999996 0.92939375 0.0510921875 0.922759375 0.0502890625 0.9231875 0.0561734375 1 0.066340625 1 0.059920312499999996
0 0.9109890625 0.04253125 0.9997984375 0.054303124999999994 1 0.0486828125 0.957640625 0.0417296875 0.9112031249999999 0.034775 0.9109890625 0.04253125
0 0.000018750000000000002 0.1134203125 0 0.11529062500000001 0.103146875 0.10833593749999999 0.2642734375 0.09121718749999999 0.4256109375 0.071421875 0.42860624999999997 0.0655375 0.40099999999999997 0.067678125 0.3017375 0.079446875 0.1846953125 0.09095 0.059939062499999994 0.10325312499999999 0.000018750000000000002 0.1069984375 0.000018750000000000002 0.1134203125
0 0.43719843750000004 0.06928125 0.6327921875 0.0462765625 0.6319359375 0.040392187499999996 0.518303125 0.054570312499999996 0.43462968750000003 0.0644671875 0.43719843750000004 0.06928125
0 0 0.0866796875 0.04900625 0.081865625 0.1487109375 0.0733046875 0.2738921875 0.058592187500000004 0.354796875 0.050031250000000006 0.55145625 0.02381875 0.6233593749999999 0.0141875 0.622809375 0.00818125 0.5542328125 0.0173859375 0.3363890625 0.0462765625 0.11341874999999998 0.07115468750000001 0 0.0797140625 0 0.0866796875
0 0 0.088553125 0.000428125 0.09684374999999999 0.118128125 0.08480625 0.2674984375 0.06955781250000001 0.449825 0.0478921875 0.6235921875 0.0243515625 0.6231640625 0.018734375 0.6167453125 0.0198046875 0.45303281249999994 0.0398671875 0.2508421875 0.06260625 0.0531109375 0.08346875000000001 0 0.088553125
0 0.6660296875 0.1804984375 0.644115625 0.1814765625 0.6448984375 0.18685625 0.6670078125 0.1861234375 0.6660296875 0.1804984375
0 0.6432765625 0.169865625 0.678175 0.167453125 0.6838031250000001 0.16685 0.68348125 0.161421875 0.6427937499999999 0.163834375 0.6432765625 0.169865625