1 0.2328328125 0.2881890625 0.23253906249999998 0.4631796875 0.239275 0.46610781250000005 0.24025625 0.2878796875 0.2328328125 0.2881890625
0 0.12300625000000001 0.2654140625 0.0002921875 0.26285156249999997 0 0.27090625 0.12154218750000001 0.27236875 0.12300625000000001 0.2654140625
0 0.22111718749999998 0.26724375 0.14965781250000001 0.26724375 0.14965781250000001 0.27273593749999997 0.2928703125 0.27456562500000004 0.4149984375 0.276396875 0.4141203125 0.27053906250000004 0.22111718749999998 0.26724375
0 0.19243749999999998 0.259190625 0 0.25443125 0.0005859375 0.261021875 0.2202390625 0.266146875 0.41531250000000003 0.27090625 0.41414062500000004 0.26468125 0.19243749999999998 0.259190625
0 0.11611093750000001 0.20144687499999997 0.150459375 0.244715625 0.16623125 0.2581703125 0.172740625 0.2565921875 0.1575796875 0.2412890625 0.1253703125 0.20046875000000003 0.092434375 0.155215625 0.06314375 0.1067109375 0.038215624999999996 0.0599671875 0.0310984375 0.0616484375 0.0851734375 0.15771875 0.11611093750000001 0.20144687499999997
0 0 0.003125 0.023489062499999998 0.048085937499999995 0.025468750000000002 0.0466796875 0.028437499999999998 0.0451171875 0.0030640625 0 0 0.003125
0 0 0.1494859375 0.0780421875 0.1501875 0.0766375 0.141415625 0 0.1410640625 0 0.1494859375
0 0.2582671875 0.1431703125 0.085621875 0.141415625 0.0892703125 0.1505390625 0.3186234375 0.1515921875 0.49491874999999996 0.1505390625 0.493515625 0.14281875 0.2582671875 0.1431703125
0 0 0.098928125 0.05053125000000001 0.09979218749999999 0.0482234375 0.09085156250000001 0 0.0899859375 0 0.098928125
0 0 0.0824875 0.0413015625 0.08364218749999999 0.03925 0.0759359375 0 0.075278125 0 0.0824875
0 0.2210171875 0.10086718750000001 0.453978125 0.09752968749999999 0.5655249999999999 0.0938203125 0.638259375 0.091225 0.63745625 0.08455 0.502471875 0.08751718750000001 0.2854578125 0.090853125 0.055504687500000004 0.0915953125 0.05962968749999999 0.10086718750000001 0.2210171875 0.10086718750000001
0 0.827996875 0.0752796875 0.6749171875 0.081584375 0.677290625 0.0878875 0.819096875 0.08380937499999999 0.9021640625 0.07824687500000001 0.9010781250000001 0.070646875 0.827996875 0.0752796875
0 0.04655 0.0748671875 0.049159375 0.08256406250000001 0.2803375 0.0828 0.5993671875000001 0.0762546875 0.7722953125 0.07070937499999999 0.9031750000000001 0.063775 0.9034578124999999 0.0559921875 0.7637921875 0.061928125 0.4980640625 0.0697828125 0.292675 0.073784375 0.23582343749999998 0.07394375 0.04655 0.0748671875