1 0.424484375 0.24041562500000002 0.42684218749999997 0.33421249999999997 0.42584062500000003 0.41557656249999997 0.4321 0.416203125 0.431640625 0.3869625 0.43502656249999994 0.371146875 0.43242343749999995 0.24707812499999998 0.4350875 0.24256093750000002 0.4354671875 0.2363765625 0.4354671875 0.2309078125 0.4189453125 0.2197265625 0.41435000000000005 0.221396875 0.416015625 0.23071250000000001 0.424484375 0.24041562500000002
0 0.413728125 0.2254203125 0.414325 0.2179671875 0.2582390625 0.18701718750000002 0.09717187499999999 0.15686093750000002 0.0011921875 0.1400953125 0.0002984375 0.14754687500000002 0 0.15015625 0.2497875 0.19374843749999998 0.413728125 0.2254203125
0 0.29514999999999997 0.2505546875 0.16184062500000002 0.2661390625 0.1625609375 0.27333281249999997 0.2958703125 0.25684687500000003 0.29514999999999997 0.2505546875
0 0.2939515625 0.244259375 0.161121875 0.2595453125 0.16184062500000002 0.2661390625 0.295015625 0.24987343750000002 0.2939515625 0.244259375
0 0.2928765625 0.23825625 0.160271875 0.254140625 0.16088750000000002 0.25952031249999996 0.2936953125 0.24440468750000002 0.2928765625 0.23825625
0 0.57484375 0.30078125 0.6009375 0.303515625 0.60109375 0.3013671875 0.60109375 0.2986328125 0.5746875 0.2958984375 0.57484375 0.30078125
0 0.60203125 0.2939453125 0.57484375 0.29140625 0.5746875 0.2953125 0.6018749999999999 0.298046875 0.60203125 0.2939453125
0 0.6028125 0.2888671875 0.5739062500000001 0.28515625 0.57328125 0.28984375 0.6021875 0.293359375 0.6028125 0.2888671875
0 0.639528125 0.251953125 0.5333734375 0.2443359375 0.533071875 0.2497125 0.6365765624999999 0.2568328125 0.79015625 0.262109375 0.79015625 0.2568359375 0.639528125 0.251953125
0 0.8003125000000001 0.2552734375 0.8003125000000001 0.25 0.66868125 0.2461515625 0.5354515625 0.2385671875 0.5348890625 0.2432734375 0.642871875 0.2500765625 0.6968625 0.2521671875 0.8003125000000001 0.2552734375
0 0.6864546875 0.2412015625 0.5349 0.23340468749999999 0.535009375 0.23860156250000003 0.689503125 0.2466609375 0.799778125 0.2492578125 0.7996875 0.2439453125 0.6864546875 0.2412015625