1 0.8570968750000001 0 0.8640625 0.4853515625 0.86796875 0.494140625 0.8796875 0.4951171875 0.890625 0.4873046875 0.8921875 0.3994140625 0.8839765625 0 0.8570968750000001 0
1 0.6078171875 0.16609218750000002 0.6053453125 0.174203125 0.5951484375 0.17536093749999998 0.5939125 0.166478125 0.5846421875 0.16609218750000002 0.5861875000000001 0.1788375 0.5867703125 0.18717343749999998 0.61818125 0.1881890625 0.6176390625 0.2010515625 0.5865 0.20240468749999999 0.5856874999999999 0.210528125 0.6068078125 0.2125578125 0.6073500000000001 0.22034375 0.614390625 0.219328125 0.6138484375 0.2112046875 0.649590625 0.2112046875 0.64905 0.2010515625 0.6282 0.2010515625 0.6271171875 0.1868359375 0.6525703125 0.186496875 0.6525703125 0.1773578125 0.61796875 0.173828125 0.61328125 0.166015625 0.6078171875 0.16609218750000002
0 0.35659375 0.0618015625 0.3578125 0.0712890625 0.365625 0.0712890625 0.48984375 0.05078125 0.4859375 0.0439453125 0.48390468750000004 0.0424875 0.35659375 0.0618015625
0 0.7184421875 0 0.5021375 0.0393984375 0.5078125 0.0478515625 0.75 0.0009765625 0.7184421875 0
0 0.267290625 0.086521875 0.34454375000000004 0.074934375 0.345621875 0.0693359375 0.34485156250000004 0.06411875 0.228975 0.08188593749999999 0.060465625 0.103515625 0.000309375 0.1044921875 0.000309375 0.1127875 0.045621875 0.1123046875 0.267290625 0.086521875
0 0.359684375 0.0235625 0.35999375 0.0305140625 0.378125 0.0283203125 0.520059375 0.0108140625 0.5953125 0.0009765625 0.5608484375 0 0.359684375 0.0235625
0 0.0203125 0.0615234375 0.34886875 0.0320578125 0.3482515625 0.0247203125 0 0.0537109375 0.00078125 0.0625 0.0203125 0.0615234375
0 0.4656734375 0.31402968750000004 0.569809375 0.2839 0.566096875 0.275778125 0.44500312500000005 0.3099578125 0.450471875 0.318746875 0.4656734375 0.31402968750000004
0 0.7926562500000001 0 0.76005 0.06809375 0.7066874999999999 0.17695 0.7107640625 0.1801921875 0.751896875 0.1093203125 0.778578125 0.0629984375 0.8115593750000001 0.00046249999999999997 0.806371875 0 0.777096875 0.0491015625 0.801925 0 0.7926562500000001 0
0 0.81193125 0 0.7989609375 0.030109375 0.7826546875 0.06346093750000001 0.7670578124999999 0.08993124999999999 0.7478203125 0.11812031249999999 0.75115625 0.12182656249999999 0.77005625 0.0995921875 0.789325 0.06901874999999999 0.8197125 0 0.81193125 0
0 0.6625890625 0.16073593749999998 0.6681468749999999 0.16536875 0.7070578125 0.0856953125 0.745596875 0.0027796875 0.73855625 0.002315625 0.6918640625 0.10237031249999999 0.7292921875 0.006021875 0.722621875 0.0046328125 0.6829703125 0.111171875 0.6625890625 0.16073593749999998
0 0 0.008884375 0.055929687500000005 0.003090625 0.05469375 0 0 0.0038640625 0 0.008884375
0 0.5872843750000001 0.186975 0.570378125 0.2635859375 0.5736656250000001 0.264759375 0.5872843750000001 0.20488125 0.5910421875 0.186975 0.5872843750000001 0.186975
0 0.590103125 0.2594765625 0.5926859375 0.2600625 0.5943296874999999 0.2603578125 0.605365625 0.21280625 0.6002 0.21163125 0.5908078125 0.255075 0.590103125 0.2594765625
0 0.6027828125 0.11476718749999999 0.5893984375 0.1658421875 0.5959734375 0.16760312500000002 0.6060703125 0.13091250000000001 0.6222734375 0.062521875 0.6304921875 0.024656249999999998 0.624621875 0.02406875 0.6027828125 0.11476718749999999
0 0.664071875 0.0182 0.6582 0.0190796875 0.6419984375000001 0.0751421875 0.6239171875 0.13061875 0.611471875 0.16496093750000002 0.615228125 0.1690703125 0.62156875 0.1567421875 0.6375359375 0.1097796875 0.6520953125 0.062521875 0.664071875 0.0182
0 0.63004375 0 0.6264406250000001 0.016728125 0.6317609375 0.01694375 0.6353640625 0 0.63004375 0
0 0.663675 0 0.66144375 0.0102953125 0.6665625000000001 0.008984375 0.66859375 0 0.663675 0
1 0.3504984375 0 0.34878437500000004 0.0214140625 0.34021875 0.14090156250000002 0.3350796875 0.24711406249999998 0.3275421875 0.46895625 0.341246875 0.46981406249999996 0.342275 0.4107125 0.342275 0.392725 0.34707187500000003 0.200003125 0.360434375 0 0.3504984375 0