1 0.31158125000000003 0.34273750000000003 0.3115625 0.3486328125 0.3113578125 0.45568749999999997 0.3113578125 0.487403125 0.3167 0.48573281250000006 0.31656249999999997 0.351953125 0.31609375 0.3431640625 0.31158125000000003 0.34273750000000003
1 0.75390625 0.3308109375 0.7560015625000001 0.3586328125 0.7662609375 0.3555375 0.758540625 0.14378437500000002 0.7617515625 0.1282015625 0.7617515625 0.116396875 0.756084375 0.1102578125 0.7511171875 0.001990625 0.741828125 0.001990625 0.6898078125 0 0.691665625 0.010284375 0.74209375 0.0136015625 0.75390625 0.3308109375
0 0.9092421875 0.168646875 0.8252937499999999 0.22317187500000002 0.8283875 0.23062812500000002 0.9130218749999999 0.172646875 0.9092421875 0.168646875
0 0.8935718749999999 0.197484375 0.8381109375 0.23339062500000002 0.8409828125000001 0.2391921875 0.898875 0.2005234375 0.8935718749999999 0.197484375
0 0.7666625 0.1345765625 0.7614359375 0.1358921875 0.7674015625 0.1726265625 0.7784500000000001 0.2204109375 0.7837531249999999 0.21599062500000002 0.7707171875000001 0.159921875 0.7666625 0.1345765625
0 0.79575 0.10175937500000001 0.7683625000000001 0.1241875 0.770628125 0.13103437499999998 0.7995265625 0.10600781249999999 0.79575 0.10175937500000001
0 0.794428125 0.0916078125 0.76420625 0.1180484375 0.766284375 0.123953125 0.798015625 0.09609218750000001 0.794428125 0.0916078125
0 0.7772390625 0.09585468750000001 0.760240625 0.10955 0.7626953125 0.1161609375 0.7795062500000001 0.1012875 0.7772390625 0.09585468750000001
0 0.7111046875 0.1747125 0.743646875 0.11590156250000001 0.739678125 0.10980625 0.6813609375 0.21523281249999998 0.6854203125 0.2186921875 0.7111046875 0.1747125
0 0.69193125 0.0126734375 0.688215625 0.01001875 0.6619390625 0.10058906249999999 0.6414390625 0.1619703125 0.6253984375 0.2065921875 0.6309640625 0.2096109375 0.6383171875 0.189171875 0.6550390625 0.14206093749999998 0.67859375 0.0640625 0.69193125 0.0126734375
0 0.184375 0.269921875 0.23288906250000002 0.31419687500000004 0.250509375 0.3264046875 0.259425 0.330384375 0.262821875 0.32959062499999997 0.2628125 0.326171875 0.26046874999999997 0.3255859375 0.25411875 0.3224234375 0.23373750000000001 0.30703281250000003 0.1874578125 0.2651046875 0.184375 0.269921875
0 0.268546875 0.31313124999999997 0.20835468750000002 0.2516625 0.2044375 0.256709375 0.2653734375 0.31718125 0.268546875 0.31313124999999997
0 0.19515625 0.2650390625 0.24312499999999998 0.309375 0.2521875 0.3177734375 0.255 0.312890625 0.19953125 0.2619140625 0.19515625 0.2650390625