1 0.21484375 0.0207515625 0.2109375 0.3625484375 0.220703125 0.3869625 0.2265625 0.0012203125 0.2099609375 0 0.208984375 0.013428124999999999 0.21484375 0.0207515625
1 0.193359375 0.2526859375 0.1953125 0.3039546875 0.20342031249999998 0.3131234375 0.203125 0.11840781250000001 0.2016578125 0.09535312500000001 0.1918390625 0.09503906250000001 0.193359375 0.2526859375
1 0.29296875 0.396728125 0.298828125 0.3991703125 0.296875 0.13793906250000001 0.322265625 0.13061562499999999 0.3222484375 0.1180125 0.3037109375 0.1171875 0.2620796875 0.119584375 0.26206874999999996 0.1328796875 0.2861328125 0.134278125 0.2890625 0.14038124999999999 0.291015625 0.36743125 0.29296875 0.396728125
1 0.3173828125 0.20752031249999997 0.330078125 0.21118125000000001 0.33203125 0.22338906249999999 0.33199375 0.366078125 0.3369359375 0.3650484375 0.3385890625 0.20210468750000002 0.3173828125 0.2001953125 0.3173828125 0.20752031249999997
0 0.0447078125 0 0.1240234375 0.0830078125 0.1618515625 0.115028125 0.169121875 0.1202890625 0.19316093750000002 0.1375875 0.19316093750000002 0.1283 0.1633828125 0.1037890625 0.12270624999999999 0.0672984375 0.0555515625 0 0.0447078125 0
0 0.0057390625 0 0.0471796875 0.0420921875 0.10906249999999999 0.10078125 0.1621328125 0.14392031249999998 0.191765625 0.1624203125 0.19290625 0.156 0.16075625 0.13293125 0.1083984375 0.0903328125 0.014731250000000001 0 0.0057390625 0
0 0.14610625 0.088225 0.209078125 0.0539828125 0.2136890625 0.05034375 0.20815 0.047828125 0.143253125 0.0818046875 0.14610625 0.088225
0 0 0.1551828125 0.10653593750000001 0.10748906250000001 0.113125 0.104296875 0.10906249999999999 0.100390625 0 0.1476765625 0 0.1551828125
0 0.1589765625 0 0.15904374999999998 0.004042187500000001 0.138553125 0 0.13351249999999998 0.00121875 0.1692203125 0.01301875 0.19859218750000002 0.0409828125 0.20963906250000003 0.0496546875 0.21408125 0.045215624999999995 0.182028125 0.017717187500000002 0.21319218750000002 0.026342187500000003 0.21383437500000002 0.0214015625 0.1967140625 0.015582812500000001 0.17707656249999998 0.0096046875 0.1613265625 0 0.1589765625 0
0 0.30109375 0.0880859375 0.3213859375 0.09413906250000001 0.39974375 0.1112703125 0.42150781249999997 0.1168203125 0.42506093749999996 0.11015781250000001 0.33235468749999997 0.0894140625 0.3279796875 0.0887015625 0.266409375 0.0689546875 0.25492499999999996 0.065190625 0.231846875 0.056871875 0.23171875000000003 0.06328125 0.25640625 0.073046875 0.30109375 0.0880859375
0 0.21187499999999998 0.24453125 0.20359375000000002 0.2443359375 0.20359375000000002 0.252734375 0.21218750000000003 0.253125 0.21187499999999998 0.24453125
0 0.21203124999999998 0.2248046875 0.2031078125 0.2246671875 0.2026125 0.23254843749999998 0.21122187499999998 0.23278125 0.21203124999999998 0.2248046875
0 0.27584375 0.2519984375 0.27625 0.245703125 0.25825468749999997 0.2452328125 0.24489375 0.244809375 0.226290625 0.2443859375 0.22341562499999998 0.2443859375 0.22307656250000002 0.2515734375 0.24390625 0.2521484375 0.27584375 0.2519984375
0 0.2122 0.161265625 0.20129999999999998 0.16052968750000002 0.2012078125 0.1689109375 0.2117203125 0.1708296875 0.2122 0.161265625
0 0.21190625000000002 0.1373359375 0.20129999999999998 0.1336546875 0.20051093749999999 0.1416828125 0.2114078125 0.1451390625 0.21190625000000002 0.1373359375
0 0.5144734375 0.0998484375 0.44705000000000006 0.0832640625 0.297040625 0.044340625 0.22663906250000002 0.023353125 0.22528593749999998 0.029446875 0.31084999999999996 0.053478125 0.4459671875 0.08935625 0.5139328125 0.1069578125 0.5144734375 0.0998484375
0 0.2258265625 0.025046875000000003 0.30760156250000004 0.04603125 0.438115625 0.08055625 0.5152859375000001 0.10086250000000001 0.51636875 0.09341875 0.44434375 0.075478125 0.3116625 0.0412921875 0.22663906250000002 0.0179390625 0.2258265625 0.025046875000000003
0 0.1316484375 0.0901265625 0.11528750000000001 0.0958359375 0.1204234375 0.10059218750000001 0.1352625 0.09321874999999999 0.1316484375 0.0901265625
0 0.26875 0.2279296875 0.22328125000000001 0.2263671875 0.2228125 0.23359375 0.275625 0.2349609375 0.26875 0.2279296875
0 0.1259984375 0.24776875 0.186884375 0.24734531249999997 0.191875 0.2470703125 0.19125 0.2408203125 0.12734375 0.2408203125 0.1259984375 0.24776875
0 0.1911125 0.23233593749999998 0.12684375 0.2312796875 0.12634218749999998 0.236865625 0.1902484375 0.23803749999999999 0.1911125 0.23233593749999998
0 0.19 0.223828125 0.12609375 0.22265625 0.1265625 0.229296875 0.19109375 0.230859375 0.19 0.223828125
0 0.2978296875 0.2014703125 0.3073015625 0.219440625 0.3113609375 0.2173265625 0.29850625000000003 0.19111093750000002 0.2978296875 0.2014703125
0 0.3155890625 0.2312796875 0.2973234375 0.2312796875 0.298 0.236353125 0.31491250000000004 0.2361421875 0.3155890625 0.2312796875
0 0.25944375000000003 0.22734375 0.2590671875 0.22640312499999998 0.2558671875 0.2216953125 0.23496875 0.1875703125 0.2249890625 0.169446875 0.22423593749999998 0.1826265625 0.2398625 0.20992812500000002 0.250971875 0.22804843749999998 0.25944375000000003 0.22734375
0 0.25323125 0.19651093749999998 0.23797968749999998 0.1696828125 0.2325203125 0.16050625000000002 0.2285671875 0.146384375 0.22461250000000002 0.146384375 0.2257421875 0.160034375 0.22837812500000002 0.1675640625 0.2490890625 0.203571875 0.26339687500000003 0.22381250000000003 0.2716515625 0.23118906250000001 0.276765625 0.23416874999999998 0.2818484375 0.234403125 0.2888140625 0.23463906250000002 0.2886265625 0.23204843749999998 0.28825 0.229225 0.2869328125 0.229225 0.2856140625 0.229225 0.278459375 0.22757812500000002 0.27507031249999997 0.2247546875 0.267728125 0.2167515625 0.25323125 0.19651093749999998
0 0.30734374999999997 0.2251953125 0.31437499999999996 0.2232421875 0.33203125 0.2220703125 0.33078124999999997 0.2169921875 0.30921875 0.218359375 0.30375 0.2232421875 0.29921875 0.2298828125 0.29890625000000004 0.230859375 0.3021875 0.2318359375 0.30734374999999997 0.2251953125
0 0.22546875000000002 0.058157812499999996 0.23343750000000002 0.08081406249999999 0.24937499999999999 0.11640625 0.26171875 0.14465625 0.27734375 0.17278125 0.28578125 0.185115625 0.28765625 0.1774984375 0.27328125000000003 0.1548421875 0.25671875 0.12183437500000001 0.2303125 0.056595312499999995 0.22546875000000002 0.058157812499999996