1 0.2216796875 0.3122421875 0.2138671875 0.3122421875 0.2109109375 0.31328125 0.2109375 0.3159046875 0.2109375 0.31834531250000003 0.2138671875 0.3220078125 0.2255859375 0.3220078125 0.227784375 0.32614062499999996 0.228515625 0.369615625 0.22901875 0.3827265625 0.23046875 0.38670468750000003 0.2314453125 0.3879265625 0.234375 0.38670468750000003 0.2353984375 0.325884375 0.2373046875 0.3195671875 0.249184375 0.31868124999999997 0.25 0.31346250000000003 0.2490234375 0.3098015625 0.2353515625 0.3098015625 0.2333984375 0.3122421875 0.2275390625 0.3122421875 0.225109375 0.31379531250000003 0.2216796875 0.3122421875
1 0.275171875 0.23353593749999998 0.2714921875 0.23393125 0.2721296875 0.3824703125 0.2755921875 0.51581875 0.2837921875 0.51581875 0.280421875 0.2824140625 0.2796984375 0.233759375 0.275171875 0.23353593749999998
1 0.62109375 0.23559531250000001 0.62109375 0.24047812500000001 0.6249156250000001 0.2425484375 0.6444625 0.243834375 0.65310625 0.2453765625 0.6603078124999999 0.25103437500000003 0.670184375 0.2587515625 0.6710078125 0.2700703125 0.6710078125 0.2767578125 0.67109375 0.2821875 0.677734375 0.2819828125 0.6775921874999999 0.2119390625 0.6773859375 0.20628125000000003 0.670390625 0.20628125000000003 0.6710078125 0.248465625 0.6561921875000001 0.23791875 0.6513671875 0.234375 0.63705625 0.233546875 0.6337890625 0.23193437499999997 0.6259765625 0.23193437499999997 0.62109375 0.23559531250000001
0 0.9980125 0.29609687500000004 0.912840625 0.296346875 0.912840625 0.302109375 0.9978125 0.30260937499999996 0.9980125 0.29609687500000004
0 1 0.286578125 0.9248640625 0.286578125 0.9248640625 0.2930921875 1 0.2933421875 1 0.286578125
0 0.7326640624999999 0.29155156249999997 0.7128375 0.2910859375 0.7126375 0.296596875 0.7328781249999999 0.29710000000000003 0.7326640624999999 0.29155156249999997
0 0.731275 0.2830703125 0.7118359375 0.2828203125 0.7118359375 0.28833125000000004 0.731275 0.28833125000000004 0.731275 0.2830703125
0 0.3648765625 0.2744890625 0.36467499999999997 0.2808015625 0.518003125 0.2893875 0.6190109374999999 0.2931734375 0.6192124999999999 0.2871125 0.5216406250000001 0.28256875 0.3648765625 0.2744890625
0 0.44086406250000004 0.267921875 0.3679375 0.2648921875 0.36753281250000003 0.27145625 0.5111343749999999 0.27878125 0.6263140625 0.2845875 0.626515625 0.2770140625 0.44086406250000004 0.267921875
0 0.3041375 0.2588796875 0.280965625 0.2584265625 0.280965625 0.2643109375 0.30431875 0.2647609375 0.3041375 0.2588796875
0 0.27082656250000003 0.2704203125 0.1985953125 0.2765296875 0.1985953125 0.2821875 0.2710078125 0.2774359375 0.27082656250000003 0.2704203125
0 0.2717328125 0.2588796875 0.1982328125 0.271325 0.19877499999999998 0.2765296875 0.27209374999999997 0.265440625 0.2717328125 0.2588796875
0 0.1800640625 0.2778109375 0.159415625 0.2778109375 0.1589703125 0.28419374999999997 0.1802859375 0.28419374999999997 0.1800640625 0.2778109375