1 0.8164296875 0 0.825 0.5478515625 0.8484375 0.5517578125 0.8480453125 0.2681 0.8421875 0.0107421875 0.8419890625 0 0.8164296875 0
1 0.5839578125 0.1391734375 0.610340625 0.14027343750000001 0.6096375 0.12927968750000002 0.5851890625 0.12796093749999998 0.5846609375 0.11608750000000001 0.610340625 0.11608750000000001 0.6103609375 0.1001078125 0.5855937499999999 0.1012640625 0.58515625 0.08984375 0.5760421874999999 0.0910234375 0.5754109374999999 0.102421875 0.553125 0.1025390625 0.552296875 0.114328125 0.5765703125 0.11454843750000002 0.5758656249999999 0.1207046875 0.5742828125 0.127521875 0.55159375 0.1259828125 0.550890625 0.1374140625 0.5632015625 0.137853125 0.575690625 0.1382953125 0.5754109374999999 0.1513171875 0.550890625 0.14840781249999999 0.5513390625000001 0.15855 0.573796875 0.1592828125 0.573790625 0.17330625 0.551765625 0.173365625 0.5485109375 0.17524375 0.5490125 0.1799375 0.5582828125 0.18256406249999999 0.57170625 0.18256406249999999 0.57140625 0.261328125 0.571875 0.4365234375 0.5727015625 0.4822296875 0.5842640625 0.481265625 0.584375 0.4619140625 0.58466875 0.1848796875 0.6073421875 0.18275468749999998 0.6068421875000001 0.17524375 0.5839734375 0.1721484375 0.583559375 0.1602234375 0.6069984374999999 0.1589609375 0.60619375 0.1521859375 0.5853125 0.15114687499999999 0.5839578125 0.1391734375
1 0.5235937500000001 0.313671875 0.53453125 0.311328125 0.5346984375 0.303634375 0.5165625 0.3041015625 0.5048765625 0.30386875 0.5052546875 0.3114203125 0.51625 0.3134765625 0.520359375 0.4674515625 0.5267328124999999 0.4679828125 0.5235937500000001 0.313671875
1 0.2932203125 0.3731640625 0.29359375 0.36796875 0.27125 0.3671875 0.271334375 0.37396093750000003 0.27890625 0.37421875 0.27875 0.390625 0.284375 0.3916015625 0.28531249999999997 0.3744140625 0.2932203125 0.3731640625
0 0.57234375 0 0.558125 0.075 0.55625 0.0849609375 0.5625 0.0869140625 0.57890625 0 0.57234375 0
0 0.59859375 0 0.5921875 0.0224609375 0.5745312499999999 0.084765625 0.58125 0.0849609375 0.60546875 0 0.59859375 0
0 0.6271578124999999 0 0.596646875 0.079421875 0.6048609375 0.07963125 0.63515625 0 0.6271578124999999 0
0 0.7750671875 0 0.696875 0.1591796875 0.6923046875 0.1681734375 0.6972078125000001 0.17381249999999998 0.78359375 0 0.7750671875 0
0 0.724665625 0 0.709375 0.0302734375 0.679965625 0.09031875 0.6831515625 0.09744375 0.73203125 0 0.724665625 0
0 0.5697640625 0.343275 0.5453125 0.3916015625 0.546875 0.3994140625 0.571875 0.3529296875 0.5697640625 0.343275
0 0.7562453125 0 0.7186921875000001 0.073134375 0.6880140625 0.1332765625 0.6906953125 0.1370484375 0.7324390625 0.058046875 0.7632859375 0 0.7562453125 0
0 0.7451796875000001 0 0.7210390624999999 0.049875 0.6856656250000001 0.1253140625 0.688515625 0.1316015625 0.7170609375 0.073540625 0.7523890625 0 0.7451796875000001 0
0 0.6096234375 0.30221718750000004 0.597921875 0.31629375 0.584453125 0.325953125 0.585115625 0.3325765625 0.5999078124999999 0.320984375 0.6195593749999999 0.29890625000000004 0.6398734375 0.2702015625 0.66901875 0.222453125 0.6897734375 0.18519531250000001 0.6864609374999999 0.1810546875 0.6752 0.2009265625 0.6529 0.2387375 0.62795 0.2790328125 0.6096234375 0.30221718750000004
0 0.604325 0.2817921875 0.6414187499999999 0.222453125 0.6628359374999999 0.18408906249999998 0.6793953125 0.15400624999999998 0.6752 0.1479359375 0.6445093749999999 0.2028578125 0.6078578125 0.26495625 0.58423125 0.3002859375 0.585115625 0.3085640625 0.604325 0.2817921875
0 0.6679140625 0.1170234375 0.6469390625 0.1551109375 0.650471875 0.15869843749999998 0.670784375 0.12309531250000001 0.6679140625 0.1170234375
0 0.5448906250000001 0.1479234375 0.531903125 0.21362343749999999 0.517109375 0.27075312500000004 0.50875 0.3021484375 0.51265625 0.303125 0.5146796874999999 0.29725 0.5217453125 0.2721328125 0.5296953125 0.2398421875 0.5360984375 0.215278125 0.5418390625 0.189059375 0.5482421875 0.15925 0.5502281250000001 0.14958906249999998 0.5448906250000001 0.1479234375
0 0.5479093749999999 0.264234375 0.5562140624999999 0.24135 0.563953125 0.21280312499999998 0.5643296875 0.20926406250000001 0.5605546875 0.2059609375 0.557346875 0.2189375 0.5556484375 0.226015625 0.5533828125 0.2354515625 0.550740625 0.24441875 0.54356875 0.26116875 0.5479093749999999 0.264234375
0 0.5503640625 0.184728125 0.543190625 0.2177578125 0.5318671875 0.25975156250000003 0.5362078125 0.2599890625 0.5396046875 0.249134375 0.5443234375 0.230734375 0.548853125 0.21280312499999998 0.55508125 0.185671875 0.5503640625 0.184728125
0 0.540359375 0.2701328125 0.53601875 0.28216406250000003 0.5241281250000001 0.30221875 0.5284375 0.3037109375 0.5315624999999999 0.2986328125 0.536396875 0.29113125 0.5397937500000001 0.2835796875 0.544134375 0.27202031249999997 0.540359375 0.2701328125
0 0.5265828124999999 0.2786265625 0.5165796874999999 0.30174687499999997 0.521296875 0.30198281250000003 0.52609375 0.2927734375 0.53 0.2837890625 0.5337546875 0.2696609375 0.5286578125 0.2701328125 0.5265828124999999 0.2786265625
1 0.496875 0.3556640625 0.49953125 0.4560546875 0.5035937500000001 0.4564453125 0.5014062499999999 0.36015625 0.50578125 0.3599609375 0.50578125 0.356640625 0.500625 0.356640625 0.5 0.34921875 0.4884375 0.3494140625 0.48828125 0.35546875 0.496875 0.3556640625