1 0.51 0.167578125 0.52609375 0.161328125 0.52515625 0.153125 0.48359375 0.15859375 0.4840625 0.1658203125 0.49093749999999997 0.1669921875 0.49671875 0.1677734375 0.50125 0.1693359375 0.5 0.18188437500000001 0.48624375000000003 0.182628125 0.48656249999999995 0.191015625 0.5021875 0.1919921875 0.501953125 0.24536093750000001 0.48019999999999996 0.2474984375 0.48 0.26025 0.48425312500000006 0.26025 0.5037765624999999 0.2587984375 0.5087531249999999 0.436640625 0.5106078125 0.471915625 0.5174875 0.472246875 0.51265625 0.2595703125 0.51265625 0.251953125 0.52334375 0.2516671875 0.5248015625 0.25817968750000003 0.5304296875000001 0.25817968750000003 0.5312625 0.24828125 0.5287625 0.2443734375 0.52426875 0.24067500000000003 0.5124765625000001 0.23535937499999998 0.51 0.167578125
0 0.593125 0.23071250000000001 0.59609375 0.225 0.52921875 0.16015625 0.5231250000000001 0.16328125 0.5859375 0.2240234375 0.593125 0.23071250000000001
0 0.275625 0 0.3296875 0.0427734375 0.356875 0.0626953125 0.3953125 0.0892578125 0.4078125 0.09765625 0.42062499999999997 0.1060546875 0.44765625 0.1224609375 0.4759375 0.1380859375 0.515625 0.1572265625 0.5196875000000001 0.153125 0.4796875 0.131640625 0.4150390625 0.0927734375 0.34234375 0.041796875 0.285625 0 0.275625 0
0 0.48484375 0.1583984375 0.45125000000000004 0.14140625 0.39249999999999996 0.1103515625 0.3053125 0.05703125 0.21921875000000002 0 0.2084375 0.0001953125 0.29765625 0.0619140625 0.3803125 0.112890625 0.45265625 0.1513671875 0.4828125 0.16484375 0.48484375 0.1583984375
1 0.133825 0 0.1328125 0.06225625 0.1162109375 0.061035937500000005 0.10741875000000001 0.066134375 0.10546875 0.0769046875 0.104925 0.0820140625 0.1103515625 0.08545 0.1340859375 0.0826640625 0.135128125 0.24441406250000003 0.0978953125 0.240834375 0.097375 0.25027187500000003 0.134765625 0.2551265625 0.138671875 0.4406734375 0.1400359375 0.482275 0.151584375 0.4827265625 0.15234375 0.443115625 0.147625 0.25320156250000003 0.1751375 0.2526015625 0.17484375000000002 0.24308125 0.1484375 0.24292031249999999 0.14814531250000001 0.07875937499999999 0.1806640625 0.0708015625 0.18359375 0.0598140625 0.1787109375 0.0537109375 0.1474609375 0.0537109375 0.1465828125 0 0.133825 0
0 0 0.2407734375 0.0869109375 0.247759375 0.087953125 0.238903125 0 0.2282796875 0 0.2407734375
0 0 0.0344390625 0.073146875 0.06095468750000001 0.10606249999999999 0.0725375 0.10752500000000001 0.0661375 0.04315625 0.043584374999999995 0 0.027734375 0 0.0344390625
0 0.00024375 0.0198109375 0 0.026210937499999996 0.04266875 0.0423640625 0.11215781250000001 0.0661375 0.113865625 0.0591265625 0.08704375 0.0502890625 0.00024375 0.0198109375
0 0 0.0033531249999999998 0.0914328125 0.0390125 0.13318125 0.052626562499999995 0.1341015625 0.0457171875 0.10021093750000001 0.034134375 0.008534375 0.0003046875 0 0 0 0.0033531249999999998
0 0.03974375 0 0.0280390625 0.0018281249999999999 0.0707078125 0.019201562499999998 0.1333703125 0.0438890625 0.13361406250000002 0.035657812500000004 0.1011859375 0.0231640625 0.03974375 0
0 0.15673125000000002 0.2547921875 0.22342656249999998 0.2824109375 0.2261359375 0.27485312500000003 0.1873703125 0.260265625 0.16506875000000001 0.251928125 0.15673125000000002 0.2547921875
0 0.3939140625 0.3316484375 0.3920390625 0.337640625 0.45435625 0.3550953125 0.5058359375 0.36707968750000003 0.5058359375 0.362390625 0.4287203125 0.34180781250000003 0.3939140625 0.3316484375
0 0.571071875 0.274071875 0.5320968749999999 0.2472375 0.5295953124999999 0.2529703125 0.568153125 0.27928281250000003 0.571071875 0.274071875
0 0.56859375 0.2423828125 0.5120312499999999 0.2021484375 0.5103125000000001 0.208984375 0.5671875 0.2484375 0.56859375 0.2423828125
0 0.5454687500000001 0.2205078125 0.573125 0.242578125 0.57484375 0.2373046875 0.51296875 0.18359375 0.51109375 0.190625 0.5454687500000001 0.2205078125
0 0.48640625000000004 0.1900390625 0.48692343749999994 0.1834078125 0.45406874999999997 0.1701609375 0.40383281249999997 0.1465796875 0.36515624999999996 0.126953125 0.2799390625 0.0773296875 0.2126015625 0.033914062499999995 0.162365625 0 0.1521875 0.000390625 0.17390624999999998 0.01640625 0.22121093749999998 0.049209375 0.2941265625 0.096371875 0.34872187499999996 0.1269734375 0.3839078125 0.1463140625 0.43372031250000004 0.1691015625 0.46859375 0.1833984375 0.48640625000000004 0.1900390625
0 0.4284671875 0.20910937500000001 0.46271562499999996 0.22481562500000002 0.49228125 0.23497812499999998 0.5018906249999999 0.23836718750000002 0.5028765625 0.2328234375 0.4409375 0.2072265625 0.39175625 0.1838671875 0.3338546875 0.150603125 0.24441562499999997 0.095475 0.18390625 0.0568359375 0.1838046875 0.06435625 0.26046874999999997 0.112890625 0.291875 0.13359375 0.185 0.06953125 0.17796875 0.0732421875 0.23234375 0.1059328125 0.298621875 0.1441234375 0.3592328125 0.174921875 0.4284671875 0.20910937500000001
0 0.175040625 0.050842187500000004 0.1498765625 0.0431265625 0.149084375 0.049259375 0.17440781249999998 0.0553921875 0.175040625 0.050842187500000004
0 0.21765625000000002 0.1181640625 0.15562499999999999 0.08203125 0.151875 0.08671875 0.21796875 0.1265625 0.2436921875 0.14071875 0.20359375000000002 0.119921875 0.14842187499999998 0.08966874999999999 0.146228125 0.095428125 0.1949328125 0.123125 0.34140156250000003 0.19971875 0.43546874999999996 0.2376953125 0.47917812499999995 0.25346875 0.47910624999999996 0.24543281249999999 0.39332500000000004 0.20896093750000003 0.3035296875 0.16480937499999998 0.21765625000000002 0.1181640625
0 0.5028125 0.1962890625 0.49640625 0.19140625 0.490625 0.19296875 0.5025000000000001 0.2025390625 0.5028125 0.1962890625