1 0.21484375 0.2722171875 0.21484375 0.28930625 0.220703125 0.2917484375 0.2265625 0.267334375 0.20979062499999998 0.25285156249999996 0.2060546875 0.25390625 0.21484375 0.2722171875
1 0.2822265625 0.068359375 0.314453125 0.0671390625 0.310546875 0.14770468750000001 0.2900390625 0.1489265625 0.287109375 0.15991249999999999 0.30859375 0.17211875000000001 0.306640625 0.24780312499999999 0.318359375 0.25024375 0.328125 0.24780312499999999 0.328125 0.17700156250000001 0.34375 0.16235312500000001 0.345703125 0.13305625000000001 0.36328125 0.072021875 0.37890625 0.06225625 0.3798828125 0 0.271484375 0.0012203125 0.275390625 0.0598140625 0.2822265625 0.068359375
0 0.36033125 0.29610156249999997 0.36714531250000004 0.29660312499999997 0.3721421875 0.0682109375 0.367434375 0.0695484375 0.3625125 0.1925984375 0.36033125 0.29610156249999997
0 0.3397296875 0.06626093749999999 0.3397296875 0.11312031250000001 0.3397296875 0.12007656250000001 0.3435375 0.1043359375 0.344709375 0.067359375 0.3397296875 0.06626093749999999
0 0.2793140625 0.06090156249999999 0.28877031249999996 0.1537578125 0.2931640625 0.1537578125 0.28467031249999997 0.062234374999999995 0.2793140625 0.06090156249999999
0 0.33940156250000003 0.1698609375 0.3351203125 0.170396875 0.3355484375 0.2271046875 0.335334375 0.26188125 0.34004218750000004 0.26508906250000003 0.33961562500000003 0.2482390625 0.33940156250000003 0.1698609375
0 0.34132656250000004 0.16424375 0.34196875000000004 0.2637515625 0.34196875000000004 0.2658921875 0.34196875000000004 0.2669625 0.3466765625 0.26723125 0.3464625 0.22657031249999998 0.34560625 0.162103125 0.34132656250000004 0.16424375
0 0.344109375 0.155415625 0.3447515625 0.1356203125 0.34154062500000004 0.13883281249999999 0.34111250000000004 0.1546140625 0.344109375 0.155415625
0 0.289325 0.16424375 0.29681562499999997 0.2169421875 0.300596875 0.20996874999999998 0.2981 0.18644531250000002 0.29531718749999997 0.16424375 0.289325 0.16424375
0 0.2921078125 0.19179531249999998 0.28119375 0.25358749999999997 0.2854734375 0.25465781249999997 0.293390625 0.21720625 0.29681562499999997 0.19366875 0.2921078125 0.19179531249999998
0 0.3062265625 0.1486265625 0.31466875 0.068815625 0.30992031249999996 0.0685984375 0.3014765625 0.1492875 0.3062265625 0.1486265625
0 0.3062265625 0.1855640625 0.2914515625 0.2453671875 0.2921546875 0.2455875 0.2963765625 0.24646718750000002 0.30939218749999997 0.19304062500000002 0.3062265625 0.1855640625