1 0.642534375 0.271965625 0.6416078125 0.280646875 0.671875 0.2844234375 0.669921875 0.50415 0.6791046875 0.5051625 0.6822765625 0.2848453125 0.7101203125 0.28643125 0.7110453125 0.269940625 0.7006296875 0.2702296875 0.6990093749999999 0.2757265625 0.682259353125 0.275115940625 0.68150710625 0.2466875375 0.6723295828125 0.2465371234375 0.671465625 0.272834375 0.642534375 0.271965625
1 0.902984375 0 0.900390625 0.0109859375 0.897709375 0.029009374999999997 0.9734219671875 0.03404180625 0.97265625 0.0500484375 0.98046875 0.3942875 0.978515625 0.6530765625 0.9833984375 0.661621875 0.994140625 0.6628421875 0.998046875 0.267334375 0.9905969484374999 0.0369407796875 1 0.0378421875 1 0.025634374999999997 0.9912109375 0.0244140625 0.9883664234375 0.0106270109375 0.9741890625 0.011209375 0.9716796875 0.0219734375 0.9208984375 0.017090625 0.9130859375 0.0146484375 0.91036875 0 0.902984375 0
0 0.7990453125 0.14865625 0.760509375 0.19586874999999998 0.734734375 0.2236234375 0.7028328125 0.2516953125 0.7063765625 0.2556359375 0.7192140625000001 0.24630625 0.7445921875 0.222421875 0.7831046875000001 0.1798796875 0.8495453124999999 0.09381406249999999 0.8788031249999999 0.050896874999999994 0.9 0.0191765625 0.8985078124999999 0.0098453125 0.8862671875 0.0277578125 0.8459625000000001 0.08746875 0.7990453125 0.14865625
0 0.8419156250000001 0.2142765625 0.8209593749999999 0.22897812499999998 0.8046546875 0.24043593749999997 0.7865359375 0.2531953125 0.7606265624999999 0.2678421875 0.76264375 0.27414218749999997 0.804746875 0.2494625 0.8322390625 0.23041406250000002 0.8746734375 0.1965078125 0.917624409375 0.1577305515625 0.9529296875 0.12304062499999999 0.9733453125 0.1019859375 0.971303125 0.09432968750000001 0.9396578124999999 0.1265515625 0.8812171875000001 0.1823765625 0.8419156250000001 0.2142765625
0 0.8045312499999999 0.2896484375 0.7681250000000001 0.3154296875 0.7707171875000001 0.3212390625 0.7983261421875001 0.3015903484375 0.8386015625000001 0.2717921875 0.8789234374999999 0.238615625 0.930190625 0.19511406250000002 0.9542093749999999 0.17130625 0.9751359374999999 0.15152812499999999 0.9733499999999999 0.1419578125 0.9345593750000001 0.1789625 0.8646328125 0.24116718750000002 0.8045312499999999 0.2896484375
0 0.6718109375 0.25568749999999996 0.670640625 0.2495875 0.6034984375 0.2561734375 0.536746875 0.26154062499999997 0.5365515624999999 0.26617812500000004 0.56270625 0.2647125 0.599984375 0.2622734375 0.6718109375 0.25568749999999996
0 0.6193359375 0.24908437499999997 0.6675 0.243890625 0.6663671875 0.238225 0.5828828125000001 0.24648750000000003 0.508653125 0.25380625 0.5081249999999999 0.25546875 0.508640625 0.2586125 0.5535328125000001 0.25471093749999996 0.6193359375 0.24908437499999997
0 0.8450671875 0.42499843750000005 0.6816453124999999 0.3901171875 0.680775 0.396646875 0.777840625 0.41650625 0.8873140625 0.4388140625 0.8877484375 0.43337343749999996 0.8450671875 0.42499843750000005
0 0.7174031249999999 0.39384375 0.7794703125 0.4074484375 0.8369562500000001 0.4210484375 0.8957203125 0.4282734375 0.895403125 0.4221109375 0.8489265625 0.41642343750000005 0.7710125 0.4001015625 0.6813453125 0.380784375 0.6817109375 0.3851390625 0.7174031249999999 0.39384375
0 0.879246875 0.3512796875 0.8184109375 0.37115624999999997 0.7797453125 0.3817421875 0.7341171875 0.3890859375 0.7358844046875 0.39287009687499996 0.7553659796875001 0.39050925937500003 0.782234375 0.38649374999999997 0.8157640625000001 0.378934375 0.85223125 0.36705 0.9058546875 0.347821875 0.9442328124999999 0.33378125000000003 0.9781078125 0.317578125 0.9765515625000001 0.312825 0.9457875 0.3264359375 0.879246875 0.3512796875
0 0.8930624999999999 0.30877187500000003 0.8263484375000001 0.3359921875 0.7713578125 0.355653125 0.70235625 0.3729359375 0.6816171875 0.3776890625 0.6847578125 0.38195625 0.7151765625000001 0.375690625 0.7551 0.365321875 0.7841359375 0.3571140625 0.8237140625 0.342421875 0.8600421875 0.32859531249999996 0.9516515625 0.2908421875 0.97619375 0.2804703125 0.9748109375 0.27420468750000004 0.94629375 0.2867359375 0.8930624999999999 0.30877187500000003
0 0.7309703125 0.26939375 0.761571875 0.2775171875 0.8083562499999999 0.286328125 0.812296875 0.281446875 0.7533984375 0.26939375 0.686875 0.2498046875 0.6848578125 0.2552453125 0.703125 0.2615234375 0.7309703125 0.26939375
1 0.1371746578125 0.3506345359375 0.137993325 0.3181680890625 0.1423596171875 0.3178952625 0.14193990781250002 0.3083587921875 0.137447540625 0.30834630937499996 0.1396306765625 0.22868075000000002 0.13226258125 0.2289535765625 0.13089811093749998 0.3086191359375 0.12243842812500001 0.3088919625 0.122711328125 0.3178952625 0.1303523265625 0.3176224359375 0.1292607578125 0.35118018906250004 0.1371746578125 0.3506345359375
0 0.669562265625 0.39453245 0.66984089375 0.38756815 0.47869444687499996 0.3753109765625 0.47680256875 0.381209459375 0.60045975625 0.39035387187500004 0.669562265625 0.39453245
0 0.9743141703125 0.048536678124999996 0.9611541234375001 0.0324808171875 0.9533473140625001 0.03404180625 0.9720724374999999 0.057671579687499995 0.9743141703125 0.048536678124999996
0 0.9986268140625001 0.036494784375 0.988589465625 0.044968706250000004 0.9910430343750001 0.052327640625000005 1 0.0431847265625 0.9986268140625001 0.036494784375
0 0.9040433671875 0.30165579375 0.8213438015625 0.284724646875 0.815013715625 0.290149125 0.8960337890625001 0.3062315953125 0.9040433671875 0.30165579375