1 0.2142657796875 0 0.21345312500000002 0.0098265625 0.1750984375 0.0098265625 0.17581249999999998 0.0413921875 0.19010625 0.0413921875 0.1949701140625 0.0414437328125 0.19463453749999998 0.035067775 0.1902720390625 0.033725467187500004 0.1896008859375 0.027685084375000002 0.20033934375 0.028188449999999997 0.201178284375 0.039262484375000004 0.21233906249999998 0.0421515625 0.205078125 0.48461875 0.20418750000000002 0.5007406249999999 0.22265625 0.4992671875 0.22265625 0.18188437500000001 0.34203125 0.14859375 0.36109375 0.1446875 0.3754921875 0.14749062500000001 0.39596718750000004 0.14749062500000001 0.39875 0.145625 0.40013125 0.14185 0.39453125 0.13359375 0.34230625 0.13693125 0.323165625 0.144621875 0.3074734375 0.1483578125 0.2942859375 0.15269531249999999 0.225225 0.173084375 0.224609375 0.0354 0.23322586875 0.028020662499999998 0.2365816359375 0.027517296875000003 0.235984375 0.039040625 0.2509765625 0.0390625 0.2552061484375 0.0375846 0.2548828125 0.0244140625 0.2722953125 0.023524999999999997 0.27148162187499997 0.014597590625 0.26963594999999996 0.0117451875 0.2694681609375 0 0.25943125 0 0.2599078125 0.008337500000000001 0.2270176984375 0.008892784375 0.2266140625 0 0.2142657796875 0
0 0.031579687499999995 0.0637671875 0.164146875 0.1739515625 0.208915625 0.210390625 0.21238593749999998 0.2051828125 0.1131328125 0.12363125 0.001040625 0.028631250000000004 0 0.0338359375 0.031579687499999995 0.0637671875
0 0 0.097603125 0.0937 0.16874687500000002 0.1263203125 0.191303125 0.1756 0.21863281250000002 0.17976406250000002 0.2208015625 0.1870515625 0.21906562499999999 0.12319687500000001 0.1813265625 0 0.0893609375 0 0.097603125
0 0.11590937500000001 0.22340468750000003 0.017004687499999997 0.228609375 0.0159640625 0.235115625 0.1186859375 0.2299109375 0.21134375 0.2251390625 0.211690625 0.21863281250000002 0.11590937500000001 0.22340468750000003
0 0.23952187500000002 0.0082671875 0.233603125 0 0.22785937500000003 0.00021718750000000001 0.23517031249999998 0.0102265625 0.23952187500000002 0.0082671875
0 0.20593750000000002 0.0726953125 0.2119796875 0.0818203125 0.2124828125 0.0704921875 0.19788125 0.0405953125 0.19083125 0.042484375000000005 0.20593750000000002 0.0726953125
0 0.5140281250000001 0.12556406250000002 0.3524 0.1258796875 0.2250109375 0.12556406250000002 0.2242546875 0.1340609375 0.2263296875 0.1340609375 0.3471734375 0.132803125 0.5147828125 0.132803125 0.5140281250000001 0.12556406250000002
0 0.301796875 0 0.3158953125 0.0509796875 0.339559375 0.126821875 0.346609375 0.12556406250000002 0.3244546875 0.056960937499999996 0.30708281249999997 0 0.301796875 0
0 0.2773765625 0 0.2904671875 0.0377640625 0.322440625 0.12619375 0.3279796875 0.12525 0.306328125 0.0629390625 0.283165625 0 0.2773765625 0
0 0.29298437499999996 0.097240625 0.304296875 0.12481875 0.31211875 0.12525 0.302590625 0.101553125 0.2736 0.0236015625 0.2680609375 0.026750000000000003 0.29298437499999996 0.097240625
0 0.2828875 0.12526718750000002 0.29140156250000004 0.1258765625 0.26659062499999997 0.06901874999999999 0.25375000000000003 0.036875000000000005 0.2464015625 0.040134375 0.26756406250000003 0.0899984375 0.2828875 0.12526718750000002
0 0.237071875 0.0895390625 0.2536125 0.125415625 0.26042343749999997 0.125415625 0.2482609375 0.098965625 0.22685624999999998 0.054270312499999994 0.22484375 0.06328125 0.237071875 0.0895390625
0 0.224375 0.10609375000000001 0.23545625 0.125359375 0.2384015625 0.12496875 0.2408078125 0.1235359375 0.22593749999999999 0.0984375 0.224375 0.10609375000000001
0 0.2279765625 0.1497484375 0.231565625 0.1465453125 0.2346421875 0.1433390625 0.27805 0.144621875 0.3279515625 0.1441953125 0.32829375 0.13928125 0.2257546875 0.137359375 0.22438750000000002 0.137571875 0.2240453125 0.14846718750000001 0.2279765625 0.1497484375
0 0.3004375 0.15231250000000002 0.300778125 0.14761249999999998 0.27104218750000003 0.149321875 0.22507187499999998 0.15594375 0.2237046875 0.15594375 0.22319218749999997 0.16213906250000001 0.2257546875 0.161925 0.2777078125 0.1550890625 0.3004375 0.15231250000000002
0 0.288815625 0.181790625 0.280784375 0.16577031250000002 0.2754859375 0.16811875 0.28385937499999997 0.1835 0.288815625 0.181790625
0 0.3076140625 0.1766640625 0.299753125 0.1600015625 0.2941140625 0.16149843749999998 0.303171875 0.18008125 0.3076140625 0.1766640625
0 0.32043125 0.1768796875 0.30915312500000003 0.1567984375 0.303684375 0.1597890625 0.31684375 0.18221875 0.32043125 0.1768796875
0 0.3496546875 0.1766640625 0.3368375 0.1495359375 0.33136875 0.15167187499999998 0.34452812499999996 0.17965625000000002 0.3496546875 0.1766640625
0 0.36503593749999996 0.1764515625 0.35273125 0.1441953125 0.3472625 0.1467578125 0.3595671875 0.1788015625 0.36503593749999996 0.1764515625
0 0.42411093749999995 0.288134375 0.49640625 0.27875 0.49609375 0.27218749999999997 0.48171875000000003 0.27390625 0.42359375000000005 0.28078125 0.42411093749999995 0.288134375
0 0.2239203125 0.2270484375 0.25605625 0.2813921875 0.2575734375 0.284484375 0.26016249999999996 0.28852968749999997 0.2657703125 0.2839453125 0.2640046875 0.2810375 0.2432828125 0.24448750000000002 0.2306078125 0.221925 0.2239203125 0.2270484375
0 0.2640453125 0.3079453125 0.2517484375 0.28610156249999996 0.23600156249999998 0.258596875 0.22499843749999998 0.2375640625 0.22133124999999998 0.241609375 0.2293140625 0.264259375 0.23319687500000003 0.27073281250000003 0.25972968750000003 0.3119890625 0.2640453125 0.3079453125
0 0.2227234375 0.22457031249999998 0.31899062499999997 0.22113906249999998 0.496690625 0.2152453125 0.6443671875 0.208384375 0.72945 0.2062171875 0.7291609375 0.20043906250000001 0.666175 0.201521875 0.4973734375 0.2076625 0.348896875 0.21163437499999999 0.22214687500000002 0.2166921875 0.2227234375 0.22457031249999998
0 0.79926875 0.19791875 0.732346875 0.1997640625 0.7334031249999999 0.2050421875 0.800325 0.20319531249999997 0.79926875 0.19791875