1 0.1275 0 0.128353125 0.0150234375 0.13374999999999998 0.01953125 0.16499999999999998 0.01953125 0.16890624999999998 0.0283203125 0.16040156249999998 0.0236078125 0.15765625 0.030078125 0.17109375 0.0400390625 0.1755671875 0.3079703125 0.1835796875 0.31190625 0.189303125 0.3115484375 0.18337187500000002 0.052998437499999995 0.198859375 0.06689062500000001 0.20675781249999997 0.0651 0.2101921875 0.0468578125 0.18578125 0.030078125 0.18296874999999999 0.0205078125 0.19468749999999999 0.01171875 0.22374999999999998 0.007421875 0.2234375 0 0.1275 0
1 0.47125000000000006 0.1783203125 0.4671875 0.1396484375 0.48231250000000003 0.1324546875 0.48301875 0.12583125 0.466946875 0.12980624999999998 0.4671875 0.1103515625 0.48091249999999997 0.105240625 0.4796875 0.0986328125 0.46640625 0.1015625 0.465625 0.0849609375 0.48125 0.0775390625 0.4815625 0.0697265625 0.46977343749999995 0.0730703125 0.4546875 0.0751953125 0.459375 0.1787109375 0.43640625 0.1837890625 0.43640625 0.1982421875 0.459375 0.2001953125 0.459375 0.2091796875 0.44343750000000004 0.2119140625 0.44343750000000004 0.2166015625 0.46187500000000004 0.219921875 0.4654453125 0.336978125 0.4729140625 0.335171875 0.4753234375 0.3324609375 0.47140624999999997 0.2279296875 0.47874999999999995 0.230078125 0.48671875 0.2296875 0.48765625 0.2177734375 0.47078125000000004 0.2099609375 0.46921875 0.1947265625 0.491875 0.1927734375 0.4921875 0.1865234375 0.48905624999999997 0.18008437500000002 0.47125000000000006 0.1783203125
1 0.6528125 0.21953125 0.65859375 0.2193359375 0.6587500000000001 0.2134765625 0.654375 0.2119140625 0.65390625 0.2044921875 0.65953125 0.2017578125 0.66015625 0.1927734375 0.646909375 0.19449375 0.646875 0.2607421875 0.6346875 0.2666015625 0.63671875 0.2876953125 0.646875 0.2880859375 0.6474046875 0.39735 0.653125 0.4013671875 0.6546875 0.3154296875 0.6578125 0.2841796875 0.6639062499999999 0.2822265625 0.66609375 0.26484375 0.6540625 0.261328125 0.65328125 0.2423828125 0.65859375 0.2408203125 0.65890625 0.2337890625 0.65328125 0.2279296875 0.6528125 0.21953125
1 0.31234375000000003 0.2537109375 0.3159375 0.2501953125 0.315625 0.2470703125 0.31171875 0.240234375 0.29453125 0.23828125 0.290625 0.2470703125 0.3053125 0.2513671875 0.3046875 0.2783203125 0.3109375 0.2802734375 0.31234375000000003 0.2537109375
0 0.38702187499999996 0 0.44553281250000004 0.052621875 0.4628953125 0.0659296875 0.47171874999999996 0.0720703125 0.47698124999999997 0.06899999999999999 0.4530671875 0.050571875 0.395246875 0 0.38702187499999996 0
0 0.324321875 0 0.3171875 0.0009765625 0.3864015625 0.06367500000000001 0.45454062500000003 0.11547812500000001 0.4550328125 0.1093359375 0.453721875 0.1074921875 0.387384375 0.055078125 0.324321875 0
0 0.36183125 0 0.35625 0.0009765625 0.355934375 0.0010234375 0.409825 0.050571875 0.45 0.0833984375 0.45470468750000004 0.08701718750000001 0.45453124999999994 0.0794921875 0.421290625 0.051595312500000004 0.36183125 0
0 0.451503125 0.16736562500000002 0.4571203125 0.1705375 0.45859375 0.1642578125 0.3928015625 0.12184375 0.337721875 0.0822109375 0.23028125 0 0.22647656249999998 0.00385 0.31640625 0.076171875 0.337903125 0.09149531250000001 0.351853125 0.10123437500000002 0.3750453125 0.11822031250000001 0.451503125 0.16736562500000002
0 0.45671875 0.1787109375 0.45843749999999994 0.1740234375 0.3732328125 0.123203125 0.3185171875 0.088553125 0.2679671875 0.0529953125 0.20953125 0.0103515625 0.2071875 0.0109375 0.20218750000000002 0.013671875 0.31015625 0.091796875 0.34453125 0.11328125 0.379575 0.13498125 0.45671875 0.1787109375
0 0.12687500000000002 0.0646484375 0.13109375 0.049609375 0.139103125 0.01950625 0.1336203125 0.0186484375 0.12140625000000001 0.064453125 0.12687500000000002 0.0646484375
0 0.33468749999999997 0.251953125 0.333125 0.2576171875 0.34841875 0.2617515625 0.35031249999999997 0.2619140625 0.35046875 0.256640625 0.3375 0.252734375 0.33468749999999997 0.251953125
0 0.46281249999999996 0.249609375 0.44796874999999997 0.2541015625 0.4490625 0.260546875 0.46359374999999997 0.2556640625 0.46281249999999996 0.249609375
0 0.64493125 0.3133578125 0.6447328125 0.3076640625 0.6203765625 0.3079125 0.582953125 0.3064265625 0.5827546875 0.311625 0.5869125000000001 0.311625 0.5877046874999999 0.312615625 0.6136453125 0.3138515625 0.64493125 0.3133578125
0 0.48301875 0.1317921875 0.561875 0.189453125 0.613615625 0.2194390625 0.64578125 0.234765625 0.646875 0.2291015625 0.5977625 0.203703125 0.565625 0.1841796875 0.54203125 0.168359375 0.5013859375 0.1381953125 0.492378125 0.132234375 0.48707968749999997 0.128259375 0.4849609375 0.127596875 0.48301875 0.1317921875
0 0.48147343749999993 0.10553125000000001 0.5122687499999999 0.1305125 0.5512265625 0.1607265625 0.6016765625 0.19266875 0.622434375 0.20413437499999998 0.6456937500000001 0.21662343750000002 0.6462984374999999 0.21568749999999998 0.6466265625000001 0.21056875000000003 0.603125 0.1861328125 0.5581750000000001 0.1577421875 0.528975 0.135834375 0.488353125 0.103484375 0.4840625 0.0998046875 0.4809375 0.104296875 0.48147343749999993 0.10553125000000001
0 0.6474968750000001 0.1979921875 0.650759375 0.1923890625 0.58409375 0.1534859375 0.5277890625 0.1115140625 0.4824171875 0.0726109375 0.48012343749999997 0.0791625 0.5510484375 0.136903125 0.58574375 0.161546875 0.6345562499999999 0.1910296875 0.6474968750000001 0.1979921875
0 0.6937375 0.23196875 0.66140625 0.1974609375 0.6587500000000001 0.20390625 0.6910109375 0.23878125 0.7291671875 0.2750171875 0.75078125 0.2923828125 0.75484375 0.294921875 0.759146875 0.29638749999999997 0.76125 0.291796875 0.736846875 0.27285 0.6937375 0.23196875
0 0.6592984375000001 0.2236046875 0.6944796875 0.26015 0.7329687500000001 0.2921875 0.75078125 0.3046875 0.755925 0.29948437499999997 0.7177703125 0.27068125 0.65979375 0.21493437499999998 0.6592984375000001 0.2236046875
0 0.7546875 0.3138671875 0.7345312500000001 0.29921875 0.6820921875 0.2536484375 0.6592984375000001 0.2335171875 0.6575640625 0.2397109375 0.6702 0.2517890625 0.7276796875 0.302271875 0.7532 0.3214734375 0.7546875 0.3138671875
0 0.41261093750000005 0.2240515625 0.44237656249999996 0.21955312500000002 0.441721875 0.2158734375 0.4108125 0.2203703125 0.41261093750000005 0.2240515625
0 0.5 0.298828125 0.47609375 0.2873046875 0.47406249999999994 0.29140625 0.49765625 0.303515625 0.5 0.298828125
0 0.55203125 0.2970703125 0.55171875 0.2947265625 0.5303125 0.285546875 0.47328125 0.2521484375 0.47265625 0.257421875 0.5064062500000001 0.27890625 0.54890625 0.2998046875 0.55203125 0.2970703125
0 0.4453125 0.21796875 0.44171875 0.2509765625 0.44312500000000005 0.251953125 0.4453125 0.2533203125 0.4503125 0.2177734375 0.4453125 0.21796875
0 0.323125 0.2798828125 0.311875 0.276953125 0.31124999999999997 0.280859375 0.32203125 0.2841796875 0.323125 0.2798828125
0 0.32328125 0.27421875 0.31296875 0.271484375 0.31203125 0.275390625 0.32296874999999997 0.27890625 0.32328125 0.27421875
0 0.26203125 0.2609375 0.1896875 0.2341796875 0.18937500000000002 0.2404296875 0.25875 0.264453125 0.26203125 0.2609375
0 0.305 0.2751953125 0.27 0.262890625 0.26890625 0.2673828125 0.304375 0.279296875 0.305 0.2751953125
0 0.190625 0.2263671875 0.1896875 0.23203125 0.25296875 0.2560546875 0.3046875 0.2744140625 0.30515625 0.2685546875 0.25953125 0.251953125 0.190625 0.2263671875
0 0.190625 0.220703125 0.28390624999999997 0.248046875 0.2846875 0.2427734375 0.23531249999999998 0.229296875 0.19125 0.21640625 0.190625 0.220703125
0 0.19872343750000002 0.2143671875 0.29109375000000004 0.244140625 0.29296875 0.238671875 0.19796875 0.2087890625 0.195171875 0.213521875 0.19872343750000002 0.2143671875
0 0.20640624999999999 0.191015625 0.2646875 0.2091796875 0.31427031250000004 0.2236890625 0.31525 0.217575 0.20783125 0.18406875 0.20640624999999999 0.191015625
0 0.12921875 0.0310546875 0.07515625000000001 0.03515625 0.07515625000000001 0.0412109375 0.12890625 0.0365234375 0.12921875 0.0310546875
0 0.15765625 0.027734375 0.13625 0.03046875 0.13640625 0.03515625 0.1371875 0.036328125 0.14390624999999999 0.0380859375 0.15078125 0.044140625 0.15812500000000002 0.0484375 0.16499999999999998 0.050390625 0.169375 0.05078125 0.169375 0.0466796875 0.15046874999999998 0.037109375 0.1496875 0.03359375 0.1584375 0.0333984375 0.15765625 0.027734375
0 0.47984375 0.12421875 0.4684375 0.1166015625 0.4671875 0.1212890625 0.4765625 0.1275390625 0.47984375 0.12421875
0 0.21049687499999997 0.052851562500000004 0.208621875 0.05792968750000001 0.21000000000000002 0.058984375 0.24125000000000002 0.08046875 0.30656249999999996 0.1205078125 0.3359375 0.13828125 0.37328125 0.15859375 0.4349796875 0.1883125 0.4362296875 0.184015625 0.3951359375 0.1642890625 0.3299796875 0.1291328125 0.25846562500000003 0.0848828125 0.21049687499999997 0.052851562500000004
0 0.211053125 0.046331250000000004 0.209403125 0.0516796875 0.281434375 0.098359375 0.338934375 0.13390625 0.38565312500000004 0.1594921875 0.4371734375 0.184421875 0.4402984375 0.1807109375 0.4151421875 0.16840625 0.3754546875 0.1478984375 0.3315484375 0.123875 0.26589687500000003 0.0822703125 0.211053125 0.046331250000000004
0 0.47140624999999997 0.1998046875 0.5248437499999999 0.224609375 0.55671875 0.2392578125 0.5553125 0.240234375 0.47140624999999997 0.201171875 0.47000000000000003 0.2064453125 0.49890625 0.2203125 0.5589062499999999 0.246484375 0.604375 0.2625 0.63109375 0.2685546875 0.6321875 0.2623046875 0.6053124999999999 0.2537109375 0.56328125 0.2369140625 0.51671875 0.2169921875 0.473125 0.1958984375 0.47140624999999997 0.1998046875
0 0.5376562500000001 0.21484375 0.49296875 0.18984375 0.49171875 0.19453125 0.52546875 0.2142578125 0.58015625 0.241796875 0.63578125 0.2642578125 0.6396875 0.258984375 0.59890625 0.2412109375 0.5543750000000001 0.2189453125 0.4925 0.1826171875 0.491875 0.1876953125 0.5392187500000001 0.2150390625 0.5376562500000001 0.21484375
0 0.645625 0.345703125 0.6109375 0.3369140625 0.61015625 0.3431640625 0.64515625 0.3517578125 0.645625 0.345703125
0 0.6637500000000001 0.3689453125 0.67375 0.36953125 0.6734375 0.3658203125 0.6534375 0.358984375 0.65328125 0.3681640625 0.6832812500000001 0.3865234375 0.6865625 0.3833984375 0.6637500000000001 0.3689453125
0 0.72171875 0.3658203125 0.65921875 0.3126953125 0.6560937499999999 0.3169921875 0.7150000000000001 0.3677734375 0.72171875 0.3658203125
0 0.7321875 0.335546875 0.76625 0.3408203125 0.76671875 0.3365234375 0.72859375 0.3296875 0.6900000000000001 0.3193359375 0.65890625 0.30859375 0.65828125 0.313671875 0.683125 0.32265625 0.7321875 0.335546875
0 0.65625 0.2892578125 0.6903125 0.318359375 0.6912499999999999 0.319140625 0.69328125 0.315234375 0.6599999999999999 0.2861328125 0.65625 0.2892578125
0 0.7065625 0.316796875 0.66484375 0.2818359375 0.6621875 0.2861328125 0.7040625 0.322265625 0.7065625 0.316796875
0 0.6634375 0.276171875 0.7212500000000001 0.3275390625 0.72859375 0.3220703125 0.665625 0.26796875 0.66328125 0.274609375 0.6634375 0.276171875
0 0.76609375 0.37578125 0.76609375 0.3701171875 0.68640625 0.366015625 0.65734375 0.35078125 0.655 0.3552734375 0.67125 0.3650390625 0.72265625 0.3890625 0.72484375 0.384375 0.6993750000000001 0.3732421875 0.76609375 0.37578125
0 0.47984375 0.096875 0.46765625 0.0890625 0.4659375 0.093359375 0.47546875 0.09921875 0.47984375 0.096875