1 0.2359484375 0.21026562499999998 0.2484484375 0.212975 0.24913593750000002 0.22391250000000001 0.242271875 0.22648593749999998 0.2421875 0.23559531250000001 0.24520625 0.249215625 0.24656093750000002 0.2616328125 0.2523265625 0.47078125000000004 0.259784375 0.46845156250000003 0.25875312500000003 0.31469375 0.271484375 0.2648921875 0.26989687500000004 0.2267015625 0.2584 0.223484375 0.25965625000000003 0.21478125 0.2993953125 0.21478125 0.2993953125 0.2049015625 0.2509765625 0.20263749999999997 0.2366265625 0.20405625 0.2359484375 0.21026562499999998
0 0.3843375 0.1586921875 0.19756093749999998 0.1692078125 0.1971953125 0.17697968749999998 0.7550140625 0.14749218749999998 0.7660875 0.1474109375 0.7659234374999999 0.1388171875 0.3843375 0.1586921875
0 0.213846875 0.21743593749999998 0.24384375 0.21743593749999998 0.24234375 0.211328125 0.21484375 0.2115234375 0.213846875 0.21743593749999998
0 0.38754218749999997 0.2281796875 0.52685625 0.22731093750000003 0.52824375 0.219503125 0.5069734375 0.2193171875 0.390815625 0.2203703125 0.2592578125 0.21511874999999997 0.2597734375 0.22090937500000002 0.3118875 0.22384218749999998 0.38754218749999997 0.2281796875
0 0.662153125 0.2169 0.7018125000000001 0.215940625 0.78976875 0.208415625 0.8402109375 0.20275156249999998 0.847328125 0.2009125 0.8451187499999999 0.1944703125 0.8099921875 0.1978125 0.7364203125000001 0.2056203125 0.6934875 0.2077671875 0.662828125 0.20935156250000003 0.662153125 0.2169
0 0.278678125 0.1831421875 0.2907140625 0.2048421875 0.29626874999999997 0.2057109375 0.2941859375 0.200790625 0.279371875 0.173015625 0.27404843749999996 0.1741734375 0.278678125 0.1831421875
0 0.285853125 0.20368593750000002 0.2694203125 0.1741734375 0.2624765625 0.1741734375 0.2777515625 0.200790625 0.28076093750000003 0.20513125 0.285853125 0.20368593750000002
0 0.2775203125 0.20223906249999998 0.2624765625 0.1741734375 0.25506875 0.17562031250000001 0.271965625 0.20455312499999997 0.2775203125 0.20223906249999998
0 0.258540625 0.1999234375 0.26039218750000004 0.20368593750000002 0.26687343750000003 0.20310625 0.25182812499999996 0.17475156249999999 0.24766249999999998 0.17562031250000001 0.2490515625 0.17938125 0.258540625 0.1999234375
0 0.2546484375 0.16335 0.2449984375 0.14185 0.2372375 0.1431609375 0.247515625 0.165446875 0.2546484375 0.16335
0 0.265625 0.1568359375 0.26937500000000003 0.1642578125 0.27478437499999997 0.1630875 0.2567453125 0.12297031249999998 0.2515015625 0.1266421875 0.25828125 0.1404296875 0.265625 0.1568359375
0 0.24583750000000001 0.13922812499999998 0.25842343749999996 0.16649687500000002 0.2649265625 0.1649234375 0.25087187499999997 0.13581875000000002 0.24583750000000001 0.13922812499999998
0 0.252309375 0.3192390625 0.22286875 0.295275 0.2023265625 0.27601718750000004 0.14639843749999998 0.21161875000000002 0.1436234375 0.217978125 0.1625875 0.24081875 0.19751093749999998 0.28071250000000003 0.2227203125 0.304709375 0.2474671875 0.32263281250000003 0.2513984375 0.325234375 0.252309375 0.3192390625
0 0.3319984375 0.11425937500000001 0.27185000000000004 0.15259375 0.2732359375 0.157540625 0.335559375 0.1184640625 0.3319984375 0.11425937500000001
0 0.23425781250000002 0.17509999999999998 0.2113078125 0.19018593749999999 0.213484375 0.19538125 0.2411828125 0.17683125 0.23425781250000002 0.17509999999999998
0 0.37965781249999997 0.0863921875 0.3604234375 0.0979234375 0.3623 0.10320156250000001 0.3837234375 0.0897140625 0.37965781249999997 0.0863921875