1 0.11699531249999999 0.2941890625 0.118284375 0.261328125 0.148440625 0.25859375 0.14901718749999998 0.250040625 0.13555 0.2490234375 0.11211249999999999 0.25146562499999997 0.10918281249999999 0.25756875 0.11200312500000001 0.4408671875 0.11894843749999999 0.4406734375 0.11699531249999999 0.2941890625
1 0.807790625 0.0393984375 0.8220890624999999 0.038952976562500005 0.8200625 0.11366562499999999 0.80859375 0.12817343750000001 0.806640625 0.14282187500000001 0.8115234375 0.1611328125 0.82421875 0.16235312500000001 0.826171875 0.2624515625 0.8263031249999999 0.275434375 0.837890625 0.2746578125 0.833984375 0.12329062500000001 0.8420984375 0.12272968749999999 0.84765625 0.0964359375 0.8412625 0.08646875000000001 0.83203125 0.0817875 0.83203125 0.006103125 0.8271484375 0.0024421875 0.7993718750000001 0.010154687499999999 0.799778190625 0.0398408171875 0.807790625 0.0393984375
1 0.259765625 0.4406734375 0.259765625 0.345459375 0.271484375 0.3308109375 0.271484375 0.318603125 0.26953125 0.28930625 0.2529296875 0.28076249999999997 0.2421875 0.299071875 0.244140625 0.32836875 0.251953125 0.3405765625 0.25439218750000003 0.44148125 0.259765625 0.4406734375
0 0.9557062500000001 0.097446875 0.99875 0.119140625 1 0.1127875 0.957871875 0.0920328125 0.9557062500000001 0.097446875
1 0.9440516453125 0 0.9411687499999999 0.19384218749999998 0.945425 0.49331250000000004 0.9516890625000001 0.4993359375 0.958984375 0.4992671875 0.962890625 0.455321875 0.9545800953124999 0 0.9440516453125 0
0 0.848646875 0.093459375 0.8474999999999999 0.1001953125 0.8875718750000001 0.11465624999999999 0.9392156249999999 0.135371875 0.9407578125 0.129109375 0.9006765624999999 0.11176562500000001 0.848646875 0.093459375
0 0.6975859375 0.099671875 0.7844515624999999 0.0915921875 0.8140625 0.0884765625 0.8136281249999999 0.082471875 0.7768265624999999 0.0866171875 0.6975 0.0935546875 0.6975859375 0.099671875
0 0.76571875 0.10215937500000001 0.81628125 0.0955296875 0.815625 0.0900390625 0.6967187499999999 0.101953125 0.69765625 0.10859375 0.76571875 0.10215937500000001
0 0.7570984375 0.10298750000000001 0.69765625 0.11015625 0.6975859375 0.11687031249999999 0.77109375 0.1087890625 0.8182703124999999 0.10215937500000001 0.8167781250000001 0.096771875 0.7570984375 0.10298750000000001
0 0.8217515625 0.0673453125 0.8121359375000001 0.039578125 0.807159375 0.040534375 0.8139593749999999 0.06009375 0.8201562499999999 0.073046875 0.8217515625 0.0673453125
0 0.7130296875 0.243229159375 0.771246875 0.23807759687500002 0.7703515624999999 0.232832284375 0.7123421875 0.23807759687500002 0.7130296875 0.243229159375
0 0.7140500000000001 0.263328125 0.739603125 0.2591734375 0.771390625 0.2542390625 0.7698734375 0.24858281249999997 0.7125953125 0.2568359375 0.7140500000000001 0.263328125
0 0.8253421875000001 0.24106875 0.8100328125 0.2422921875 0.8105734375000001 0.247721875 0.8255140624999999 0.24643593749999998 0.8253421875000001 0.24106875
0 0.16237656250000002 0.2867328125 0.21109375 0.283984375 0.22234375 0.2830078125 0.272153125 0.279871875 0.27171875 0.2736328125 0.163978125 0.2821578125 0.162834375 0.283015625 0.16237656250000002 0.2867328125
0 0.2419640625 0.300740625 0.16125 0.3017578125 0.11734375 0.3021484375 0.1171875 0.30703125 0.12484375 0.30703125 0.21200468749999998 0.3056 0.242421875 0.30531406250000004 0.2419640625 0.300740625
0 0.685375 0.261003125 0.678686371875 0.26153704218749996 0.6278046875000001 0.267371875 0.583335490625 0.2718517609375 0.4681484375 0.285875 0.3537984375 0.2941640625 0.27009375 0.298453125 0.2712015625 0.304528125 0.3626953125 0.29788125 0.4749734375 0.2904484375 0.541065625 0.2833015625 0.5698828125000001 0.2790140625 0.6160796875 0.2744390625 0.6650410531250001 0.2686907984375 0.68517623125 0.265862571875 0.685375 0.261003125
0 0.290959375 0.2813703125 0.3939265625 0.2759828125 0.43428281249999995 0.27337968749999997 0.43428281249999995 0.268171875 0.292125 0.276959375 0.290959375 0.2813703125
0 0.2883375 0.2721953125 0.2887015625 0.276959375 0.36420625 0.270775 0.51453125 0.259059375 0.5277265625 0.2577578125 0.5285078125 0.2519 0.3452390625 0.2665453125 0.292125 0.2717515625 0.2883375 0.2721953125
0 0.81953125 0.0810546875 0.8171625 0.0732046875 0.8073203124999999 0.04235 0.8037703125 0.04315625 0.8123437499999999 0.0740234375 0.8201562499999999 0.0943359375 0.8229703125000001 0.09034687500000001 0.81953125 0.0810546875
0 0.770625 0.039453125 0.7284375 0.04140625 0.72859375 0.04765625 0.77125 0.0451171875 0.770625 0.039453125
0 0.9415625000000001 0.0833984375 0.8631249999999999 0.04375 0.8615625 0.0490234375 0.940625 0.0900390625 0.9415625000000001 0.0833984375
0 1 0.15234375 0.9623437499999999 0.1384765625 0.9609375 0.1439453125 0.9998437499999999 0.157421875 1 0.15234375
0 0.10906562500000001 0.288671875 0.058909375 0.290234375 0.059065625 0.295703125 0.109690625 0.29375 0.10906562500000001 0.288671875
0 0.10984687500000001 0.3015625 0.068596875 0.3009765625 0.068440625 0.306640625 0.10984687500000001 0.3068359375 0.10984687500000001 0.3015625
0 0.1368359375 0.24231406249999998 0.0912234375 0.203525 0.085990625 0.20843124999999998 0.13235 0.2462875 0.1368359375 0.24231406249999998
0 0.2701203125 0.1479125 0.1904859375 0.1502484375 0.1903 0.157025 0.2703078125 0.1539859375 0.2701203125 0.1479125
0 0.6745609375 0.093915625 0.5829140625 0.0998140625 0.5830953125 0.10571250000000001 0.6754687500000001 0.10026718750000001 0.6745609375 0.093915625
0 0.6767390625 0.104125 0.6123125 0.1093421875 0.6126765625 0.1145578125 0.6774640625 0.11025 0.6767390625 0.104125
0 0.57674375 0.055578125 0.3999890625 0.07168593749999999 0.4008890625 0.076903125 0.57765 0.061703125000000004 0.57674375 0.055578125
0 0.48038437500000003 0.106165625 0.4524375 0.107071875 0.4524375 0.11115625 0.48038437500000003 0.11070312499999999 0.48038437500000003 0.106165625
0 0.3854640625 0.0714578125 0.28238281249999997 0.080078125 0.2827453125 0.08665625 0.3854640625 0.0782640625 0.3854640625 0.0714578125
0 0.5449890625 0.034282812499999996 0.3555078125 0.0492265625 0.35551875 0.0542171875 0.5451578125000001 0.0396984375 0.5449890625 0.034282812499999996
0 0.668484375 0.0252 0.6318921875 0.025623437500000002 0.6317234375 0.031128125 0.668484375 0.030493749999999997 0.668484375 0.0252
0 0.3509375 0.11015625 0.31124999999999997 0.110546875 0.3109375 0.115625 0.35046875 0.115625 0.3509375 0.11015625
0 0.32328125 0.1193359375 0.26687500000000003 0.1193359375 0.26671875 0.125 0.32328125 0.125 0.32328125 0.1193359375
0 0.26249687499999996 0.0623046875 0.26249687499999996 0.0572265625 0.19796875 0.0634765625 0.10203124999999999 0.069921875 0.1029484375 0.075 0.130465625 0.0837890625 0.1852921875 0.0984375 0.212028125 0.1046875 0.212965625 0.0990234375 0.12437187499999999 0.076171875 0.12452812499999999 0.0740234375 0.199840625 0.0689453125 0.26249687499999996 0.0623046875
0 0.05328125 0.055379953125000006 0.0008708656250000001 0.0408476984375 0.0003125 0.045809640624999995 0.0518810625 0.060167242187500004 0.05328125 0.055379953125000006
0 0 0.104296875 0.15671875 0.09765625 0.15625 0.0923828125 0 0.09921875 0 0.104296875
0 0.11687499999999999 0.1111328125 0.00015625 0.1064453125 0 0.11328125 0.11671875000000001 0.11875 0.11687499999999999 0.1111328125
0 0.14734375 0.116796875 0.20921875 0.116796875 0.2090625 0.1115234375 0.145625 0.1115234375 0.14515625000000001 0.1169921875 0.14734375 0.116796875
0 0.21187499999999998 0.1189453125 0.16 0.1189453125 0.1603125 0.1244140625 0.21203124999999998 0.1240234375 0.21187499999999998 0.1189453125
1 0.5366522734375 0.3866366859375 0.5366522734375 0.3090849828125 0.5395568890625 0.308572521875 0.5400694609375 0.30771843125 0.5402403265625 0.300373225 0.537164846875 0.30054404375 0.5373357109375 0.2937112984375 0.5499793359375 0.294052934375 0.5503210546874999 0.28568281562500003 0.5316973359375 0.28551199843749997 0.531868190625 0.287903459375 0.5214457421875001 0.287561821875 0.5207623046875 0.2846579046875 0.516832521875 0.2844870828125 0.5166616687500001 0.29302801875 0.529817878125 0.294223753125 0.5316973359375 0.38646586250000003 0.5366522734375 0.3866366859375
0 0.6847778390625 0.2399878640625 0.627644271875 0.2426445984375 0.6278657421875 0.2479580671875 0.68544784375 0.24481060000000002 0.6847778390625 0.2399878640625