1 0.2578125 0.14526406249999999 0.25671875 0.136328125 0.2373046875 0.13671875 0.23515625 0.1201171875 0.25671875 0.1197265625 0.2578125 0.11596718749999999 0.2534390625 0.10900625 0.2333984375 0.10498125 0.224609375 0.10864218750000001 0.220703125 0.2746578125 0.22265625 0.44555625 0.23046875 0.45288125 0.236328125 0.2771 0.232421875 0.22094687500000001 0.24390625 0.21484375 0.24453125 0.211328125 0.24296875 0.1814453125 0.2578125 0.17211875000000001 0.2550140625 0.1630375 0.234375 0.16235312500000001 0.2373046875 0.146484375 0.2578125 0.14526406249999999
1 0.9563750000000001 0.0003015625 0.9609375 0.44555625 0.96875 0.45288125 0.978515625 0.443115625 0.9751515625 0.0255765625 0.9749109375 0 0.9563750000000001 0.0003015625
0 0.6259765625 0.1904296875 0.461365625 0.195478125 0.3632140625 0.195571875 0.24392343749999998 0.192234375 0.24392343749999998 0.20002343749999998 0.338065625 0.2019703125 0.24392343749999998 0.202528125 0.24392343749999998 0.2100390625 0.2532703125 0.20948281249999998 0.6349 0.2004546875 0.91476875 0.18369375 0.9603328125000001 0.1793109375 0.9609015624999999 0.171853125 0.7887062499999999 0.18458593750000002 0.9383015625000001 0.16460312500000002 0.9600828124999999 0.16116250000000001 0.95941875 0.15286249999999998 0.8089765625 0.1740015625 0.6259765625 0.1904296875
0 0 0.1887171875 0.066221875 0.231978125 0.0923828125 0.25105468750000004 0.10619062500000001 0.2604046875 0.13899062499999998 0.27745312499999997 0.1845703125 0.2968296875 0.2218 0.30241875 0.221475 0.296125 0.18939843750000002 0.28954843750000003 0.14879375 0.2735375 0.12375624999999998 0.261440625 0.0961984375 0.2435609375 0.038696875 0.2020015625 0 0.1767953125 0 0.1887171875
1 0.021484375 0.306396875 0.0316765625 0.30102656250000004 0.03125 0.29663125 0.028725 0.2914359375 0.0146484375 0.2880859375 0.0120015625 0.2924203125 0.0165265625 0.30078125 0.01444375 0.3508640625 0.01953125 0.3503421875 0.021484375 0.306396875
0 0.153146875 0 0.1961390625 0.0545515625 0.2212765625 0.0844828125 0.2412109375 0.107421875 0.25 0.10620156249999999 0.19539375 0.041559374999999996 0.16093437500000002 0 0.153146875 0
0 0.124525 0 0.192575 0.08390468749999999 0.1941953125 0.08592968749999999 0.1966265625 0.088821875 0.19998125 0.0922953125 0.20408906249999997 0.09733906249999999 0.2248546875 0.11924062499999999 0.22599062499999997 0.1099125 0.19650937500000001 0.0769609375 0.1323953125 0 0.124525 0
0 0.09398125 0.0012203125 0.1564671875 0.076671875 0.1731328125 0.0963453125 0.222896875 0.1478453125 0.224284375 0.1388765625 0.175446875 0.086796875 0.099990625 0 0.09398125 0.0012203125
0 0.3172125 0.2969234375 0.3220296875 0.2927546875 0.313396875 0.2737015625 0.330553125 0.290903125 0.33907656249999996 0.2895109375 0.3189515625 0.267625 0.3104125 0.256765625 0.285159375 0.2094703125 0.2827484375 0.21076562499999998 0.2753375 0.2130796875 0.30859375 0.279540625 0.3172125 0.2969234375
1 0.341796875 0.303665625 0.357421875 0.29634218749999997 0.3527453125 0.2910609375 0.3427734375 0.29023750000000004 0.3203125 0.2939 0.32010937500000003 0.298584375 0.333984375 0.30122499999999997 0.3360796875 0.44989999999999997 0.3416359375 0.44874375000000005 0.341796875 0.303665625
1 0.36328125 0.34768125 0.35531250000000003 0.34921875 0.35578125 0.355859375 0.365234375 0.35500625 0.36729218750000003 0.4830953125 0.373409375 0.4824 0.37109375 0.357446875 0.38237187499999997 0.352759375 0.381909375 0.34928750000000003 0.37103125000000003 0.3452359375 0.38260312500000004 0.3435 0.3809828125 0.3388703125 0.3642578125 0.3391375 0.355 0.3376953125 0.35453125 0.3431640625 0.36328125 0.34768125
1 0.39203125 0.4607421875 0.3990625 0.4611328125 0.39890625 0.391015625 0.4078125 0.3888671875 0.40671875 0.37890625 0.40062499999999995 0.37890625 0.38406250000000003 0.378515625 0.38546874999999997 0.387890625 0.392109375 0.3914546875 0.39234375 0.4056640625 0.39234375 0.4533203125 0.39203125 0.4607421875
1 0.41234374999999995 0.4189453125 0.41312499999999996 0.4134765625 0.41218750000000004 0.405078125 0.40718750000000004 0.4046875 0.40234375 0.4052734375 0.40140624999999996 0.4734375 0.40625 0.4724125 0.40640625 0.42421875 0.41234374999999995 0.4189453125
0 0.6259015625 0 0.5386078125 0.032115624999999995 0.43783593749999994 0.070103125 0.3150671875 0.10429999999999999 0.25734375 0.115625 0.258859375 0.12278437499999999 0.323203125 0.1098453125 0.43499999999999994 0.0791015625 0.45046875000000003 0.073828125 0.5062031250000001 0.053525 0.595365625 0.0183453125 0.64109375 0 0.6293859375 0 0.6259015625 0
0 0.729375 0.0005859375 0.7173437500000001 0 0.607653125 0.038615625 0.47406249999999994 0.0875 0.45499999999999996 0.0939453125 0.36875 0.11875 0.29953124999999997 0.1333984375 0.265625 0.1396484375 0.26690625 0.1466328125 0.27359374999999997 0.1458984375 0.37453125 0.1244140625 0.4546875 0.102734375 0.49140625 0.08984375 0.5075000000000001 0.083984375 0.549696875 0.06920937499999999 0.6686078125 0.0255015625 0.729375 0.0005859375
0 0.7822546874999999 0 0.7240624999999999 0.0244140625 0.7081875 0.03066875 0.5809375 0.07890625 0.4544546875 0.12290625 0.37703125000000004 0.14453125 0.3334375 0.15546875 0.294375 0.16328125 0.2828125 0.164453125 0.27953125 0.1650390625 0.27734375 0.1650390625 0.273125 0.165234375 0.27296875 0.1708984375 0.27546875000000004 0.1712890625 0.29609375 0.1705078125 0.30578125 0.1689453125 0.34453125 0.1611328125 0.36296875 0.1568359375 0.48359375 0.1220703125 0.5040625000000001 0.1146484375 0.633821875 0.0679609375 0.719696875 0.034071875 0.798125 0 0.7822546874999999 0
0 0.8403390625 0.412875 0.8468328125 0.4124609375 0.8793218749999999 0.25746250000000004 0.89080625 0.19436875 0.89138125 0.18956718749999998 0.89234375 0.1859546875 0.88619375 0.1861328125 0.8860953125 0.18817343749999998 0.8519390625 0.357303125 0.8403390625 0.412875
0 0 0.3198046875 0.015532812500000001 0.3208875 0.016078125 0.3123703125 0 0.3110078125 0 0.3198046875
0 0.0050999999999999995 0.2535234375 0.07777656250000001 0.2425421875 0.074396875 0.23708749999999998 0 0.24788125 0.00006874999999999999 0.253609375 0.0050999999999999995 0.2535234375
0 0.00061875 0.282228125 0.0352125 0.27525 0.1055421875 0.2622296875 0.1013203125 0.25675 0 0.273340625 0.00061875 0.282228125
0 0.0919125 0.23952187500000002 0.1151765625 0.237059375 0.10873437500000001 0.23095781249999997 0.0933640625 0.23239375 0.08502499999999999 0.23368125 0.0919125 0.23952187500000002
0 0.3143203125 0.4019125 0.30157500000000004 0.390728125 0.2869609375 0.374121875 0.271271875 0.3523984375 0.2363953125 0.30198281250000003 0.23331249999999998 0.3084203125 0.2608421875 0.3497203125 0.2776609375 0.372225 0.306171875 0.40636875000000006 0.31656875 0.41065625 0.32589531250000003 0.412578125 0.33584843750000004 0.40852656249999997 0.334459375 0.40216250000000003 0.3287140625 0.40425000000000005 0.32334999999999997 0.405634375 0.3143203125 0.4019125
0 1 0.1740296875 0.97711875 0.1735640625 0.9776718750000001 0.18324374999999998 1 0.18264375 1 0.1740296875
0 1 0.153609375 0.9775578125 0.1531578125 0.9767671874999999 0.162753125 1 0.16336250000000002 1 0.153609375
0 0.27921874999999996 0.190234375 0.25770624999999997 0.1205609375 0.2528890625 0.1205609375 0.26363593750000003 0.1590078125 0.25659375 0.1478890625 0.25140625 0.1478515625 0.25828125 0.1607421875 0.27178749999999996 0.192821875 0.2796875 0.1921875 0.27921874999999996 0.190234375
0 0.26895625 0.19037656249999999 0.2590046875 0.17590937499999998 0.2539125 0.177646875 0.2636328125 0.1915328125 0.26895625 0.19037656249999999
0 0.23539531249999998 0.1258578125 0.24578125 0.1375 0.24953124999999998 0.133984375 0.2375 0.12109375 0.23539531249999998 0.1258578125
0 0.361078125 0.3023453125 0.3596890625 0.2991625 0.354828125 0.301765625 0.36478125 0.32202031249999996 0.3738078125 0.3388015625 0.375428125 0.33793125 0.37774375 0.336775 0.3784375 0.33388125 0.36848437500000003 0.317390625 0.361078125 0.3023453125
0 0.3527453125 0.3040796875 0.346728125 0.3055265625 0.3564484375 0.3240453125 0.3670953125 0.33995625 0.37103125000000003 0.336484375 0.35876406250000004 0.3171 0.3527453125 0.3040796875
0 0.28955625 0.3550015625 0.2909453125 0.3506625 0.2874734375 0.3466109375 0.28145625 0.340534375 0.2596984375 0.31999374999999997 0.23632031250000002 0.29048281249999997 0.2360890625 0.2988734375 0.265021875 0.333303125 0.28955625 0.3550015625
0 0.166234375 0.3379203125 0.1866734375 0.32838124999999996 0.18422031249999998 0.3236140625 0.17740781249999998 0.3263375 0.1259015625 0.3498421875 0.090203125 0.36619375 0.091565625 0.3706203125 0.1150015625 0.3614234375 0.166234375 0.3379203125
0 0.20765625000000001 0.30760156250000004 0.1921234375 0.3185015625 0.195665625 0.32225000000000004 0.21501562500000002 0.308965625 0.20765625000000001 0.30760156250000004
0 0.1795875 0.3115703125 0.2180125 0.3091859375 0.2180125 0.3047578125 0.20356875 0.3037359375 0.16323749999999998 0.3061203125 0.021256249999999997 0.323834375 0.021131249999999997 0.333 0.11745468750000002 0.3214484375 0.1795875 0.3115703125
0 0.173046875 0.23879062499999998 0.1152734375 0.25275781249999996 0.120725 0.25820937499999996 0.1599671875 0.2483296875 0.21665 0.23368125 0.215559375 0.22652968750000002 0.173046875 0.23879062499999998
0 0.155490625 0.20915625000000002 0.136959375 0.2094953125 0.16938906250000002 0.21869375 0.21765625000000002 0.2287109375 0.2189859375 0.22278125000000001 0.174021875 0.213925 0.155490625 0.20915625000000002
0 0.15277968749999998 0.250046875 0.1468859375 0.2544609375 0.2009859375 0.283259375 0.2195859375 0.2918 0.22046562500000003 0.2830765625 0.20249999999999999 0.2751953125 0.15277968749999998 0.250046875
0 0.2079296875 0.2711515625 0.21665 0.27387812500000003 0.21964687500000002 0.268428125 0.1714125 0.2462859375 0.1616015625 0.2493515625 0.2079296875 0.2711515625
0 0.0373890625 0.1708109375 0.0003796875 0.147840625 0 0.16044375 0.013459375 0.166234375 0.0404390625 0.1788375 0.0510671875 0.18326718749999998 0.0551546875 0.19621093750000002 0.0616953125 0.200640625 0.069325 0.2020015625 0.0747765625 0.1921234375 0.074503125 0.19110156250000002 0.097121875 0.189059375 0.147809375 0.1928046875 0.2241140625 0.1972328125 0.22400781250000001 0.1907625 0.191578125 0.189059375 0.09592500000000001 0.179859375 0.06649374999999999 0.17577343750000002 0.055048437500000005 0.1706625 0.051778124999999994 0.1706625 0.0005453125 0.1372796875 0.0008171875 0.145115625 0.0366296875 0.1665390625 0.0428921875 0.1729453125 0.0373890625 0.1708109375
0 0.03580625 0.1989359375 0.0338984375 0.19825625 0.0434359375 0.2054078125 0.22356875 0.20745312500000002 0.22356875 0.2016625 0.10311718750000001 0.2016625 0.03580625 0.1989359375
0 0.08508281250000001 0.1907875 0.1156046875 0.2025078125 0.1273 0.20113906250000002 0.126325 0.2001234375 0.0979421875 0.1892609375 0.08508281250000001 0.1907875
0 0.870109375 0.42996249999999997 0.8885031250000001 0.38270468750000003 0.9143078125 0.3120921875 0.9602499999999999 0.1942390625 0.9572328125 0.18292187499999998 0.8654890625 0.4258578125 0.870109375 0.42996249999999997
0 0.9000109374999999 0.32734687500000004 0.95685 0.1822 0.950921875 0.1800203125 0.858165625 0.4206265625 0.863046875 0.423678125 0.9000109374999999 0.32734687500000004
0 0.1596125 0.24079531250000002 0.10305625 0.2101921875 0.1019171875 0.2161234375 0.15107187500000002 0.24364218750000002 0.1596125 0.24079531250000002
0 0.14461875 0.2445890625 0.1284375 0.2357421875 0.10943906249999999 0.22244999999999998 0.093565625 0.2061578125 0.0828125 0.206640625 0.1098875 0.23059375000000001 0.1221875 0.240625 0.1366484375 0.24696250000000003 0.14461875 0.2445890625
0 0.13484374999999998 0.2552734375 0.15640625 0.276171875 0.16828125 0.2794921875 0.1403125 0.2533203125 0.13484374999999998 0.2552734375
0 0.2599671875 0.30363125 0.24431250000000002 0.279665625 0.2392109375 0.2814265625 0.25556875 0.3060515625 0.2599671875 0.30363125
0 0.14765625 0.2970703125 0.021234375 0.311390625 0.0214640625 0.318240625 0.126496875 0.3062515625 0.188146875 0.3002578125 0.1771875 0.29369375 0.14765625 0.2970703125
0 0.12828124999999999 0.278515625 0.1528125 0.296484375 0.1603125 0.2943359375 0.12156249999999999 0.2669921875 0.1171875 0.26953125 0.12828124999999999 0.278515625
0 0.23546874999999998 0.1544921875 0.24328124999999998 0.1625 0.24906250000000002 0.1615234375 0.23765624999999999 0.15078125 0.23546874999999998 0.1544921875
1 0.5054609375 0.45628437499999996 0.50529375 0.40451875 0.500953125 0.40493750000000006 0.5012875 0.4558671875 0.5054609375 0.45628437499999996
0 0.9274890625 0.0006015625 0.9214703125 0 0.8983625 0.1251734375 0.891621875 0.16098125000000002 0.89788125 0.16158125 0.9111203124999999 0.092375 0.9274890625 0.0006015625