1 0.7290625000000001 0 0.73615625 0.45137656249999997 0.7518234374999999 0.46361718749999997 0.744140625 0.013428124999999999 0.74453125 0 0.7290625000000001 0
1 0.6796875 0.013428124999999999 0.679359375 0 0.6646703125 0.00091875 0.6764218750000001 0.5174765625 0.685546875 0.5163578125 0.6925796875 0.5162515625 0.685546875 0.15502968749999999 0.6796875 0.013428124999999999
1 0.53453125 0.138671875 0.546875 0.3918453125 0.548828125 0.41381875 0.556640625 0.416259375 0.5511109375000001 0.12466250000000001 0.5751953125 0.1245125 0.578625 0.1219609375 0.577796875 0.10932968750000001 0.5728265625 0.11015781250000001 0.518990625 0.11223125 0.5030875 0.11160937500000001 0.5030875 0.12651718750000002 0.5322265625 0.126953125 0.53453125 0.138671875
1 0.5248437499999999 0.21484375 0.52390625 0.208984375 0.48531250000000004 0.209375 0.48546875 0.21953125 0.506875 0.2193359375 0.5081249999999999 0.383203125 0.51453125 0.3828125 0.513671875 0.22094687500000001 0.5248437499999999 0.21484375
1 0.47531249999999997 0.24609375 0.4658203125 0.24658281249999997 0.4575 0.2455078125 0.4578125 0.251171875 0.46875 0.25756875 0.46875 0.2722171875 0.470703125 0.2746578125 0.470703125 0.3527828125 0.46875 0.355225 0.46875 0.36743125 0.47265625 0.36743125 0.4765625 0.3625484375 0.4765625 0.3479 0.474609375 0.345459375 0.474609375 0.3137203125 0.4765625 0.3112796875 0.474609375 0.2551265625 0.4775390625 0.25146562499999997 0.4833984375 0.25146562499999997 0.48578124999999994 0.2455078125 0.47531249999999997 0.24609375
0 0.72953125 0.0998046875 0.68546875 0.133203125 0.68640625 0.141796875 0.73140625 0.1080078125 0.72953125 0.0998046875
0 0.83859375 0 0.7967187499999999 0.040625 0.7453125 0.08671875 0.74796875 0.0939453125 0.79625 0.0513671875 0.85 0 0.83859375 0
0 0.56859375 0.258984375 0.5971875 0.2328125 0.6287499999999999 0.1931640625 0.6696875 0.132421875 0.66671875 0.123828125 0.615234375 0.19897499999999999 0.5900000000000001 0.2294921875 0.5625 0.2551265625 0.5666984375 0.2575890625 0.56859375 0.258984375
0 0.75578125 0 0.743515625 0.013428124999999999 0.7440625 0.02265625 0.7671875 0 0.75578125 0
0 0.72875 0.0283203125 0.6826171875 0.0708015625 0.68296875 0.080859375 0.7306250000000001 0.0376953125 0.72875 0.0283203125
0 0.7296875 0.060546875 0.68203125 0.09765625 0.6834374999999999 0.1068359375 0.7307812499999999 0.0689453125 0.7296875 0.060546875
0 0.79390625 0 0.7565625 0.03515625 0.7446875000000001 0.046484375 0.74609375 0.055078125 0.78328125 0.020703125 0.8042187500000001 0 0.79390625 0
0 0.51375 0.2478515625 0.52421875 0.2451171875 0.54015625 0.2408203125 0.5392187500000001 0.23515625 0.52015625 0.2408203125 0.515625 0.2421875 0.51328125 0.2431640625 0.51375 0.2478515625
0 1 0.0118140625 0.9912890624999999 0.0266578125 0.9889890625 0.0313640625 0.9852265625 0.042079687500000004 0.9737265624999999 0.06481875000000001 0.9697812499999999 0.072825 0.9444546875000001 0.1134296875 0.9276562500000001 0.1421875 0.9064 0.165965625 0.8856999999999999 0.1850421875 0.8716906249999999 0.1926234375 0.8752984375 0.1973328125 0.8867875 0.1922359375 0.910915625 0.1704 0.9314921875 0.1456703125 0.9520703125000001 0.11302343749999999 0.972646875 0.07914062499999999 0.9927890625 0.0383171875 0.9937984375 0.031101562500000002 1 0.0214828125 1 0.0118140625
0 0.63 0.04765625 0.6628125 0.007421875 0.6626562500000001 0.001953125 0.6590625 0.00078125 0.59765625 0.0767578125 0.57234375 0.1076171875 0.57765625 0.1091796875 0.598125 0.0857421875 0.63 0.04765625
0 0.5955171874999999 0.1871390625 0.5809624999999999 0.2032546875 0.55788125 0.22378749999999997 0.54935625 0.22898437500000002 0.549771875 0.23600156249999998 0.5639109375 0.226646875 0.58865625 0.20351406249999998 0.6131921874999999 0.17570312500000002 0.641678125 0.1390546875 0.6676703125000001 0.10266562500000001 0.6664218749999999 0.0961671875 0.6657984375 0.0959078125 0.6450046875 0.1229390625 0.62275625 0.15335000000000001 0.5955171874999999 0.1871390625
0 0.5532812500000001 0.1880859375 0.5483109374999999 0.18822343749999998 0.5482625 0.1922671875 0.5650125 0.1926953125 0.5793671875 0.19119999999999998 0.59828125 0.1853515625 0.59890625 0.1802734375 0.585690625 0.18436406249999998 0.578684375 0.185859375 0.5739062500000001 0.18671875 0.5684296875 0.1873546875 0.56203125 0.187890625 0.5532812500000001 0.1880859375
0 0.635625 0.1654296875 0.6131249999999999 0.1744140625 0.6095312500000001 0.180859375 0.6364062500000001 0.170703125 0.635625 0.1654296875
0 0.6678124999999999 0.1453125 0.653125 0.15703125 0.6521874999999999 0.1619140625 0.67015625 0.1501953125 0.6678124999999999 0.1453125
0 0.5309375000000001 0.1111328125 0.5725 0.04921875 0.6046875 0.001171875 0.5973437500000001 0.0005859375 0.52609375 0.108203125 0.5309375000000001 0.1111328125
0 0.50828125 0.1115234375 0.54734375 0.04921875 0.576875 0.00078125 0.57140625 0.0001953125 0.503125 0.1080078125 0.50828125 0.1115234375
0 0.536875 0.2642578125 0.5390625 0.253125 0.53640625 0.250390625 0.533125 0.2615234375 0.5276562499999999 0.275 0.51796875 0.29453125 0.52109375 0.29921875 0.5232812499999999 0.2958984375 0.5278125 0.285546875 0.53328125 0.274609375 0.536875 0.2642578125
0 0.5071875 0.2662109375 0.47515625000000006 0.266796875 0.47562499999999996 0.2703125 0.5075000000000001 0.2697265625 0.5071875 0.2662109375
0 0.46828125 0.278125 0.4265625 0.280078125 0.41218750000000004 0.2806640625 0.3725 0.2810546875 0.3728125 0.2845703125 0.41390625 0.28515625 0.46921875 0.28203125 0.46828125 0.278125
0 0.43546874999999996 0.2607421875 0.40406250000000005 0.262890625 0.40374999999999994 0.2671875 0.41453125 0.266796875 0.43828125 0.2650390625 0.46375 0.258984375 0.46343750000000006 0.2552734375 0.43546874999999996 0.2607421875
0 0.5059375 0.24609375 0.484375 0.25078125 0.484375 0.2546875 0.506875 0.25 0.5059375 0.24609375
0 0.44601406250000003 0.154128125 0.41222343749999996 0.1572328125 0.41274531249999996 0.161928125 0.47949062500000006 0.15595 0.49716562499999994 0.154128125 0.4973328125 0.148475 0.44601406250000003 0.154128125
0 0.4670828125 0.19547343749999999 0.522628125 0.18778125 0.52234375 0.183203125 0.46366562499999997 0.189490625 0.46093124999999996 0.19141406249999998 0.40008906250000004 0.1926953125 0.399234375 0.19739374999999998 0.458025 0.197609375 0.4670828125 0.19547343749999999
0 0.5344203125 0.17475000000000002 0.5357875 0.17133281250000001 0.5274125 0.17047812499999998 0.525190625 0.1721875 0.5238234375 0.17517812500000002 0.5227984375 0.1807328125 0.52348125 0.18756875 0.5272421875 0.19013125 0.5356156249999999 0.1907734375 0.5349328125 0.187140625 0.5344203125 0.1873546875 0.53031875 0.18756875 0.5272421875 0.186071875 0.5260453125 0.18414999999999998 0.5257031249999999 0.1798765625 0.525875 0.17709999999999998 0.5274125 0.17453749999999998 0.5344203125 0.17475000000000002
0 0.5232812499999999 0.138671875 0.51828125 0.1380859375 0.515625 0.158203125 0.51265625 0.1693359375 0.50828125 0.183203125 0.514375 0.18359375 0.5175 0.1748046875 0.51859375 0.16875 0.5215625 0.1515625 0.5232812499999999 0.138671875
1 0.0431328125 0.484259375 0.050190625 0.48393125000000003 0.0460078125 0.2078203125 0.046875 0.15502968749999999 0.05358906249999999 0.1441015625 0.05078125 0.14038124999999999 0.0361328125 0.1391609375 0.033460937499999996 0.1411609375 0.0392109375 0.16534218750000002 0.039734375 0.2055328125 0.0423484375 0.4561578125 0.0431328125 0.484259375