1 0.24734324062500002 0.5136218484375 0.24869375 0.36419375 0.246646828125 0.36237495937499997 0.2409140625 0.363253125 0.240625 0.4150390625 0.24024247812500002 0.5139177140625 0.24734324062500002 0.5136218484375
1 0.5084375 0.2388671875 0.504375 0.2412109375 0.47890625 0.2421875 0.47265625 0.241015625 0.46953125 0.2330078125 0.46296875000000004 0.233984375 0.4615625 0.236328125 0.46140625 0.2513671875 0.495625 0.251953125 0.496875 0.2568359375 0.4937046875 0.570259375 0.503125 0.5693359375 0.5046875 0.2626953125 0.505 0.2537109375 0.5415625000000001 0.2552734375 0.54078125 0.239453125 0.53203125 0.2392578125 0.531875 0.244921875 0.52078125 0.24453125 0.5165625 0.2447265625 0.5140625 0.2388671875 0.5084375 0.2388671875
1 0.7109375 0.5224609375 0.70699375 0.0852296875 0.697253125 0.084946875 0.6963468749999999 0.1987796875 0.6997640625 0.5229625 0.7109375 0.5224609375
0 0.6193593749999999 0.172071875 0.64375 0.1337890625 0.6358203125 0.12063125 0.628125 0.1318359375 0.540625 0.2763671875 0.5078125 0.3369140625 0.5125 0.3447265625 0.553125 0.2724609375 0.6193593749999999 0.172071875
0 0.7096250000000001 0.2720078125 0.7098484375 0.2753625 0.70984375 0.2779296875 0.7371328125 0.280115625 0.7432296875 0.28033437499999997 0.746875 0.2802734375 0.746875 0.2751953125 0.7096250000000001 0.2720078125
0 0.60333125 0.285875 0.6697375 0.2790390625 0.6932296874999999 0.2808734375 0.6979625 0.28010156249999996 0.6971390625 0.2708421875 0.5508390624999999 0.2754703125 0.54890625 0.2798828125 0.5841734375 0.280615625 0.5481640624999999 0.28292968749999997 0.5469296875 0.2875609375 0.60333125 0.285875
0 0.76390625 0.2765625 0.763603125 0.2844734375 0.9072281249999999 0.2978484375 0.9144296875 0.2983625 0.9148421875 0.29321875 0.9146359374999999 0.2911609375 0.76390625 0.2765625
0 0.709375 0.2509765625 0.709375 0.2564453125 0.7453125 0.2587890625 0.7454953125 0.2528359375 0.709375 0.2509765625
0 0.875128125 0.2765 0.8745312500000001 0.2705078125 0.7642203125 0.2569515625 0.764425 0.262353125 0.845303125 0.2727890625 0.875128125 0.2765
0 0.6953125 0.2490234375 0.5586578125 0.2602953125 0.5588640625 0.26672656250000004 0.6952875 0.2569515625 0.6953125 0.2490234375
0 0.48943744218749996 0.31788205 0.471310128125 0.3489040484375 0.4772902734375 0.352454759375 0.4967257421875 0.31507885625 0.49078125000000006 0.31015625 0.3585171875 0.36710937499999996 0.24764375 0.4070984375 0.248 0.4155609375 0.33681875 0.3828421875 0.43684375 0.341315625 0.48943744218749996 0.31788205
0 0.5925078125 0.1005859375 0.5925234374999999 0.09961875 0.00032031249999999996 0.1201171875 0.00032031249999999996 0.1298578125 0.0249265625 0.1290296875 0.4752640625 0.11148906249999999 0.59265625 0.1056640625 0.5925078125 0.1005859375
0 0.8541525046875 0.22958434374999998 0.7755671828125 0.2186811453125 0.7739214171875 0.22690997343750002 0.8529181796874999 0.23863605625 0.8541525046875 0.22958434374999998
0 0.536846875 0.28318750000000004 0.5043359374999999 0.28318750000000004 0.504953125 0.2885875 0.5337609375000001 0.28807499999999997 0.536846875 0.28318750000000004
0 0.5401390625 0.27392812499999997 0.504953125 0.27315625 0.504746875 0.27855625 0.5395218749999999 0.2795859375 0.5401390625 0.27392812499999997
0 0.5485734375 0.2603875 0.5076343750000001 0.2601484375 0.507825 0.265384375 0.5483703125 0.2649265625 0.5485734375 0.2603875
0 0.354615625 0.4229421875 0.31118125 0.4328578125 0.3133625 0.437815625 0.3564015625 0.42814687500000004 0.354615625 0.4229421875
0 0 0.1989359375 0.1889609375 0.20261562500000002 0.478125 0.208984375 0.58015625 0.210546875 0.58125 0.2041015625 0.3069453125 0.19768593750000002 0 0.190109375 0 0.1989359375
0 0 0.26313125 0.123271875 0.26716562499999996 0.39841875 0.275684375 0.4956015625 0.27926875 0.4962359375 0.2725453125 0.2957640625 0.26492343749999997 0 0.254615625 0 0.26313125
0 0.32732656250000003 0.25282187500000003 0.000271875 0.242959375 0 0.2517359375 0.1924921875 0.2555125 0.40730000000000005 0.2617875 0.4937265625 0.26492343749999997 0.49236250000000004 0.2573046875 0.32732656250000003 0.25282187500000003
0 0.3195890625 0.09135 0.0005468749999999999 0.0983015625 0.00075625 0.10435781250000001 0.3222984375 0.097828125 0.5732015625 0.09074375 0.571334375 0.085078125 0.3195890625 0.09135
0 0.2674546875 0.0811953125 0.0009625 0.0871015625 0.001278125 0.094584375 0.21075624999999998 0.0898578125 0.4396765625 0.0819828125 0.5700875 0.0784390625 0.5696546875 0.0725328125 0.2674546875 0.0811953125
0 0 0.07875 0.0567921875 0.07875 0.392059375 0.070875 0.56546875 0.0669921875 0.565625 0.0603515625 0.2861125 0.06575625 0 0.0724515625 0 0.07875
0 0 0.057487500000000004 0.0572609375 0.05551874999999999 0.41247656250000003 0.04528125 0.5709375 0.040234375 0.570534375 0.03465 0.33128281249999997 0.0409515625 0 0.0511875 0 0.057487500000000004
0 0 0.050006249999999995 0.2772671875 0.0417375 0.570534375 0.032287500000000004 0.5700828125 0.02795625 0.42782968749999994 0.030712499999999997 0 0.0437078125 0 0.050006249999999995
0 0 0.042525 0.27870625000000004 0.03425625 0.5656734375 0.0252 0.5642171874999999 0.020475 0.4306234375 0.023625 0 0.0354375 0 0.042525
0 0 0.0354375 0.14270624999999998 0.030712499999999997 0.3987921875 0.020475 0.5666890625 0.01456875 0.568959375 0.0133875 0.5695890625 0.00905625 0.4005828125 0.014109374999999999 0.5743140624999999 0.007087499999999999 0.5743750000000001 0.0013671875 0.36622499999999997 0.01063125 0 0.02480625 0 0.0354375
0 0.46788749999999996 0 0.23688125000000002 0.0074796875 0 0.01850625 0 0.0252 0.28797812500000003 0.0133875 0.4845390625 0.0035437499999999996 0.4822484375 0 0.46788749999999996 0
0 0.6521484375 0.29688906249999997 0.648121875 0.2910171875 0.647675 0.28039375 0.6418609375 0.2806734375 0.6416375000000001 0.2932546875 0.6503593750000001 0.305275 0.66310625 0.3117046875 0.6794328125 0.3136625 0.6870359374999999 0.311984375 0.69218125 0.3100265625 0.6959828124999999 0.3066734375 0.6959828124999999 0.301640625 0.695759375 0.2918546875 0.6932954109375 0.281049265625 0.68944264375 0.2820631515625 0.6899437500000001 0.287103125 0.6919562499999999 0.2960484375 0.6908390625 0.30248125 0.686365625 0.306953125 0.6763015625000001 0.3080703125 0.6680265624999999 0.3063921875 0.6593046874999999 0.302759375 0.6521484375 0.29688906249999997
0 0.491053125 0.36361875 0.4719609375 0.38594531249999997 0.4754515625 0.3910765625 0.49454374999999995 0.3690078125 0.491053125 0.36361875
0 0 0.2998484375 0.134809375 0.3020390625 0.21403906250000002 0.3025328125 0.337715625 0.3009 0.446078125 0.294903125 0.4614859375 0.292375 0.49730937500000005 0.290115625 0.498015625 0.2840203125 0.3974328125 0.2840203125 0 0.288084375 0 0.29519375000000003 0 0.2998484375
0 0.27765625 0.3869140625 0.2496875 0.3728515625 0.2486455875 0.378165153125 0.2756288296875 0.392356340625 0.27765625 0.3869140625
0 0.3271875 0.4099609375 0.3615625 0.41328125 0.36234375 0.4083984375 0.32203125 0.40390625 0.31375000000000003 0.4015625 0.30093749999999997 0.39609375 0.29578125 0.3994140625 0.3140625 0.4076171875 0.3271875 0.4099609375
0 0.8878125000000001 0.3021484375 0.8340624999999999 0.29765625 0.82875 0.296875 0.76515625 0.287109375 0.76453125 0.29296875 0.8265625 0.3029296875 0.8875 0.3083984375 0.8878125000000001 0.3021484375
0 0.6235937500000001 0.187890625 0.620625 0.18515625 0.6051562500000001 0.2056640625 0.59609375 0.205859375 0.59484375 0.2123046875 0.59984375 0.2126953125 0.5640625 0.2576171875 0.5703125 0.258203125 0.6051562500000001 0.2146484375 0.6628125 0.21328125 0.66203125 0.2076171875 0.619375 0.206640625 0.64921875 0.190625 0.6453125 0.1861328125 0.61203125 0.2037109375 0.6235937500000001 0.187890625
0 0.5570484375 0.21042968750000002 0.51296875 0.2375 0.5165625 0.2427734375 0.56303125 0.21437656249999998 0.5570484375 0.21042968750000002
0 0.5657109375 0.22563593750000002 0.5400046875 0.23825156249999999 0.54140625 0.24453125 0.5679953125 0.2315875 0.5657109375 0.22563593750000002
0 0.5278125 0.2095703125 0.47390625000000003 0.237109375 0.47859375000000004 0.241796875 0.53453125 0.2126953125 0.5278125 0.2095703125