1 0.671171875 0.053028125 0.6724218750000001 0.0493171875 0.673828125 0.0446296875 0.660078125 0.044434375 0.661171875 0.0231453125 0.636484375 0.0243171875 0.636953125 0.034278125 0.648671875 0.036426562499999995 0.6503609375 0.0535015625 0.6505468750000001 0.063184375 0.641328125 0.063965625 0.641953125 0.07216875 0.654296875 0.07255937500000001 0.658203125 0.1731453125 0.641609375 0.175678125 0.6439843749999999 0.20185625 0.6458390625 0.23002812499999997 0.6635156249999999 0.2301765625 0.6648765625 0.24148437500000003 0.672109375 0.41669999999999996 0.678359375 0.47919999999999996 0.684609375 0.48310624999999996 0.686171875 0.40302812499999996 0.6796828125000001 0.313165625 0.676796875 0.2292 0.69166875 0.227678125 0.6908593749999999 0.19209062500000001 0.6869531249999999 0.17353593750000001 0.672109375 0.17451250000000001 0.6634640625 0.0794078125 0.6607031250000001 0.052832812500000007 0.671171875 0.053028125
1 0.5671875 0.2138671875 0.56171875 0.201171875 0.55546875 0.201171875 0.54905625 0.201615625 0.5509453125 0.23172500000000001 0.5581046875 0.23302343749999999 0.5625 0.2841796875 0.5546875 0.2900390625 0.5546875 0.2998046875 0.553859375 0.3134546875 0.5620953125 0.31644375 0.5634234375 0.3220890625 0.5652828125 0.3430078125 0.57451875 0.466465625 0.5828125 0.4658203125 0.5737796875 0.34306875 0.5803828125 0.34169375 0.5797218749999999 0.3251859375 0.5729 0.3251859375 0.571359375 0.3163828125 0.5812625 0.31418124999999997 0.5796875 0.2978515625 0.5782984375 0.2819109375 0.5695328125 0.2839015625 0.5671875 0.2138671875
1 0.5476546875 0.3673296875 0.540775 0.3522875 0.5390625 0.3095703125 0.53359375 0.30078125 0.530115625 0.30369531250000004 0.5328125 0.4052734375 0.540625 0.4091796875 0.5455453125 0.40225937500000003 0.5476546875 0.3673296875
0 0.9993265625 0.09352812499999999 0.9273374999999999 0.1516265625 0.8363609375 0.218584375 0.838525 0.22366875 0.8439375 0.2204984375 0.9477437500000001 0.1445421875 1 0.101321875 0.9993265625 0.09352812499999999
0 1 0.126475 0.966165625 0.1505640625 0.833528125 0.23594374999999998 0.8300218750000001 0.2411 0.8308687499999999 0.24613437500000002 0.9630484375 0.16083750000000002 0.9877062499999999 0.14348125 1 0.1346484375 1 0.126475
0 0.81015625 0 0.7466421875 0.077840625 0.7168984375 0.11104687499999999 0.671003125 0.15705625 0.6708453125 0.1661 0.7401078125 0.098040625 0.7592218749999999 0.075678125 0.8192187499999999 0 0.81015625 0
0 0.9571765624999999 0 0.8841390625000001 0.0668703125 0.829425 0.1150078125 0.78046875 0.15625 0.7543953125 0.17388125000000001 0.7296828125 0.188703125 0.690053125 0.2090296875 0.6909375 0.2166015625 0.75520625 0.182271875 0.7587765625 0.18038437499999999 0.764253125 0.17593281249999998 0.8250484374999999 0.1300875 0.8972640625 0.06628125 0.9657218750000001 0 0.9571765624999999 0
0 0.66055625 0 0.6419374999999999 0.023021875 0.6496703125 0.025509375 0.66921875 0 0.66055625 0
0 0.841465625 0.285415625 0.8185062500000001 0.29617031250000003 0.8190734375 0.302546875 0.8453968749999999 0.2899375 0.841465625 0.285415625
0 0.9437765625000001 0.2409046875 0.9800531250000001 0.2192921875 1 0.20583125 0.999609375 0.198390625 0.9420765624999999 0.234171875 0.9437765625000001 0.2409046875
0 0.843778125 0 0.7502359375000001 0.10782031249999999 0.6815390625 0.172390625 0.68698125 0.1755921875 0.7206625 0.15574062500000002 0.7606421875 0.1245921875 0.7618750000000001 0.1265625 0.70265625 0.1783203125 0.6975 0.1828125 0.6910890625 0.187571875 0.689446875 0.188940625 0.6902671875 0.194759375 0.6911421875 0.19612812500000001 0.7302984375 0.1749078125 0.799578125 0.12596093749999998 0.8669390625 0.06400781250000001 0.9305031250000001 0 0.92045 0 0.81171875 0.103515625 0.7834375 0.126171875 0.7200078125 0.1745640625 0.7739515625 0.12493281249999999 0.8895078125 0 0.8791015625 0 0.796953125 0.0869390625 0.7750468749999999 0.1088453125 0.8752765625000001 0 0.8671875 0 0.7950765625 0.0750875 0.734375 0.1341796875 0.8361109375 0.021220312499999998 0.8521875 0 0.843778125 0
0 0.697021875 0 0.6644765625 0.0405171875 0.6730125 0.0491875 0.70703125 0.0158203125 0.7217015625000001 0 0.71140625 0 0.6772828125 0.036515625 0.7066953125000001 0 0.697021875 0
0 0.6048625000000001 0.243590625 0.5867578124999999 0.2691984375 0.57421875 0.2791015625 0.579371875 0.2837890625 0.5889015625 0.27723906249999997 0.607753125 0.2522890625 0.6109546875 0.24781875000000003 0.632496875 0.212321875 0.6444093750000001 0.1882015625 0.6408125 0.1823765625 0.6310671875 0.2018984375 0.6048625000000001 0.243590625
0 0.6140796875000001 0.296 0.59645 0.3040390625 0.5878734375 0.30493281250000004 0.582871875 0.3055296875 0.5823437499999999 0.309375 0.598125 0.3091796875 0.6152703125000001 0.3010625 0.6140796875000001 0.296
0 0.638784375 0.25074375 0.65234375 0.231640625 0.64796875 0.2283203125 0.633309375 0.24991406249999998 0.6465828124999999 0.22668593750000002 0.64343125 0.221915625 0.6098656250000001 0.2715796875 0.6012890625 0.2834921875 0.593428125 0.2918296875 0.5891390624999999 0.29391406249999996 0.580325 0.2957015625 0.581278125 0.3010625 0.6062921875 0.2974890625 0.62296875 0.2837890625 0.652746875 0.2510328125 0.6603703125 0.234953125 0.6555421875 0.23228437500000002 0.6484375 0.246484375 0.6364062500000001 0.2607421875 0.6108484375 0.28414375000000003 0.6104125 0.2814390625 0.638784375 0.25074375
0 0.5923734375 0.287821875 0.60078125 0.27890625 0.6286859375 0.2373359375 0.6446875000000001 0.2080078125 0.642503125 0.20100625 0.6132 0.2489484375 0.5910453125 0.279621875 0.5796875 0.2875 0.581040625 0.29331874999999996 0.5923734375 0.287821875
0 0.5760734375000001 0.181771875 0.572940625 0.18730625 0.567221875 0.1935609375 0.56198125 0.19743125 0.5612671875 0.1998140625 0.5634375 0.205078125 0.5715109375 0.1980265625 0.5829453124999999 0.1810546875 0.6051015625 0.138171875 0.629275 0.0713328125 0.6410734375 0.03275625 0.6370234375 0.028884375 0.5998593750000001 0.1328125 0.5760734375000001 0.181771875
0 0.6016546875000001 0.1830234375 0.5900921875 0.196240625 0.6060531250000001 0.17063124999999998 0.63154375 0.1057140625 0.6444093750000001 0.0729578125 0.640359375 0.0687890625 0.6251125 0.1075 0.605 0.157421875 0.592328125 0.181115625 0.5819921875 0.1998140625 0.571034375 0.211428125 0.5734171875 0.21787499999999999 0.5953328124999999 0.2027921875 0.6165359375 0.17331093749999998 0.62890625 0.150390625 0.640359375 0.124175 0.6553671875 0.0872515625 0.65078125 0.0845703125 0.624159375 0.1468078125 0.6016546875000001 0.1830234375
0 0.8056468750000001 0.302303125 0.7925046874999999 0.308396875 0.7944125 0.3136953125 0.8094609374999999 0.3078671875 0.8056468750000001 0.302303125
0 0.755625 0.2666015625 0.740575 0.27421875 0.7399390625 0.2803125 0.7581671875 0.2710390625 0.755625 0.2666015625
0 0.56839375 0.3677703125 0.5478296874999999 0.362496875 0.5464249999999999 0.368646875 0.5678671875 0.37282187499999997 0.56839375 0.3677703125
0 0.5472328125 0.291815625 0.5522546875 0.24923281249999998 0.5540468749999999 0.2313 0.54974375 0.23107656250000003 0.545440625 0.27523125 0.543109375 0.29450625 0.5413171875 0.30436718749999997 0.5386265625 0.319384375 0.5423921875 0.32229687500000004 0.5472328125 0.291815625
0 0.5429296875 0.292040625 0.54974375 0.232646875 0.5508203125 0.20597500000000002 0.5484890625000001 0.205078125 0.5418546875 0.264696875 0.536475 0.3032453125 0.5395234375 0.3099703125 0.5429296875 0.292040625