1 0.26328125 0 0.2617921875 0.06282499999999999 0.224971875 0.0619046875 0.2245890625 0.081171875 0.2609375 0.0830078125 0.260990625 0.13528125 0.2262296875 0.1357484375 0.2252234375 0.147296875 0.2609375 0.1474609375 0.2625 0.4697265625 0.2640625 0.5048828125 0.27569374999999996 0.504428125 0.27284687500000004 0.1468546875 0.3108984375 0.14511875000000002 0.3110671875 0.13343906249999998 0.27265625 0.134765625 0.271875 0.0908203125 0.27578125 0.080078125 0.3126734375 0.080125 0.312334375 0.06176875 0.27400625 0.06295625 0.2743125 0 0.26328125 0
1 0.3484375 0.2214125 0.348603125 0.1851078125 0.3584359375 0.18115781250000002 0.3625421875 0.18013125000000002 0.36808593749999996 0.17672656250000002 0.3661859375 0.168015625 0.348175 0.17467656250000002 0.3471046875 0.1578234375 0.3654578125 0.1533921875 0.36586875 0.1442578125 0.35031406249999997 0.1463203125 0.344109375 0.14337968750000002 0.34068437500000004 0.14311093749999998 0.336190625 0.1476578125 0.3196203125 0.1474265625 0.3199375 0.1569296875 0.337475 0.1599625 0.3390625 0.227271875 0.3170890625 0.2299453125 0.31875 0.238990625 0.33828125 0.2419203125 0.340625 0.250709375 0.340625 0.281959375 0.323003125 0.2834515625 0.32384843750000003 0.29506875 0.340625 0.2995375 0.34496875 0.447134375 0.346875 0.481178125 0.3559515625 0.48374375000000003 0.3515625 0.31125625 0.353125 0.29563125 0.3609375 0.289771875 0.3515625 0.281959375 0.349459375 0.2404796875 0.3705953125 0.2380421875 0.37143906250000003 0.23381875000000002 0.37003125 0.22783437499999998 0.35078125 0.2282484375 0.3484375 0.2214125
1 0.36729531249999997 0.327765625 0.3804296875 0.32694531250000003 0.3793640625 0.318546875 0.3677875 0.3179140625 0.3682796875 0.29205468749999997 0.37774375 0.2893265625 0.3779671875 0.28405 0.36844375 0.2838453125 0.3677875 0.2678359375 0.37866875 0.2653109375 0.377475 0.25983125 0.36959375 0.259421875 0.3680765625 0.25519375 0.362084375 0.255728125 0.360234375 0.2590125 0.3515625 0.2607421875 0.35089375 0.265021875 0.3610140625 0.26856874999999997 0.3603734375 0.2824765625 0.35625 0.2880859375 0.3604890625 0.2927953125 0.3609375 0.3037109375 0.36105624999999997 0.3205828125 0.3496078125 0.32153437500000004 0.349234375 0.3263296875 0.3615484375 0.32756093750000004 0.36122031250000003 0.3374125 0.35071093750000004 0.33885 0.35038281250000003 0.344390625 0.36122031250000003 0.3456203125 0.3615484375 0.3511640625 0.35071093750000004 0.351984375 0.35218906250000004 0.3577296875 0.360159375 0.3595171875 0.3613015625 0.3798171875 0.36665156250000003 0.3791125 0.367434375 0.3595171875 0.37774375 0.35731718749999997 0.37890625 0.35546875 0.37958125 0.351303125 0.368084375 0.3505328125 0.36828906250000004 0.3451421875 0.3851921875 0.345415625 0.3846984375 0.336796875 0.36729531249999997 0.336796875 0.36729531249999997 0.327765625
0 0.24630312499999998 0.061987499999999994 0.252403125 0.058703125 0.22901875 0.02340625 0.21335625 0 0.20659062499999997 0.000771875 0.2234640625 0.028034375 0.24630312499999998 0.061987499999999994
0 0.2006234375 0.019290625 0.2353421875 0.061120312499999996 0.24154218749999998 0.055460937499999995 0.2273734375 0.0398671875 0.203915625 0.014660937499999999 0.2006234375 0.019290625
0 0.22920625 0.06144375 0.20379999999999998 0.0379703125 0.199934375 0.04234375 0.2240515625 0.0651265625 0.22920625 0.06144375
0 0.25939999999999996 0.1244984375 0.24154218749999998 0.08215625 0.2411734375 0.08169531249999999 0.23436093750000003 0.082615625 0.2535078125 0.12841093750000002 0.25939999999999996 0.1244984375
0 0.28738281250000003 0.0669671875 0.27559999999999996 0.042803125 0.27394375000000004 0.052468749999999995 0.2816765625 0.06880937499999999 0.28738281250000003 0.0669671875
0 0.2533234375 0 0.26234531250000004 0.018640625 0.2638171875 0.009665625 0.2606875 0 0.2533234375 0
0 0.3081859375 0.0612125 0.2752328125 0.015187500000000001 0.2743125 0.0246234375 0.302846875 0.066046875 0.3081859375 0.0612125
0 0.31186875000000003 0 0.3146296875 0.014959375 0.324571875 0.0487875 0.33525 0.0892890625 0.3501609375 0.132321875 0.35586875 0.1452109375 0.3630484375 0.14336875 0.3545796875 0.12426875 0.3324875 0.05615 0.317575 0 0.31186875000000003 0
0 0.30229531249999997 0 0.31334062500000004 0.0416515625 0.3297265625 0.1007953125 0.34298125 0.1385375 0.345375 0.1459 0.3523703125 0.1475109375 0.337459375 0.10148593749999998 0.3190484375 0.037740625 0.3089234375 0 0.30229531249999997 0
0 0.32199374999999997 0.12564999999999998 0.328253125 0.14705 0.3337765625 0.1452109375 0.314078125 0.078703125 0.30800312500000004 0.0810046875 0.32199374999999997 0.12564999999999998
0 0.2932734375 0.079625 0.28609375 0.081465625 0.303584375 0.12219687500000001 0.31996875 0.1498125 0.3253078125 0.1463609375 0.31334062500000004 0.1258796875 0.2932734375 0.079625
0 0.3075 0.128125 0.27718750000000003 0.0939453125 0.27320781250000004 0.0989546875 0.3034 0.13278281249999999 0.3075 0.128125
0 0.36265625 0.16953125 0.35531250000000003 0.155859375 0.35046875 0.1578125 0.35875 0.1712890625 0.36265625 0.16953125
0 0.36109375 0.1541015625 0.361875 0.1708984375 0.36671875 0.1712890625 0.3661734375 0.15316875000000002 0.36109375 0.1541015625
0 0.37015625 0.2259765625 0.3671875 0.17734375 0.361875 0.17890625 0.36546875 0.2267578125 0.37015625 0.2259765625
0 0.37890625 0.2642578125 0.37671875 0.265625 0.37390625 0.26796875 0.39 0.2861328125 0.41171875 0.3103515625 0.42953125 0.323828125 0.436875 0.32265625 0.41734375 0.30703125 0.4021875 0.291015625 0.37890625 0.2642578125
0 0.337090625 0.20780156249999998 0.32754374999999997 0.15718749999999998 0.3219484375 0.1578046875 0.328696875 0.1962796875 0.313225 0.1469 0.308121875 0.148959375 0.3234296875 0.1954578125 0.3271875 0.20703125 0.3369265625 0.2277578125 0.34005312499999996 0.2252890625 0.337090625 0.20780156249999998
0 0.325 0.229296875 0.32953125 0.2271484375 0.30874999999999997 0.1921875 0.28453125 0.14765625 0.2796875 0.15 0.30281250000000004 0.1953125 0.325 0.229296875
0 0.32 0.2287109375 0.27484375 0.1572265625 0.273125 0.1673828125 0.2934375 0.1994140625 0.315625 0.2328125 0.32 0.2287109375
0 0.27203125 0.1810546875 0.31124999999999997 0.2431640625 0.3146875 0.2392578125 0.27390625 0.1728515625 0.27203125 0.1810546875
0 0.39415 0.31213125 0.40978125 0.3280234375 0.4177015625 0.3327125 0.41999531250000005 0.3285453125 0.4083234375 0.31968593749999996 0.37705781250000003 0.28711875 0.3755984375 0.291546875 0.3833109375 0.300665625 0.39415 0.31213125
0 0.36703125000000003 0.23874843750000002 0.36863437499999996 0.25634375 0.3740453125 0.2560265625 0.3720203125 0.23874843750000002 0.36703125000000003 0.23874843750000002
1 0.49984375 0.36171875 0.49984375 0.3673828125 0.50609375 0.3673828125 0.5059375 0.383984375 0.51046875 0.383984375 0.5103125000000001 0.3666015625 0.51734375 0.3666015625 0.51734375 0.3615234375 0.51125 0.36171875 0.5115624999999999 0.3302734375 0.505625 0.3306640625 0.50546875 0.36171875 0.49984375 0.36171875