1 0.55796875 0.4451171875 0.55859375 0.4797359375 0.564453125 0.4797359375 0.5621875000000001 0.3404296875 0.5595703125 0.33935624999999997 0.5575 0.33984375 0.55796875 0.4451171875
1 0.58890625 0.2412109375 0.5823437499999999 0.242578125 0.5828125 0.2498046875 0.5895312500000001 0.2498046875 0.588990625 0.2544828125 0.58875 0.2619140625 0.5830031250000001 0.263078125 0.583125 0.2685546875 0.5895312500000001 0.2697265625 0.5900000000000001 0.29140625 0.58125 0.2912109375 0.5772390625 0.2895234375 0.5756249999999999 0.2919921875 0.5746536171875001 0.30159743125 0.5830071515624999 0.301075334375 0.5852695671875 0.3132575734375 0.590109375 0.318271875 0.589090625 0.44376718750000005 0.592696875 0.44376718750000005 0.5953125 0.44296875 0.597921875 0.30118125 0.61050420625 0.299335015625 0.6106782374999999 0.289067128125 0.59703125 0.290625 0.59596875 0.22549843749999998 0.5871796875 0.2218359375 0.5818234375 0.2246203125 0.581903125 0.23063906250000002 0.589375 0.2318359375 0.58890625 0.2412109375
0 0.7046234375 0 0.6793109375 0.0434390625 0.6809375 0.0521484375 0.71296875 0 0.7046234375 0
0 1 0.21186875 0.9544734375000001 0.2333203125 0.8795 0.268821875 0.8823359375000001 0.27558906250000004 0.9287750000000001 0.2524828125 0.9756640624999999 0.23219375000000003 1 0.22065625 1 0.21186875
0 0.71390625 0.312890625 0.734609375 0.3160546875 0.7343015625 0.3100171875 0.7157765625 0.306953125 0.7034765625 0.304390625 0.69453125 0.30234375 0.6945781249999999 0.309215625 0.71390625 0.312890625
0 0.8033857078125 0 0.766801990625 0.0393138453125 0.7503124999999999 0.055859375 0.7226140625 0.08146875 0.71321875 0.0906421875 0.71498125 0.0943125 0.7152734374999999 0.0939453125 0.73890625 0.0765625 0.7461 0.06972500000000001 0.754815625 0.06115 0.8118609375 0 0.8033857078125 0
0 0.70859375 0.0388671875 0.6813953125000001 0.076696875 0.6831578125 0.085871875 0.7133953125 0.0436703125 0.742753125 0.0003671875 0.735 0 0.70859375 0.0388671875
0 0.6437468749999999 0.329690625 0.6425578125 0.331390625 0.6411984375 0.333090625 0.6231359375000001 0.358853125 0.6136484375 0.371096875 0.617015625 0.3726265625 0.618719965625 0.372174653125 0.625790015625 0.3647420359375 0.640275 0.3446984375 0.656496875 0.319065625 0.67890625 0.275 0.6796875 0.2732421875 0.6781921875 0.26682656250000003 0.657109375 0.30644218749999996 0.6437468749999999 0.329690625
0 0.6788390625 0.2854 0.6528234375 0.337046875 0.6586390625 0.33628281250000003 0.660475 0.333603125 0.6800640625 0.2953484375 0.6788390625 0.2854
0 0.665678125 0.338578125 0.6812875 0.3095015625 0.6812875 0.302615625 0.6804718750000001 0.298459375 0.6601703125 0.33628281250000003 0.665678125 0.338578125
0 0.627 0 0.622284375 0.0339765625 0.6111890625 0.10747812500000001 0.6046875 0.134375 0.5917734375 0.19242187500000002 0.58373125 0.2222375 0.58816875 0.22362500000000002 0.593715625 0.2073296875 0.609525 0.144921875 0.620896875 0.08736875 0.6306046875 0.0260015625 0.6342109375 0 0.627 0
0 0.6354421875 0 0.6260109375 0.0551265625 0.6143625 0.121346875 0.6029687499999999 0.1775390625 0.59203125 0.2185546875 0.5896874999999999 0.2224609375 0.594946875 0.2257046875 0.606040625 0.18722031249999999 0.6224046875 0.115453125 0.6340546875 0.0516578125 0.642653125 0 0.6354421875 0
0 0.6443749999999999 0 0.64234375 0.01328125 0.6362734375 0.04403125 0.6235140625 0.11406562499999999 0.61546875 0.154296875 0.609375 0.182421875 0.60265625 0.210546875 0.59609375 0.2357421875 0.5996609375 0.23888125 0.6102015625 0.2021296875 0.62989375 0.113025 0.6476453125 0.020803125 0.6506968750000001 0 0.6443749999999999 0
0 0.6670609375 0.064834375 0.6419900828125 0.0952412640625 0.6465359375 0.100196875 0.6684484375 0.0717671875 0.6670609375 0.064834375
0 0.6299652515624999 0.2669604953125 0.6217543140624999 0.2764948703125 0.6158199390625 0.2818683078125 0.6105496265625 0.2842933078125 0.6061121265625 0.2863729953125 0.6080527515624999 0.2898417453125 0.6210886890625 0.2853339328125 0.6320668140625 0.2725886203125 0.6448793140625 0.2518854953125 0.6660215015625 0.2100979953125 0.6764418140624999 0.1876276828125 0.6740980640625 0.1811823703125 0.6621386890625 0.2066308078125 0.6485480640625 0.2340214328125 0.6361293140625001 0.2565729953125 0.6299652515624999 0.2669604953125
0 0.6065953125 0.2801390625 0.610478125 0.28395156250000003 0.627953125 0.2659234375 0.652915625 0.210796875 0.6720531249999999 0.1615640625 0.6681703125 0.160178125 0.65515625 0.191015625 0.6440390625 0.21772968750000002 0.6318359375 0.24512031250000002 0.6253124999999999 0.259375 0.6168750000000001 0.2701171875 0.6065953125 0.2801390625
0 0.6143625 0.24304062499999998 0.6054859375 0.2648828125 0.5966109375 0.28083125 0.6004937499999999 0.2825640625 0.6113109375 0.26904374999999997 0.62185 0.2416546875 0.6387703124999999 0.197621875 0.6601265625 0.1255078125 0.6615140625 0.11718593749999999 0.655134375 0.11822656250000001 0.6498640625000001 0.14006875000000002 0.64171875 0.1677734375 0.630171875 0.2024765625 0.6143625 0.24304062499999998
0 0.5985515625 0.26626875 0.6126968749999999 0.22882656250000002 0.6340546875 0.152203125 0.6412656250000001 0.11822656250000001 0.6387703124999999 0.10886562500000001 0.6354421875 0.1244671875 0.6235140625 0.1719671875 0.610625 0.2169921875 0.59546875 0.26171875 0.5966109375 0.2634953125 0.5985515625 0.26626875
0 0.6032671875 0.2985140625 0.5963328125 0.331103125 0.597996875 0.3349171875 0.6085375 0.298165625 0.6032671875 0.2985140625
0 0.7521875 0.309375 0.7411171875 0.30935625 0.74125 0.3158203125 0.751875 0.315625 0.7753125 0.312109375 0.781875 0.3107421875 0.7787499999999999 0.305859375 0.7521875 0.309375
0 0.8434953125 0.2834828125 0.8260937500000001 0.290625 0.8274703125 0.295725 0.84375 0.2890625 0.8434953125 0.2834828125
1 0.665 0 0.6720312500000001 0.105078125 0.6700649328125 0.10519184374999999 0.6684375 0.0931640625 0.66125 0.0935546875 0.6615624999999999 0.1048828125 0.6503125 0.1052734375 0.64640625 0.0966796875 0.6390828125 0.09758750000000001 0.6385203125000001 0.11657500000000001 0.6700649328125 0.11798544531249999 0.671841821875 0.1234938015625 0.66508964375 0.125093003125 0.6649119546875 0.13344438281249998 0.655009375 0.1381015625 0.65625 0.14526406249999999 0.661421875 0.160775 0.673828125 0.15991249999999999 0.6746848453125 0.1737797671875 0.6798437500000001 0.2748046875 0.689453125 0.4992671875 0.6904 0.507365625 0.699875 0.5051078125 0.698521875 0.4926984375 0.6980703125 0.47521250000000004 0.6875 0.18920937499999999 0.6875 0.16479531249999999 0.693519871875 0.1652507 0.6965405828125 0.16276305468750002 0.69765625 0.152734375 0.6971875 0.1369140625 0.685546875 0.13061562499999999 0.6841023578125001 0.1117663328125 0.7155532984375 0.1098117546875 0.71484375 0.0988765625 0.71510625 0.092296875 0.7090625 0.0916015625 0.7067187500000001 0.10078125 0.7 0.1021484375 0.6938752484374999 0.102526509375 0.69316449375 0.0991504203125 0.683391603125 0.099505796875 0.67578125 0 0.665 0
1 0.7414 0.33475625 0.7404859375 0.2993125 0.73445 0.30022812499999996 0.7360953125 0.3345265625 0.7414 0.33475625
0 0.7244453125 0.24666875 0.6926227328125 0.1673532875 0.68773650625 0.16959280937500001 0.7194406250000001 0.25038125 0.7244453125 0.24666875
0 0.8443859375 0.20597812499999998 0.8773 0.18762812499999998 0.9431296874999999 0.1497109375 0.983471875 0.12293125 1 0.11276875 0.9992656249999999 0.10064999999999999 0.978675 0.11480937499999999 0.8568890625 0.1900765625 0.7823015625 0.2295578125 0.7402390624999999 0.24597656250000002 0.7564062500000001 0.23607968750000002 0.7681250000000001 0.228125 0.8256249999999999 0.189453125 0.8759218750000001 0.1535609375 0.9692734375000001 0.085321875 1 0.062082812499999994 0.9989140624999999 0.056342187499999995 0.9519140625 0.0912140625 0.838478125 0.17359843749999998 0.74070625 0.238459375 0.6911390625 0.2656265625 0.6921828125 0.2730609375 0.71828125 0.2607421875 0.7503124999999999 0.2490234375 0.774275 0.2400296875 0.694215625 0.282834375 0.6943718750000001 0.289871875 0.7523359375 0.258965625 0.7918999999999999 0.2337515625 0.8443859375 0.20597812499999998