1 0.375196875 0.224515625 0.375 0.23071250000000001 0.3742890625 0.23612656250000003 0.39625468750000004 0.23722500000000002 0.3971328125 0.250771875 0.373996875 0.2489390625 0.37487499999999996 0.2555296875 0.3957078125 0.2578890625 0.39259218749999997 0.4759953125 0.3984375 0.474853125 0.40625 0.2648921875 0.4091796875 0.2587890625 0.422878125 0.2569203125 0.42334062499999997 0.25055625 0.403203125 0.250265625 0.4038984375 0.23840468750000002 0.427275 0.23695781249999998 0.42613124999999996 0.22659375 0.4091796875 0.224609375 0.375196875 0.224515625
1 0.4296875 0.3137203125 0.4375 0.3210453125 0.435546875 0.423584375 0.4353234375 0.4312046875 0.434878125 0.4487328125 0.439453125 0.4479984375 0.44140625 0.44555625 0.44140625 0.3942875 0.44323281249999996 0.3786671875 0.443359375 0.325928125 0.45703125 0.306396875 0.45703125 0.28930625 0.4482421875 0.28564531249999997 0.4345703125 0.2880859375 0.42578125 0.3015140625 0.4296875 0.3137203125
0 0.254703125 0.27335 0.2553796875 0.253265625 0.250475 0.253265625 0.249121875 0.2731390625 0.254703125 0.27335
0 0.2611296875 0.1427 0.251665625 0.24472812500000002 0.2559046875 0.24617343749999998 0.26011562499999996 0.20971718749999999 0.26654218749999997 0.142278125 0.2611296875 0.1427
0 0.26823281250000003 0.1272671875 0.2723421875 0.07194843749999999 0.2678125 0.0716171875 0.2624828125 0.136146875 0.26755625 0.136146875 0.26823281250000003 0.1285359375 0.26823281250000003 0.1272671875
0 0.27280000000000004 0.0291734375 0.2638359375 0.0033828125 0.2594390625 0.0038046875 0.268909375 0.032134375 0.27280000000000004 0.0291734375
0 0.3192453125 0 0.325953125 0.021279687499999998 0.329390625 0.01756875 0.323921875 0 0.3192453125 0
0 0.311121875 0.1150796875 0.2935203125 0.07615625000000001 0.29126875 0.0868078125 0.2994578125 0.10664375 0.32086875 0.1519734375 0.29162499999999997 0.1306484375 0.2883765625 0.13775781250000002 0.3090140625 0.1505828125 0.32641875 0.1606078125 0.3307015625 0.1578890625 0.311121875 0.1150796875
1 0.334059375 0.158015625 0.30634375 0.16510625 0.28738437499999997 0.1853765625 0.291015625 0.0695796875 0.28988125 0.058771874999999994 0.2902203125 0.0450296875 0.2900390625 0 0.27550625 0.00021093750000000002 0.2731375 0.058137499999999995 0.2695859375 0.14417968750000001 0.2578125 0.52368125 0.2646484375 0.5322265625 0.27702031250000003 0.5332296875 0.279296875 0.511475 0.2869828125 0.19840312499999999 0.302678125 0.180271875 0.3116140625 0.1738921875 0.33294687500000003 0.1722046875 0.3567609375 0.16914374999999998 0.36455000000000004 0.166084375 0.36343749999999997 0.15968593749999999 0.355521875 0.15631875 0.334059375 0.158015625
0 0.23626874999999997 0.032134375 0.2367765625 0.0433375 0.24151093750000002 0.055600000000000004 0.248784375 0.0646921875 0.254703125 0.06765 0.269925 0.06765 0.2711078125 0.0672265625 0.2721234375 0.0627875 0.254534375 0.06152031249999999 0.250475 0.05686875 0.2455703125 0.050103125000000005 0.24269531249999998 0.0340375 0.24286406249999998 0.00021093750000000002 0.23711406249999997 0 0.23626874999999997 0.032134375
0 0.1700484375 0.26997499999999997 0.2013875 0.26375000000000004 0.22774531250000002 0.25725 0.23725468749999998 0.2548109375 0.2576546875 0.251734375 0.2635890625 0.25115468750000003 0.263046875 0.246165625 0.1005765625 0.25085625 0.1005765625 0.257303125 0.1831015625 0.2567171875 0.20935937500000001 0.25642343749999996 0.203990625 0.2577328125 0.149784375 0.26892031250000004 0.1296484375 0.27078281249999997 0.1296484375 0.2754734375 0.1430109375 0.2754734375 0.1700484375 0.26997499999999997
0 0.2245984375 0.1477734375 0.271615625 0.13995156250000002 0.2709390625 0.135721875 0.1963546875 0.1471390625 0.110946875 0.16088125 0.065959375 0.1668 0.06663593749999999 0.1714515625 0.1325953125 0.16278281249999998 0.2245984375 0.1477734375
0 0.33218749999999997 0 0.3314859375 0.006765625 0.3309796875 0.012682812500000001 0.327765625 0.020295312500000003 0.32320000000000004 0.0281171875 0.3201546875 0.0327671875 0.316603125 0.0369953125 0.31237499999999996 0.0408015625 0.2988453125 0.04946875 0.3032421875 0.0399546875 0.30645625 0.025790625 0.30966875 0.0071874999999999994 0.3100078125 0 0.3047640625 0.00042187500000000005 0.30375 0.0154328125 0.30104375 0.028328125 0.2991828125 0.038053125 0.2949546875 0.0450296875 0.2919109375 0.05433281250000001 0.29038906249999996 0.057715625000000007 0.2920796875 0.0632109375 0.2971546875 0.0564453125 0.30104375 0.05433281250000001 0.3061171875 0.050949999999999995 0.311190625 0.04735625 0.31795625 0.0427046875 0.3211703125 0.0395328125 0.32692031250000003 0.032556249999999995 0.33250156249999996 0.0228328125 0.33774375 0.006765625 0.33774375 0 0.33218749999999997 0
0 0.30104375 0.0035937499999999997 0.29038906249999996 0.0105703125 0.29038906249999996 0.0162796875 0.30391875 0.006765625 0.30104375 0.0035937499999999997
0 0.27550625 0.00824375 0.265865625 0 0.2607921875 0.00148125 0.274153125 0.014374999999999999 0.27550625 0.00824375
0 0.3265625 0.03125 0.33779375 0.0638203125 0.35528125 0.1152203125 0.37205625000000003 0.160821875 0.38115625 0.1833515625 0.38716249999999997 0.1972921875 0.3904359375 0.20253281250000002 0.3956109375 0.2116796875 0.3997140625 0.2177015625 0.4045328125 0.2241703125 0.4059375 0.223046875 0.406875 0.22109375 0.40007187499999997 0.20961875000000002 0.3891859375 0.1902140625 0.3736828125 0.15207656249999998 0.3606359375 0.11222499999999999 0.34332656250000004 0.0624828125 0.33187500000000003 0.0259765625 0.3265625 0.03125
0 0.396109375 0.15920937500000001 0.385171875 0.12542031250000002 0.365796875 0.0558140625 0.352984375 0 0.3471875 0.0001953125 0.35203125 0.023828125 0.3621875 0.0673828125 0.37296874999999996 0.1033203125 0.38640625 0.1494859375 0.39968750000000003 0.184725 0.40970312499999995 0.209209375 0.42095312500000004 0.2277640625 0.425484375 0.2242484375 0.416109375 0.209209375 0.396109375 0.15920937500000001
0 0.3475765625 0.1972921875 0.3591796875 0.2128625 0.3663453125 0.2224609375 0.3736828125 0.22736718749999998 0.3759015625 0.2233140625 0.365321875 0.212009375 0.36225 0.20795781249999998 0.3364859375 0.1727640625 0.33068437500000003 0.17553749999999999 0.3475765625 0.1972921875
0 0.302359375 0.18065625000000002 0.30560156250000003 0.188334375 0.31600937500000004 0.2064640625 0.3308546875 0.2314203125 0.33597343749999997 0.24315000000000003 0.341434375 0.2610671875 0.347234375 0.2602125 0.34058125 0.23909843749999998 0.33324375 0.22416874999999997 0.3067953125 0.1776703125 0.302359375 0.18065625000000002
0 0.3127671875 0.2619203125 0.2878546875 0.22416874999999997 0.2856375 0.2314203125 0.3090140625 0.2657578125 0.3127671875 0.2619203125
0 0.5440765625 0.27423593749999997 0.4560859375 0.255953125 0.42706406250000006 0.2493828125 0.42620781250000006 0.254525 0.4479171875 0.2590953125 0.494309375 0.26937968749999996 0.566296875 0.283946875 0.65396875 0.29985 0.7089640625 0.30623125 0.73695625 0.3070859375 0.7367265625 0.302515625 0.7024484375 0.300803125 0.6433718749999999 0.2924234375 0.5440765625 0.27423593749999997