1 0.388503125 0.14801718749999998 0.3927921875 0.14526406249999999 0.393509375 0.1380046875 0.38595625 0.134278125 0.3508 0.13671875 0.32841875 0.1408203125 0.3107609375 0.15502968749999999 0.313934375 0.1069984375 0.3446875 0.1033203125 0.3453125 0.116015625 0.35953124999999997 0.1150390625 0.36343749999999997 0.10625 0.36171875 0.09609375 0.3586125 0.0927734375 0.3146671875 0.0891109375 0.3197125 0.030226562499999998 0.36336875 0.02835625 0.3640109375 0.008293749999999999 0.3560921875 0.0090953125 0.3545953125 0.0181890625 0.3434671875 0.0189921875 0.33833125000000003 0.019528125 0.3357625 0.0048140625 0.3282734375 0.004546875000000001 0.325409375 0.017090625 0.27658125 0.017090625 0.274559375 0.0064203125 0.26685625 0.006153125000000001 0.2658390625 0.01586875 0.266815625 0.026856249999999998 0.3068546875 0.032959375 0.3029484375 0.0866703125 0.2899671875 0.0882734375 0.2604359375 0.0866703125 0.2599796875 0.0964359375 0.266815625 0.10498125 0.2990421875 0.10864218750000001 0.29453125 0.2240234375 0.2814640625 0.462646875 0.2814078125 0.5085140625 0.2931828125 0.5090328125 0.3040625 0.2494140625 0.3053125 0.2521484375 0.311875 0.252734375 0.31671875 0.2419921875 0.31421875 0.234375 0.30671875000000004 0.2232421875 0.3088078125 0.16967812499999999 0.32345625 0.1513671875 0.3429875 0.14404375 0.388503125 0.14801718749999998
1 0.4409109375 0.2524203125 0.4353296875 0.2524203125 0.4338078125 0.25622500000000004 0.420446875 0.25622500000000004 0.41435781250000003 0.2570703125 0.41131406249999997 0.251153125 0.40640937499999996 0.25284375 0.4060703125 0.2598203125 0.4077625 0.2627796875 0.4187546875 0.2651046875 0.4283953125 0.265528125 0.428734375 0.27335 0.40877656250000005 0.27461718749999997 0.4081 0.2843421875 0.4243359375 0.2828625 0.42261249999999995 0.47703125 0.42913281249999996 0.47741875 0.43600625 0.28180625 0.4539328125 0.28370937500000004 0.45342656249999996 0.273771875 0.4365140625 0.2735609375 0.43600625 0.2653171875 0.455078125 0.2624515625 0.45494843749999997 0.2515734375 0.45004375 0.2515734375 0.4468296875 0.25918593749999996 0.4409109375 0.2524203125
0 0.0493265625 0.20487656250000003 0.011221875000000001 0.22282031249999998 0.014615624999999998 0.22640781250000003 0.05219843749999999 0.209771875 0.0493265625 0.20487656250000003
0 0.1762453125 0.145290625 0.14635 0.160628125 0.14858125 0.1650890625 0.17981562499999998 0.149475 0.1762453125 0.145290625
0 0.259459375 0.10318125 0.19520781250000002 0.1360875 0.1978859375 0.14250156249999998 0.26570625 0.10708593749999999 0.259459375 0.10318125
0 0.2989484375 0.144175 0.28489375 0.10820156249999999 0.2790921875 0.11043125000000001 0.2960484375 0.15449375 0.2989484375 0.144175
0 0.2329125 0.045178125 0.2126578125 0.0154703125 0.2014546875 0 0.1945390625 0.0002796875 0.2288953125 0.0496390625 0.2592375 0.089796875 0.2619140625 0.0839390625 0.2329125 0.045178125
0 0.27598124999999996 0.0293921875 0.3019703125 0.0853421875 0.30279531249999997 0.0837953125 0.304653125 0.078896875 0.2821703125 0.028103125 0.27598124999999996 0.0293921875
0 0.3300234375 0.026556249999999997 0.31661562499999996 0.0376421875 0.317028125 0.0448625 0.33744843750000003 0.02861875 0.3300234375 0.026556249999999997
0 0.089134375 0.0664609375 0.008071875000000001 0 0.00226875 0.001546875 0.049503124999999995 0.04099375 0.135721875 0.112671875 0.2146109375 0.175140625 0.274840625 0.22129218750000001 0.29443593749999997 0.23573125 0.2948484375 0.2277375 0.272365625 0.213040625 0.19501718750000002 0.1529671875 0.1657265625 0.129246875 0.089134375 0.0664609375
0 0.019829687500000002 0.00045624999999999995 0.07572656250000001 0.0478984375 0.1652171875 0.12350000000000001 0.25642343749999996 0.19611875 0.29540781250000003 0.223103125 0.2953125 0.215234375 0.25972343750000004 0.19010156250000002 0.18608750000000002 0.13208906250000002 0.109409375 0.0687703125 0.028140625000000002 0 0.019829687500000002 0.00045624999999999995
0 0.36055000000000004 0.089725 0.3413671875 0.0299078125 0.3347671875 0.03068125 0.35498124999999997 0.0925609375 0.36055000000000004 0.089725
0 0.392934375 0.11628125 0.367975 0.027071875000000002 0.36240625 0.029134375 0.38715781250000003 0.11602343749999999 0.392934375 0.11628125
0 0.3364171875 0.13793906250000001 0.319296875 0.1113828125 0.313934375 0.11473437500000001 0.3304359375 0.140775 0.3364171875 0.13793906250000001
0 0.587234375 0.1905375 0.6285937500000001 0.2021484375 0.6304078125 0.197240625 0.5089171875 0.1588234375 0.4239359375 0.1281421875 0.36453281249999997 0.1051953125 0.3624703125 0.1103515625 0.4261421875 0.1353609375 0.486371875 0.1572765625 0.53649375 0.17403437500000002 0.587234375 0.1905375
0 0.3740625 0.119921875 0.43218750000000006 0.158203125 0.519025 0.207553125 0.5879171875 0.2415875 0.6203000000000001 0.2573140625 0.62195 0.2519 0.579459375 0.23204687499999999 0.4961296875 0.188990625 0.43651875 0.15418125 0.3764953125 0.11602343749999999 0.3740625 0.119921875
0 0.35609375 0.135546875 0.35765625 0.1169921875 0.35281250000000003 0.116796875 0.351875 0.1359375 0.35609375 0.135546875
0 0.3775 0.1328125 0.366875 0.11328125 0.3628125 0.1142578125 0.37312500000000004 0.1369140625 0.3775 0.1328125
0 0.36671875 0.209375 0.3878125 0.2376953125 0.392890625 0.23500625 0.37859375 0.216015625 0.355415625 0.17978125 0.3372703125 0.14600312499999998 0.333128125 0.14871718750000001 0.3514703125 0.18446562500000002 0.36671875 0.209375
0 0.375928125 0.1476796875 0.38265625000000003 0.1662109375 0.39640624999999996 0.19765625 0.4114296875 0.2255859375 0.42203125 0.2423828125 0.42796874999999995 0.2419921875 0.41320468750000006 0.21794375000000002 0.40359375000000003 0.1994140625 0.3921015625 0.174553125 0.38105625 0.1476796875 0.375928125 0.1476796875
0 0.43984375 0.246875 0.44015624999999997 0.246484375 0.44375 0.2458984375 0.4190625 0.19375 0.41 0.1669921875 0.3990625 0.135546875 0.39437500000000003 0.13515625 0.41234374999999995 0.19375 0.42640625 0.225 0.43984375 0.246875
0 0.6121187499999999 0.2735671875 0.59046875 0.2724609375 0.590934375 0.27715 0.6121187499999999 0.2779453125 0.6121187499999999 0.2735671875
0 0.5496875 0.265234375 0.4546875 0.249609375 0.45531249999999995 0.2546875 0.5493750000000001 0.2703125 0.5496875 0.265234375
0 0.4503125 0.248046875 0.33234375 0.2275390625 0.3325 0.2326171875 0.4496875 0.253125 0.4503125 0.248046875
0 0.5627984374999999 0.3255078125 0.5630015625 0.3199546875 0.549071875 0.3161703125 0.48306250000000006 0.2957328125 0.4432953125 0.2828625 0.4406703125 0.2833671875 0.4368359375 0.2861421875 0.470378125 0.296784375 0.5627984374999999 0.3255078125
0 0.4055453125 0.313225 0.41546562500000006 0.314934375 0.4247015625 0.3155765625 0.42504375000000005 0.31172656249999997 0.41218750000000004 0.309375 0.39921562499999996 0.30467187500000004 0.3831375 0.2971875 0.3713359375 0.2894921875 0.3566265625 0.275809375 0.34875781250000004 0.2664 0.33421875 0.2347578125 0.32015625000000003 0.1978515625 0.31390625 0.18359375 0.3116421875 0.17916875000000002 0.3090765625 0.1845140625 0.31489218750000003 0.2005484375 0.32019375 0.2142328125 0.32765625 0.23125 0.33558750000000004 0.24801406250000002 0.3424296875 0.262125 0.3448234375 0.26896718750000004 0.35046875 0.2777328125 0.363809375 0.2894921875 0.385190625 0.30467187500000004 0.4055453125 0.313225
0 0.325 0.225390625 0.30640625 0.2216796875 0.30609375 0.2267578125 0.32640625 0.2302734375 0.325 0.225390625
0 0.40921874999999996 0.2716796875 0.3471875 0.2533203125 0.34640624999999997 0.25859375 0.4078125 0.276953125 0.40921874999999996 0.2716796875
0 0.40578125 0.2603515625 0.34015625 0.2443359375 0.34125 0.2494140625 0.4046875 0.266015625 0.40578125 0.2603515625
0 0.35109375 0.2931640625 0.315625 0.249609375 0.3128125 0.255078125 0.346875 0.2974609375 0.3646875 0.31640625 0.36859375 0.3123046875 0.35109375 0.2931640625
0 0.3753125 0.3060546875 0.31828124999999996 0.2431640625 0.31546875 0.248046875 0.3715625 0.3107421875 0.3753125 0.3060546875