1 0.61598125 0.31575156249999997 0.615625 0.4384765625 0.621875 0.4423828125 0.6241421875000001 0.3160734375 0.61598125 0.31575156249999997
1 0.61328125 0.154296875 0.5912328125 0.15581406250000002 0.589934375 0.15419218750000002 0.5879859374999999 0.1466171875 0.5819265625 0.1477 0.5827921875000001 0.16311875 0.6114437500000001 0.165628125 0.613134375 0.25274375 0.6216765625 0.25131875 0.6267234375 0.1658234375 0.6546406250000001 0.16339062499999998 0.6546875 0.1513671875 0.65269375 0.14742968750000002 0.6470671875 0.14742968750000002 0.64576875 0.15500468750000002 0.63408125 0.153109375 0.633215625 0.14499375 0.6260749999999999 0.145534375 0.61328125 0.154296875
1 0.2630640625 0.25077812499999996 0.2579921875 0.2481515625 0.2497703125 0.2439984375 0.25036562500000004 0.3035703125 0.2565921875 0.3076234375 0.2572921875 0.259740625 0.2637640625 0.262146875 0.2630640625 0.25077812499999996
1 0.102846875 0.1268078125 0.0955 0.1268078125 0.0939265625 0.1342421875 0.08605625 0.134025 0.08553125 0.1440828125 0.096375 0.1440828125 0.096375 0.16266562499999998 0.0890625 0.2958984375 0.078125 0.3056640625 0.078184375 0.3109015625 0.0886796875 0.31505625 0.0890296875 0.3283921875 0.0921875 0.3291015625 0.0969 0.3297046875 0.1078125 0.3193359375 0.10756874999999999 0.310246875 0.0984375 0.2939453125 0.0984375 0.2646484375 0.10547031250000001 0.151953125 0.1128171875 0.14911093749999998 0.1125 0.1376953125 0.1061703125 0.1375234375 0.102846875 0.1268078125
1 0.857884375 0.201390625 0.857884375 0.435265625 0.865625 0.4384765625 0.8662000000000001 0.2018234375 0.857884375 0.201390625
0 0.8581203125 0.317940625 0.6705671875 0.3136578125 0.67028125 0.31936875 0.8581203125 0.3243640625 0.8581203125 0.317940625
0 0.8566921875 0.310446875 0.6708515625 0.2990296875 0.6708515625 0.305809375 0.856978125 0.316871875 0.8566921875 0.310446875
0 0.9991406250000001 0.31544374999999997 0.865828125 0.3150859375 0.8661125000000001 0.3218671875 0.99885625 0.3232921875 0.9991406250000001 0.31544374999999997
0 0.6985421875 0.1907125 0.6828421875 0.2267546875 0.65629375 0.2788515625 0.6605749999999999 0.2829703125 0.669425 0.26655625 0.685125 0.23551093750000002 0.70196875 0.19661718749999998 0.7485 0.08016562499999999 0.77733125 0 0.769053125 0.000234375 0.7613453125 0.0245 0.744503125 0.071959375 0.7168125 0.14511093749999998 0.6985421875 0.1907125
0 0.7523234375000001 0 0.7376515625 0.0400203125 0.714528125 0.0967578125 0.6836984375 0.1795421875 0.6625734375000001 0.2285328125 0.644303125 0.259578125 0.6483 0.26671875 0.6642859375 0.241740625 0.6831265625 0.203915625 0.7039671875 0.1561 0.7459296875 0.0571484375 0.7679109375000001 0 0.75991875 0 0.7470718749999999 0.035025 0.7011125 0.1499265625 0.7156703125 0.1099609375 0.7405062499999999 0.048228125 0.7584906250000001 0 0.7523234375000001 0
0 0.745290625 0 0.71975 0.0590640625 0.6885890625 0.12834375 0.6602390625 0.184853125 0.6295890625 0.2429609375 0.6323984375 0.245834375 0.6638140625 0.18932500000000002 0.674796875 0.1692109375 0.703403125 0.10855 0.737628125 0.030648437499999997 0.7498890625 0 0.745290625 0
0 0.7122984375 0 0.6702015625 0.101953125 0.6523453124999999 0.14654687500000002 0.6556109375 0.150090625 0.687425 0.077703125 0.7106234375 0.019134375000000002 0.7178 0 0.7122984375 0
0 0.6596093749999999 0.0293046875 0.629809375 0.1444515625 0.6349781250000001 0.1460765625 0.6734703125 0.0006921875 0.6676546875 0 0.6596093749999999 0.0293046875
0 0.586940625 0.1484640625 0.6122046875 0.000234375 0.6064484375 0 0.5821609375000001 0.14875 0.586940625 0.1484640625
0 0.1643453125 0.219046875 0.23995000000000002 0.236265625 0.3254859375 0.25068125 0.39532500000000004 0.2558890625 0.4850265625 0.25949218749999997 0.5622328125 0.2558890625 0.5619125 0.24988125 0.4875890625 0.253884375 0.4017328125 0.2494796875 0.3203609375 0.24427500000000002 0.2357859375 0.22945937500000002 0.16146093749999998 0.2114375 0.11704218749999999 0.1955390625 0.11436874999999999 0.201025 0.1643453125 0.219046875