1 0.25655678125 0.13669826875 0.23744678125 0.137002859375 0.235669590625 0.1371244328125 0.23552750625000002 0.11851516718749999 0.2490094296875 0.11872985 0.2509986890625 0.123275625 0.2585294421875 0.121713015625 0.25795459374999996 0.116251296875 0.257108540625 0.109070078125 0.2372159890625 0.10864391250000001 0.2357950953125 0.102677578125 0.2255646328125 0.1035299140625 0.22475146875 0.108926296875 0.22307145312499999 0.27050614687499996 0.211704275 0.2723528671875 0.21198845312499998 0.28030797343749997 0.2220768234375 0.2808761984375 0.22398428125 0.517798171875 0.23201865625 0.516363796875 0.23401235781250002 0.2815864734375 0.244100728125 0.281018253125 0.2436744546875 0.2760463125 0.243958625 0.2715005359375 0.23401235781250002 0.271784646875 0.23451709375 0.21879035937500002 0.24388584375 0.21695754687500002 0.24324365625 0.190474734375 0.2402892203125 0.18647225625 0.2382999609375 0.18064798124999998 0.23403727343749997 0.1803638703125 0.2344635375 0.1753919296875 0.25898646875 0.1745415796875 0.2581339234375 0.1648818078125 0.249168121875 0.16326264375 0.2344049484375 0.1630350875 0.2345328859375 0.14863092656250002 0.25795459374999996 0.145548171875 0.25655678125 0.13669826875
1 0.33468593750000003 0.4441859375 0.3362234375 0.44610781250000003 0.33984375 0.44555625 0.3410046875 0.4345796875 0.3422438234375 0.300662728125 0.357589509375 0.300520671875 0.3581578671875 0.29228145625 0.353042634375 0.291855290625 0.3427734375 0.29052812499999997 0.318088575 0.2907188453125 0.3195094765625 0.3009468421875 0.325193065625 0.3012309515625 0.333984375 0.3015140625 0.333984375 0.423584375 0.33468593750000003 0.4441859375
1 0.3652110890625 0.3454424265625 0.3646738796875 0.34812787031250003 0.3643157359375 0.3492020421875 0.354234375 0.349475 0.354071078125 0.3558609359375 0.3648154140625 0.3578302578125 0.3671875 0.4504390625 0.373046875 0.45288125 0.37269459843749997 0.3574721953125 0.38334843749999997 0.3557734375 0.3834140625 0.3491609375 0.372553065625 0.3490230140625 0.3728046875 0.346875 0.383476478125 0.3452633984375 0.3840137 0.3398925234375 0.383476478125 0.3379232015625 0.35498124999999997 0.3378453125 0.3550039640625 0.34508436875 0.3652110890625 0.3454424265625
1 0.4059430078125 0.3811388671875 0.3857421875 0.380859375 0.3851706125 0.387046834375 0.392578125 0.3894046875 0.393475 0.48361093750000006 0.3984140625 0.48338281250000004 0.3990127203125 0.38982144218750003 0.4058515625 0.38635312499999996 0.4059430078125 0.3811388671875
1 0.412745309375 0.4179641171875 0.413103453125 0.4059691609375 0.3977032265625 0.406506253125 0.39893889531250004 0.41814315312500006 0.401624978125 0.4197544171875 0.401284675 0.4219027625 0.4011578125 0.48361093750000006 0.4062796875 0.48429687499999996 0.40791035156250005 0.418501209375 0.412745309375 0.4179641171875
1 0.5029296875 0.400390625 0.5 0.404053125 0.5 0.4187015625 0.5015421875 0.4565546875 0.501953125 0.455321875 0.5029296875 0.45654374999999997 0.505859375 0.455321875 0.505859375 0.404053125 0.5029296875 0.400390625
1 0.9591453124999999 0 0.966796875 0.2771 0.962890625 0.4406734375 0.9677734375 0.45166093749999997 0.9765625 0.4504390625 0.982421875 0.3210453125 0.9789 0 0.9591453124999999 0
0 0.09359375 0 0.13547499999999998 0.051103125000000006 0.16609374999999998 0.0876953125 0.22296875 0.1470703125 0.22405468750000002 0.13878125 0.1559171875 0.06413125 0.101663790625 0 0.09967453125 0 0.09359375 0
0 0.125893778125 0 0.16954375 0.05611406249999999 0.22301723281250002 0.11785243281249999 0.2250064921875 0.10861883125 0.18625 0.0650390625 0.1328125 0 0.125893778125 0
0 0.1546875 0 0.18575358125000002 0.041601109375 0.2152868625 0.0767834546875 0.24323750312499998 0.109071909375 0.251717246875 0.10583496875000001 0.22623344531249998 0.0778624359375 0.1996875 0.046484375 0.161528125 0 0.1546875 0
0 0.63015625 0 0.624511365625 0.0003922609375 0.5841578953125001 0.01616041875 0.5162625000000001 0.041384375 0.45673892031249996 0.06304795937499999 0.4013671875 0.0805671875 0.35117656249999996 0.09475781250000001 0.2574234375 0.1166390625 0.2602375 0.1213265625 0.27734375 0.11840781250000001 0.3552875 0.101321875 0.4498171875 0.0739234375 0.4564390625 0.071640625 0.5845343749999999 0.022548437499999997 0.63765625 0 0.63015625 0
0 0.265528125 0.14689687499999998 0.3476158859375 0.131659103125 0.4340045640625 0.108363653125 0.6648878546875 0.0260194625 0.72578125 0 0.711259375 0.000284375 0.65625 0.021875 0.5992436031249999 0.0430067125 0.4423828125 0.09765625 0.34234375 0.125 0.26415781250000003 0.14004531250000002 0.265528125 0.14689687499999998
0 0.7818342640625 0 0.6917885078125 0.037042793750000004 0.5801722093749999 0.07930054375 0.4793248890625 0.114746875 0.40377957656249996 0.13661875 0.37361551406250004 0.1458484375 0.3423123890625 0.1532703125 0.27043426406250004 0.16722187500000002 0.2712795765625 0.171875 0.2725561390625 0.174734375 0.372306075 0.1533216796875 0.4869175 0.12127927187500001 0.5053197234375 0.1145891625 0.5713056828124999 0.09017196718750001 0.6943461234375 0.0438614546875 0.7978858265625 0 0.7818342640625 0
0 0.9650203125000001 0.1538125 0.9638171874999999 0.15030468749999998 0.8176937499999999 0.173340625 0.608709375 0.1904296875 0.5265359375 0.19370937500000002 0.422134375 0.1940234375 0.243315625 0.19232968749999999 0.2431015625 0.1984828125 0.32399374999999997 0.20169375 0.24374375 0.20115781250000003 0.24374375 0.20838125000000002 0.2475453125 0.2081734375 0.261053125 0.20752031249999997 0.44729062500000005 0.2044 0.680496875 0.1984265625 0.9400375000000001 0.180478125 0.9622249999999999 0.1782234375 0.962615625 0.17185 0.8015015625 0.18333125 0.9657765625 0.160375 0.9655250000000001 0.156915625 0.9650203125000001 0.1538125
0 0.887965625 0.189853125 0.8874703125 0.191315625 0.8667875 0.2895609375 0.851059375 0.3758 0.84196875 0.41661093749999994 0.8472875 0.4203046875 0.8531968750000001 0.398884375 0.8692249999999999 0.317615625 0.8903437500000001 0.208621875 0.8940234374999999 0.1906953125 0.894246875 0.18817187500000002 0.894471875 0.185928125 0.8888624999999999 0.1839640625 0.887965625 0.189853125
0 0.33387656250000003 0.4056109375 0.333125 0.4041015625 0.3234375 0.4046875 0.3182296875 0.40470937500000004 0.311971875 0.401096875 0.28838125 0.375821875 0.26703125 0.3470703125 0.25109375 0.3236328125 0.240959375 0.30691562499999997 0.2349421875 0.3021015625 0.2328125 0.3087890625 0.24703124999999998 0.3287109375 0.25484375 0.34140625 0.2740625 0.368359375 0.28934375 0.3878578125 0.3013796875 0.400796875 0.31341562500000003 0.409825 0.322321875 0.4122296875 0.33171093749999997 0.4122296875 0.3336359375 0.4119296875 0.33387656250000003 0.4056109375
0 0.23734843749999998 0.2903671875 0.2356640625 0.2891640625 0.23421875 0.29728750000000004 0.2433671875 0.3072171875 0.2710484375 0.33820937500000003 0.2999359375 0.36649375 0.30359375 0.362890625 0.28531249999999997 0.3439453125 0.2528125 0.3087890625 0.23734843749999998 0.2903671875
0 0.26840156249999997 0.3225625 0.272975 0.318953125 0.26375000000000004 0.30625 0.242403125 0.276525 0.2387921875 0.28284375 0.25234375 0.3009765625 0.26840156249999997 0.3225625
0 0 0.1888671875 0.054843750000000004 0.225 0.089690625 0.2503765625 0.10546875 0.2625 0.11395 0.267346875 0.13798593750000002 0.27847656249999997 0.1564578125 0.2859859375 0.1675 0.290625 0.1865234375 0.2978515625 0.21437499999999998 0.3025390625 0.22218749999999998 0.3029296875 0.224375 0.3017578125 0.2246875 0.2970703125 0.21078125 0.2958984375 0.2234375 0.292578125 0.22234375 0.2892578125 0.19 0.289453125 0.1708984375 0.283203125 0.1181640625 0.2587890625 0.10218750000000001 0.2482421875 0.054971875 0.2142125 0.0361328125 0.1977546875 0.0246875 0.1931640625 0 0.176953125 0 0.1888671875
0 0 0.3196484375 0.01546875 0.3181640625 0.01515625 0.312890625 0 0.314453125 0 0.3196484375
0 0 0.33456406250000004 0.015356249999999998 0.3325296875 0.015312500000000001 0.3255859375 0 0.326953125 0 0.33456406250000004
0 0.2217909609375 0.30249414375 0.18730971093749998 0.30283945624999997 0.1183159609375 0.31199258125 0.0442534609375 0.32114258125 0.020540960937499998 0.32319726875 0.020598773437500002 0.32994258125 0.0231331484375 0.32959258125 0.0848816 0.32343265 0.0980409609375 0.32202539375 0.1625284609375 0.31339883125 0.1828034609375 0.30952695625 0.2011529109375 0.30959589374999996 0.2225379265625 0.3093556796875 0.2217909609375 0.30249414375
0 0.12109375 0.27421875 0.15523208125000001 0.2977101625 0.1607735859375 0.294300821875 0.12625 0.27109375 0.12109375 0.27421875
0 0.118725 0.25808437500000003 0.14250000000000002 0.2537109375 0.13984375 0.2501953125 0.13328125 0.250390625 0.11328125 0.25390625 0.118725 0.25808437500000003
0 1 0.17185 0.9803921875 0.1708484375 0.9807921875 0.18136875 1 0.18186875 1 0.17185
0 1 0.152309375 0.998028125 0.152309375 0.9799906249999999 0.1518078125 0.9803921875 0.1608265625 1 0.161328125 1 0.152309375
0 0.25451718749999996 0.1222484375 0.2649375 0.16333124999999998 0.259728125 0.14830000000000002 0.25251250000000003 0.149303125 0.272137878125 0.1914546453125 0.2788295984375 0.1907856375 0.2779 0.18756875 0.258525 0.1212453125 0.25451718749999996 0.1222484375
0 0.2521125 0.1763578125 0.2625470796875 0.19218154375000002 0.2685453125 0.189384375 0.25772343750000004 0.17235 0.2521125 0.1763578125
0 0 0.2803890625 0.10089062499999998 0.263178125 0.096384375 0.2569203125 0 0.27256562500000003 0 0.2803890625
0 0.1853375 0.322909375 0.1654796875 0.3326484375 0.1046453125 0.3605 0.0888734375 0.367071875 0.0916265625 0.372078125 0.1273140625 0.35675625 0.1885109375 0.3279546875 0.1853375 0.322909375
0 0.31358437499999997 0.275415625 0.3090089421875 0.26702716875 0.332311646875 0.292170984375 0.34118125 0.2907171875 0.3225 0.271875 0.30134375 0.243978125 0.2844296875 0.207534375 0.2802 0.207534375 0.2837609375 0.2200546875 0.27619375 0.2078125 0.27218906249999997 0.2089265625 0.2966703125 0.25176875 0.30245625 0.2704078125 0.3204828125 0.293778125 0.325825 0.291828125 0.31358437499999997 0.275415625
0 0 0.1614078125 0.0249515625 0.1707640625 0.051359375 0.185840625 0.0582203125 0.19623593749999999 0.067578125 0.19935624999999998 0.0754796875 0.19753437499999998 0.074646875 0.1918171875 0.074646875 0.1907765625 0.0771421875 0.18895937499999998 0.14368125 0.191296875 0.22290312499999998 0.19649531250000002 0.22331875 0.1897390625 0.0983515625 0.18012187500000001 0.06570625 0.178821875 0.0461609375 0.167125 0 0.1364546875 0 0.1439921875 0.051359375 0.1783 0 0.1465921875 0 0.1614078125
0 0.044914062500000004 0.20533125000000002 0.2253984375 0.2081921875 0.22498281250000002 0.199875 0.039090625000000004 0.1980546875 0.045121875 0.20507187500000001 0.044914062500000004 0.20533125000000002
0 0.1602234375 0.2417578125 0.0997046875 0.20758749999999998 0.0937 0.20897031250000003 0.10128593749999999 0.21489375000000002 0.15295468750000002 0.2437328125 0.1602234375 0.2417578125
0 0.1515328125 0.24827499999999997 0.12203125 0.231640625 0.0900671875 0.20640156250000002 0.08328125 0.20703125 0.11329375 0.23543750000000002 0.1322546875 0.24649843749999997 0.184240625 0.2747421875 0.21031249999999999 0.28659375 0.221215625 0.29014843749999997 0.22153125 0.2850140625 0.18250312500000002 0.2648671875 0.1515328125 0.24827499999999997
0 0.37859375 0.334375 0.3590625 0.2982421875 0.35421874999999997 0.30078125 0.369375 0.3294921875 0.37453125 0.3376953125 0.37859375 0.334375
0 0.3584375 0.313671875 0.35328125 0.3001953125 0.346875 0.3005859375 0.3490625 0.307421875 0.35812499999999997 0.325390625 0.36640625 0.3400390625 0.370625 0.3375 0.3584375 0.313671875
0 0.924709375 0.2785265625 0.8655015625000001 0.42415624999999996 0.8712312499999999 0.4269421875 0.8995609375000001 0.3573109375 0.935803125 0.2667203125 0.9641046875000001 0.190846875 0.9625875 0.1774609375 0.924709375 0.2785265625
0 0.8594531249999999 0.41858593749999995 0.8655015625000001 0.422165625 0.9202515625000001 0.2860859375 0.9602046874999999 0.1797578125 0.9530265625000001 0.18003906249999999 0.9161140624999999 0.27613906250000003 0.8594531249999999 0.41858593749999995
0 0.9238609375 0 0.8937984374999999 0.1604078125 0.89963125 0.16125 0.92969375 0 0.9238609375 0
1 0.0192732234375 0.3804835546875 0.022396878125 0.3055338671875 0.023838576562499998 0.302410965625 0.0240788484375 0.302410965625 0.027683064062500002 0.302410965625 0.0327289765625 0.3016902984375 0.033449810937500005 0.299047840625 0.0324886890625 0.2942433734375 0.013987037499999999 0.2870366703125 0.01182450625 0.28799756875 0.0106231125 0.2899193578125 0.0120647953125 0.2952042640625 0.0142273265625 0.2959249390625 0.016389859375 0.2980869515625 0.0142273265625 0.379282434375 0.0192732234375 0.3804835546875
0 0.17811066874999998 0.2950863015625 0.023129325 0.3114214875 0.022168203125 0.3188684125 0.1841177046875 0.3006114375 0.17811066874999998 0.2950863015625
0 0.10642106874999999 0.2285747015625 0.08354462812499999 0.23425691875000001 0.08880194531249999 0.23866063906249999 0.1098601765625 0.23330078125 0.10642106874999999 0.2285747015625
0 0 0.25447083125000003 0.07611017656249999 0.24173828125000002 0.07033557968750001 0.23600361718750001 0 0.24878860937499997 0 0.25447083125000003
0 0.220048434375 0.270252853125 0.1701749609375 0.2458193078125 0.161805828125 0.24894596249999998 0.2147039265625 0.27345703125 0.220048434375 0.270252853125
0 0.2230323234375 0.2232324890625 0.21024424375 0.22877265468750002 0.173158840625 0.2388585921875 0.148008971875 0.2458193078125 0.1542609078125 0.249654809375 0.16918033125 0.2461034234375 0.20257139531249999 0.23729598125 0.2248601765625 0.23001953125000002 0.2230323234375 0.2232324890625
0 0.21862753281249997 0.22337454375000002 0.1819684015625 0.215703546875 0.1535504671875 0.2071802203125 0.142055359375 0.209454540625 0.189499146875 0.22294837812499999 0.2143914265625 0.22720703125 0.21862753281249997 0.22337454375000002