1 0.7199890625 0 0.7206234375 0.015046875000000001 0.7434796875 0.025634374999999997 0.8040265625 0.12573281249999999 0.8035015624999999 0.4141484375 0.8038624999999999 0.4359453125 0.8216046875 0.435790625 0.8216046875 0.3894640625 0.8176984375 0.16235312500000001 0.8196515625 0.02319375 0.8196578125 0 0.7199890625 0
0 0 0.1556484375 0.1031265625 0.1179375 0.23943750000000003 0.0676625 0.410115625 0.0018281249999999999 0.3974359375 0 0.3481828125 0.0182875 0.0570546875 0.1255703125 0 0.1456859375 0 0.1556484375
0 0 0.22539375 0.1173859375 0.19413125 0.388346875 0.11950468750000001 0.5303390625 0.07765156250000001 0.605903125 0.0595 0.6752859375 0.0443734375 0.733375 0.0317671875 0.7317609375 0.025210937500000002 0.6462421875000001 0.0448765625 0.7269203125 0.0206734375 0.718853125 0.0151265625 0.5724218750000001 0.056978125000000004 0.28422187499999996 0.12202500000000001 0 0.18202968749999998 0.000034374999999999995 0.19261875 0.119034375 0.164884375 0.40896718749999994 0.10185625000000001 0.47693125 0.08687500000000001 0.41622812500000006 0.10336875000000001 0.093653125 0.18807968749999998 0 0.2102671875 0 0.22539375
0 0.6232765625 0.425134375 0.4839703125 0.42133750000000003 0.483590625 0.42703125000000003 0.6244156249999999 0.431303125 0.6232765625 0.425134375
0 0.48281093750000004 0.421 0.6249296875 0.42424375000000003 0.62425 0.418459375 0.4847578125 0.41532187499999995 0.48270937500000005 0.41579062499999997 0.48281093750000004 0.421
0 0.690884375 0.2123984375 0.7047218749999999 0.039196875 0.698259375 0.039196875 0.6920968750000001 0.1287265625 0.6892734375 0.16785 0.6843781250000001 0.23435156250000003 0.6890671875 0.2347375 0.690884375 0.2123984375
0 0.7234328125 0.1197828125 0.7382931515625 0.02431795625 0.73124094375 0.021642981250000002 0.7195078125000001 0.10217499999999999 0.7044515625 0.20305468750000003 0.7020828125 0.2203265625 0.706115625 0.2222484375 0.7234328125 0.1197828125
0 0.73800625 0.0434234375 0.7352421875 0.04564375 0.736821875 0.0483578125 0.7384015625 0.0495921875 0.7387953125 0.0518125 0.739190625 0.057240625 0.7393875000000001 0.060446875 0.73853633125 0.0622539671875 0.736625 0.06168125 0.7342562499999999 0.062915625 0.73465 0.0661234375 0.7352421875 0.06785 0.7384015625 0.0693296875 0.741953125 0.069084375 0.7437296875 0.066615625 0.7453093749999999 0.062175 0.74550625 0.055265625 0.744321875 0.050578124999999995 0.7413609375 0.046384375 0.73800625 0.0434234375
0 0.7020828125 0 0.7010953125 0.01924375 0.707215625 0.0182578125 0.70780625 0 0.7020828125 0
0 0.7593125 0.051390625 0.739771875 0.1732046875 0.744846875 0.1728890625 0.7494156249999999 0.1433859375 0.7656562499999999 0.0567828125 0.7593125 0.051390625
0 0.7675125 0.0696 0.7521875 0.1755953125 0.758571875 0.17846875 0.7720015625000001 0.0732796875 0.7675125 0.0696
0 0.7772171875 0.019475 0.774153125 0.054275 0.7792609374999999 0.059703125 0.7828546875 0.0193203125 0.7772171875 0.019475