1 0.0531234375 0 0.0531234375 0.0084484375 0.07790781249999999 0.009075 0.0888625 0.0205078125 0.0886734375 0.027225 0.0688953125 0.030354687499999998 0.069396875 0.037553125 0.09355 0.0576171875 0.0927484375 0.0956828125 0.0849375 0.1002390625 0.0849375 0.1060984375 0.0919671875 0.1093515625 0.09024375 0.20385 0.0868421875 0.3324109375 0.0857375 0.4501953125 0.09399062500000001 0.4499140625 0.10044843750000002 0.44871718749999995 0.10185 0.3806828125 0.1103640625 0.1275453125 0.1268125 0.1374453125 0.1304671875 0.1252625 0.11249687500000001 0.1107921875 0.109175 0.0712890625 0.12166406249999999 0.0722046875 0.122409375 0.0826875 0.1225953125 0.08711250000000001 0.127440625 0.086646875 0.13303125 0.082453125 0.133403125 0.06335468749999999 0.1317265625 0.061024999999999996 0.1134578125 0.047253125 0.13339375 0.044921875 0.132984375 0.0319203125 0.13348593749999998 0.017210937500000002 0.11946562499999999 0.015959375 0.110453125 0.007196875 0.13273437500000002 0.007509375 0.13248437500000002 0 0.118965625 0 0.11270625000000001 0 0.10995625 0 0.07245625 0 0.0531234375 0
0 0.270759375 0.2882921875 0.5295890625 0.280609375 0.7782453125 0.2693140625 0.8364499999999999 0.26615 0.8364499999999999 0.25846874999999997 0.5837656250000001 0.2706703125 0.3016453125 0.2815140625 0.12551718750000002 0.284225 0.12507656250000002 0.29235937500000003 0.270759375 0.2882921875
0 0.2699828125 0.2044546875 0.21334375 0.2073125 0.2146140625 0.2136625 0.27023593749999997 0.211121875 0.2699828125 0.2044546875
0 0.5308625 0.1886625 0.45571093749999997 0.19153125 0.45571093749999997 0.19701249999999998 0.5314875 0.19361875 0.5308625 0.1886625
0 0.41364531250000003 0.1249921875 0.2574984375 0.1270796875 0.2588546875 0.13282031249999998 0.4060265625 0.13099375 0.5526765625000001 0.129165625 0.552884375 0.12446874999999999 0.41364531250000003 0.1249921875
0 0.04624375 0.24241406250000003 0.0116984375 0.245384375 0.012612499999999999 0.250184375 0.0467921875 0.24698437499999998 0.04624375 0.24241406250000003
0 0 0.23853125 0.0499 0.233503125 0.0499 0.2275640625 0 0.23304687500000001 0 0.23853125
0 0.046975 0.12200781249999999 0.013325 0.1899140625 0.0166328125 0.194890625 0.0252234375 0.1768421875 0.05037343749999999 0.125728125 0.086821875 0.052778124999999995 0.0829828125 0.049579687500000004 0.046975 0.12200781249999999
0 0.066296875 0.06337343749999999 0.07265625 0.0498046875 0.067596875 0.0491546875 0.0495609375 0.08774531249999999 0.0211234375 0.1474625 0 0.194990625 0.00195 0.19966250000000002 0.031360937500000005 0.1377125 0.066296875 0.06337343749999999
0 0 0.0748046875 0.0775 0.046875 0.0740625 0.04140625 0 0.0681640625 0 0.0748046875
0 0 0.0595703125 0.06937499999999999 0.0390625 0.06671875000000001 0.033984375 0 0.054296875 0 0.0595703125
0 0.08375 0.0271484375 0.08765625 0.018359375 0.08499999999999999 0.016015625 0.08 0.0263671875 0.08375 0.0271484375
0 0.00078125 0.0400390625 0.07703125 0.014453125 0.07578125 0.0115234375 0.07421875 0.0095703125 0 0.034375 0.00078125 0.0400390625
0 0.01390625 0 0 0.0271484375 0.0034375000000000005 0.03125 0.01984375 0 0.01390625 0
0 0.052500000000000005 0.0060546875 0.00828125 0.0212890625 0.00859375 0.0267578125 0.0546875 0.011328125 0.052500000000000005 0.0060546875
0 0.1327421875 0 0.133190625 0.002990625 0.25515937499999997 0.0034500000000000004 0.411609375 0.003909375 0.7210140625 0.004828125 0.8140921875 0.0050578125 0.8377874999999999 0.004828125 0.8372359375 0 0.1327421875 0
0 0.1191984375 0.008845312499999999 0.118884375 0.0131703125 0.1379125 0.0131703125 0.14184375 0.0121875 0.145459375 0.0108109375 0.1484484375 0.0080578125 0.1498625 0.006290624999999999 0.15065 0.0017703125 0.14483125 0.0017703125 0.1438875 0.005503124999999999 0.142 0.0078625 0.1191984375 0.008845312499999999
0 0.1690484375 0.026537500000000002 0.15127812499999999 0.005503124999999999 0.1470328125 0.008845312499999999 0.1633875 0.0285015625 0.1690484375 0.026537500000000002
0 0.1330375 0.01611875 0.14294374999999998 0.0267328125 0.1484484375 0.025159375 0.1377546875 0.01395625 0.1330375 0.01611875
0 0.143415625 0.038724999999999996 0.14109375 0.03984375 0.13806875000000002 0.0408875 0.136025 0.0412796875 0.1353953125 0.0465859375 0.14137187499999998 0.0444234375 0.14483125 0.043048437499999995 0.1476609375 0.041082812499999996 0.1487625 0.040100000000000004 0.149390625 0.0389203125 0.1500203125 0.0367578125 0.150178125 0.0347921875 0.14593125 0.0351859375 0.1446734375 0.0367578125 0.143415625 0.038724999999999996
0 0.19593750000000001 0.0349609375 0.39407187499999996 0.0345703125 0.5869296875 0.0349609375 0.790834375 0.0359375 0.790834375 0.0302734375 0.658178125 0.02890625 0.45218749999999996 0.0271484375 0.13363750000000002 0.028515625 0.13374999999999998 0.035546875 0.19593750000000001 0.0349609375
0 0.1293171875 0.136725 0.19323125000000002 0.1348609375 0.1930453125 0.13253125 0.1919265625 0.12927187499999998 0.1293171875 0.1299703125 0.1293171875 0.136725
0 0.22435 0.128571875 0.206275 0.12880468750000001 0.2073921875 0.13416250000000002 0.2254671875 0.1339296875 0.22435 0.128571875
0 0.24745468750000002 0.1304359375 0.2845359375 0.17469062500000002 0.2877046875 0.1707296875 0.27171875 0.15078125 0.275 0.1533203125 0.2931078125 0.1700328125 0.298325 0.1674703125 0.236834375 0.1094734375 0.20031249999999998 0.06521875 0.174596875 0.033773437499999996 0.1678890625 0.03586875 0.194721875 0.0687109375 0.1820515625 0.0572984375 0.159690625 0.034937499999999996 0.1529828125 0.0370359375 0.1919265625 0.0754671875 0.24745468750000002 0.1304359375
0 0.230871875 0.12670937499999999 0.138075 0.046584375 0.1334171875 0.051009375 0.18465937500000001 0.096196875 0.22658593749999997 0.13253125 0.28265625 0.1779296875 0.28435 0.1723609375 0.230871875 0.12670937499999999
0 0.276896875 0.18680312500000001 0.25919375 0.173759375 0.185590625 0.11599375 0.13416250000000002 0.0738359375 0.132671875 0.080590625 0.19937968749999999 0.1353265625 0.2729828125 0.19169375 0.276896875 0.18680312500000001