1 0.560884375 0 0.560546875 0.0036625 0.55859375 0.052490625 0.55859375 0.455321875 0.5701375 0.456865625 0.5774734375 0.4552578125 0.5771484375 0 0.560884375 0
1 0.22724843749999998 0.13141562499999998 0.2271625 0.1316953125 0.22683124999999998 0.1279546875 0.227046875 0.11650624999999999 0.24740937500000001 0.1153046875 0.24710468749999998 0.107390625 0.2225109375 0.1067671875 0.19404062500000002 0.10665625000000001 0.193928125 0.116946875 0.2180234375 0.11736093750000001 0.21754531250000003 0.13141562499999998 0.2098625 0.1321734375 0.20722187500000003 0.1404203125 0.21669375 0.1418734375 0.21544218750000002 0.181453125 0.191634375 0.18288125 0.1949515625 0.19324531250000002 0.2150328125 0.1940125 0.212859375 0.2704078125 0.21069062500000002 0.3164703125 0.208984375 0.3796390625 0.218928125 0.383665625 0.22566718749999998 0.19380312500000002 0.24402343750000002 0.191365625 0.2450703125 0.1863359375 0.24378125 0.183209375 0.226071875 0.182246875 0.22599999999999998 0.14311875000000002 0.2454421875 0.144365625 0.24660625 0.13564062500000001 0.22716562499999998 0.132765625 0.22724843749999998 0.13141562499999998
0 0 0.013890625 0.05156875 0.012309375000000001 0.2421875 0.0012203125 0.220853125 0 0 0.006103125 0 0.013890625
0 0 0.038546875 0.01305625 0.038892187499999994 0.0286140625 0.0385453125 0.3040078125 0.031070312500000002 0.5592171875 0.0267390625 0.5614390625000001 0.020140625000000002 0.2872484375 0.023614062499999998 0 0.030517187499999997 0 0.038546875
0 0.43992031249999997 0.0635609375 0.237496875 0.0823265625 0.1325140625 0.091475 0.0011140625 0.092865625 0.0011140625 0.1018921875 0.23548906249999998 0.099025 0.547471875 0.10075468750000001 0.5592078125 0.1006875 0.5592828125 0.09400625 0.547134375 0.0942171875 0.21412031250000002 0.092553125 0.449 0.06824843750000001 0.5580921875 0.057906250000000006 0.5591468749999999 0.056898437499999996 0.5593421875 0.050725 0.43992031249999997 0.0635609375
0 0.759790625 0 0.6738203125 0.046015625 0.5778187499999999 0.0782734375 0.578540625 0.083234375 0.6806640625 0.051270312500000005 0.7788609375 0 0.759790625 0
0 0.66778125 0 0.631815625 0.0215296875 0.5762562499999999 0.0538234375 0.5788734375 0.0609453125 0.6587359375 0.015334375 0.6843203124999999 0 0.66778125 0
0 0.810290625 0 0.728590625 0.0357515625 0.7220578125 0.038240625 0.6889515625 0.054171875 0.6372796875 0.074659375 0.5796140624999999 0.092015625 0.5777703125 0.0949875 0.5796140624999999 0.10038125 0.6398421875 0.08365 0.728371875 0.04694375 0.8319984375 0 0.810290625 0
0 1 0.0669203125 0.8487625 0.05068906250000001 0.7459765625 0.040832812499999996 0.74485 0.046465624999999997 0.9642531249999999 0.0704921875 1 0.07500625 1 0.0669203125
0 0.2244796875 0.23948125 0.275771875 0.2466578125 0.27686875 0.24062343749999998 0.2254296875 0.23326406249999998 0.2244796875 0.23948125
0 0 0.1427203125 0.10167656249999998 0.1385546875 0.20821874999999998 0.1331484375 0.20838593749999998 0.1281640625 0.1927640625 0.12857812500000002 0.12306718750000001 0.13091406249999998 0 0.1375109375 0 0.1427203125
0 0.5288953125 0.11385937500000001 0.49921718750000005 0.1164296875 0.41055 0.1162921875 0.32395625 0.118190625 0.22865937500000003 0.1244234375 0.2293234375 0.1294109375 0.285896875 0.1259796875 0.355534375 0.12230624999999999 0.4398640625 0.12230624999999999 0.5244875 0.1204703125 0.539765625 0.1164296875 0.5471921875 0.107265625 0.5427046875 0.1050453125 0.5374156250000001 0.11092187499999999 0.5333015624999999 0.11239062500000001 0.5288953125 0.11385937500000001
0 0.661553125 0.1008109375 0.6483125000000001 0.1023140625 0.632665625 0.102915625 0.5840359375 0.0993046875 0.5845171875 0.10381875 0.6088312499999999 0.1062265625 0.6389234375 0.10833437500000001 0.6632390625 0.10502343750000001 0.7109046875 0.0911796875 0.7561640625 0.0764359375 0.8067203125000001 0.0547671875 0.7954046875 0.0529625 0.757128125 0.0695140625 0.7032015625 0.0884734375 0.661553125 0.1008109375
0 0.8429296875000001 0.031412499999999996 0.814040625 0.0447671875 0.8233406249999999 0.0474875 0.8532187499999999 0.0336390625 0.8429296875000001 0.031412499999999996
0 0.9048624999999999 0 0.856978125 0.0239921875 0.8656843750000001 0.0274546875 0.917921875 0.0007421875 0.9048624999999999 0
0 1 0.041185937500000006 0.7882171875 0.0197125 0.7851203124999999 0.024640625 1 0.047521875000000005 1 0.041185937500000006
0 0.658365625 0.0048140625 0.625628125 0 0.6159984374999999 0.0036109375 0.6525890624999999 0.009328125 0.658365625 0.0048140625
0 0.7315437499999999 0.013540625 0.6725671875 0.0069203125 0.6655875 0.0123359375 0.7255265625 0.018356249999999998 0.7315437499999999 0.013540625
0 0.7678234374999999 0.016925000000000003 0.7508984375 0.0149328125 0.7439296875 0.019414062500000002 0.7608546875 0.021406249999999998 0.7678234374999999 0.016925000000000003
0 0.2346453125 0.258909375 0.27216874999999996 0.26704062500000003 0.3111921875 0.26985625 0.358471875 0.2711046875 0.35872187499999997 0.2654765625 0.2751703125 0.26016249999999996 0.24089999999999998 0.25328125 0.2253890625 0.244215625 0.2226375 0.25265624999999997 0.2346453125 0.258909375
0 0.37373124999999996 0.32832812499999997 0.408253125 0.3389609375 0.4102546875 0.3327078125 0.37648281250000004 0.3233265625 0.3311375 0.301996875 0.27166875 0.27141875 0.2686671875 0.27673437500000003 0.32545156249999996 0.3064390625 0.37373124999999996 0.32832812499999997
0 0.363284375 0.275321875 0.30007656250000003 0.2737046875 0.30007656250000003 0.278559375 0.36306875 0.28044531250000004 0.363284375 0.275321875