1 0.8766109375 0.5652953125 0.890625 0.56274375 0.8902171875 0.556384375 0.890625 0.5163578125 0.8921609374999999 0.43611875 0.8915124999999999 0.428425 0.89453125 0.3088375 0.8916015625 0.302734375 0.882765625 0.305728125 0.8828125 0.318603125 0.87890625 0.4870609375 0.8766109375 0.5652953125
1 0.25 0.2526859375 0.2568359375 0.2490234375 0.278746875 0.24888125 0.277978125 0.2349453125 0.2719984375 0.23517187499999997 0.2685546875 0.24169999999999997 0.2607421875 0.24169999999999997 0.2568359375 0.23681718749999997 0.2370703125 0.23896875 0.2197265625 0.24169999999999997 0.21896093749999998 0.2349453125 0.209125 0.2360140625 0.2093390625 0.250446875 0.2314453125 0.2490234375 0.23828125 0.2526859375 0.240234375 0.2844234375 0.2373046875 0.2880859375 0.216703125 0.28769374999999997 0.21734375 0.2994359375 0.2294921875 0.2978515625 0.240234375 0.3039546875 0.2421875 0.3991703125 0.248046875 0.4016109375 0.25 0.3894046875 0.248046875 0.3039546875 0.2504 0.2999234375 0.27233593749999996 0.3003453125 0.275390625 0.29663125 0.27584375 0.2882265625 0.2598484375 0.2893765625 0.25175000000000003 0.28895468750000003 0.248046875 0.286865625 0.25 0.2526859375
0 0.3921671875 0.06322187500000001 0.3470703125 0.11928125 0.35205312499999997 0.1220859375 0.40063750000000004 0.0604203125 0.449721875 0.000934375 0.44349218749999997 0.0003109375 0.3921671875 0.06322187500000001
0 0.504534375 0 0.41284687499999995 0.1093171875 0.41277187499999995 0.11050156250000001 0.42081875 0.11056250000000001 0.4454859375 0.07972812500000001 0.5122578125 0 0.504534375 0
0 0.552496875 0 0.5090140625 0.042384375 0.44764375 0.1018890625 0.455175 0.101334375 0.5256109375 0.0335015625 0.5572843749999999 0.0019375 0.5597203125 0 0.552496875 0
0 0.78685 0.0703859375 0.7401718749999999 0.07872343750000001 0.7409125000000001 0.08489687500000001 0.786603125 0.07656093750000001 0.78685 0.0703859375
0 0.8478515625 0.022226562499999998 0.7838859375 0.034576562500000005 0.7451109375 0.0429125 0.746346875 0.0469234375 0.7670921875000001 0.0438375 0.7446171875 0.050937500000000004 0.7446171875 0.0580390625 0.8485921875000001 0.0268578125 0.8478515625 0.022226562499999998
0 0.7165265625 0.1429546875 0.7621687500000001 0.10794531249999999 0.79899375 0.0765015625 0.837634375 0.044734375 0.837634375 0.037279687500000006 0.7704671875 0.08525468750000001 0.677628125 0.1510578125 0.679184375 0.156246875 0.7585390624999999 0.1021109375 0.7661609375 0.0965234375 0.6810703124999999 0.16356718750000002 0.6835921875000001 0.1695375 0.7165265625 0.1429546875
0 0.6711453125 0.1867171875 0.673996875 0.19287656250000002 0.766059375 0.1267484375 0.814553125 0.0917375 0.8264828124999999 0.0910890625 0.8267421875000001 0.088171875 0.8189624999999999 0.087846875 0.82 0.0820140625 0.8181843750000001 0.081365625 0.802365625 0.093359375 0.7506359375 0.128834375 0.6711453125 0.1867171875
0 0.59525 0.3299484375 0.5484578124999999 0.2743640625 0.54435 0.27681875 0.5925703125 0.3344140625 0.59525 0.3299484375
0 0.6159656250000001 0.288428125 0.575425 0.25784375000000004 0.5700671875000001 0.2600765625 0.6152515625 0.2935625 0.6159656250000001 0.288428125
0 0.07151093750000001 0.17275625 0.183596875 0.156590625 0.3294125 0.13186562500000001 0.567021875 0.0849515625 0.5644859375 0.08051406250000001 0.40574062499999997 0.1128453125 0.2198625 0.1448609375 0 0.1759265625 0.0005078125 0.180996875 0.07151093750000001 0.17275625
0 0.27659375 0.1623046875 0.3622171875 0.146046875 0.38774375 0.1397890625 0.57819375 0.09763125 0.5754046875000001 0.0925578125 0.33297656249999996 0.14581249999999998 0.123759375 0.1825828125 0.021565624999999998 0.1943109375 0.02180625 0.20033281249999998 0.0925578125 0.19399375000000002 0.2084453125 0.177509375 0.26271093749999996 0.1705375 0.39761875 0.14803125 0.5071796875000001 0.129646875 0.5814812500000001 0.11538124999999999 0.5809734375 0.109675 0.4688890625 0.129328125 0.264671875 0.1650140625 0.27659375 0.1623046875
0 0.48046718750000006 0.16961718750000002 0.3971125 0.235734375 0.4004359375 0.2405796875 0.4439125 0.20596406250000002 0.50954375 0.15265625 0.5424984375 0.125309375 0.53640625 0.124271875 0.48046718750000006 0.16961718750000002
0 0.37606562499999996 0.35976875 0.373040625 0.3556890625 0.3520875 0.3643421875 0.324025 0.3736953125 0.3244 0.3776703125 0.3375734375 0.37327187500000003 0.35418906250000004 0.368078125 0.37606562499999996 0.35976875
0 0.43227031250000003 0.33183281249999996 0.4331890625 0.3364203125 0.478159375 0.3129015625 0.530471875 0.284796875 0.573378125 0.258696875 0.6107765625 0.2348921875 0.6323453125 0.2216984375 0.628196875 0.2172515625 0.62225 0.22112500000000002 0.565346875 0.2572640625 0.48733750000000003 0.3017171875 0.43227031250000003 0.33183281249999996
0 0.499534375 0.2703109375 0.41692656250000004 0.3138296875 0.40738125 0.3183765625 0.35010625 0.344646875 0.314209375 0.3595140625 0.31571875 0.3643921875 0.383625 0.33680625000000003 0.448846875 0.303878125 0.4975203125 0.278228125 0.5501359375 0.24760624999999997 0.582140625 0.224628125 0.6210656250000001 0.1984078125 0.6184703125000001 0.193271875 0.5773843750000001 0.2211125 0.5466765625 0.241928125 0.499534375 0.2703109375
0 0.54359375 0.26953125 0.5349999999999999 0.256640625 0.5314062500000001 0.259375 0.5403125 0.271875 0.54359375 0.26953125