1 0.671875 0.2158203125 0.6724984375 0.209440625 0.66953125 0.208984375 0.6396171875000001 0.20836875 0.640475 0.1933578125 0.6544859375 0.1908546875 0.671640625 0.1915703125 0.6730703124999999 0.17334375 0.66796875 0.173828125 0.6642078125 0.1737015625 0.66171875 0.181640625 0.63828125 0.181640625 0.6252640625 0.1821890625 0.62345625 0.1714578125 0.6164515625 0.172021875 0.61484375 0.181640625 0.60390625 0.181640625 0.59921875 0.17578125 0.5944406250000001 0.17441562500000002 0.5947265625 0.1894265625 0.6114796874999999 0.19179375 0.62910625 0.191228125 0.6282015624999999 0.20958749999999998 0.5954359375 0.208175 0.5960093750000001 0.21786093750000002 0.6282015624999999 0.21919375 0.634375 0.5361328125 0.635165625 0.5489140625 0.6421875 0.5478515625 0.6395 0.27596875 0.641759375 0.2536546875 0.6421875 0.2255859375 0.65390625 0.21875 0.66171875 0.2173828125 0.6625 0.2255859375 0.66328125 0.22890625 0.66953125 0.228125 0.670684375 0.21919375 0.671875 0.2158203125
1 0.5890625 0.5048828125 0.5893359375 0.52201875 0.596875 0.5205078125 0.59899375 0.317028125 0.5986078125 0.3105078125 0.61985625 0.31243906250000003 0.6202421874999999 0.2897421875 0.6210140625 0.271875 0.58359375 0.271484375 0.5677015625 0.27115 0.5659640625 0.3054375 0.5890625 0.3134765625 0.5890625 0.5048828125
1 0.573690625 0.370628125 0.57253125 0.34938125000000003 0.5379546875 0.346725 0.5391140625 0.370628125 0.5515625 0.3720703125 0.5516703125 0.49449375 0.559009375 0.49497656250000005 0.5609375 0.3720703125 0.573690625 0.370628125
1 0.53969375 0.386325 0.540625 0.4912109375 0.5453125 0.4912109375 0.5451015625 0.38680625 0.53969375 0.386325
0 0.9103249999999999 0 0.871475 0.050154687499999996 0.829228125 0.10667968750000001 0.7942078125 0.152678125 0.763 0.1898296875 0.7286078125000001 0.23043125 0.7222390625 0.2389234375 0.6740484375 0.2889046875 0.656215625 0.3045609375 0.648571875 0.31172656249999997 0.63965625 0.3178296875 0.6406453125 0.32540625 0.6554625 0.31451093750000003 0.707759375 0.263303125 0.774875 0.1863109375 0.8152609375000001 0.1401859375 0.8496375 0.1203734375 0.8766578125000001 0.0978578125 0.9057109375 0.06444375 0.93505625 0.025220312499999998 0.9504546875000001 0 0.9439953125 0 0.9312796875 0.020499999999999997 0.9002171875 0.0600078125 0.8993640624999999 0.061035937500000005 0.8921390625000001 0.054189062499999996 0.9181796875 0.02149375 0.9372875 0 0.9294328125 0 0.8869734375 0.050951562500000006 0.8837890625 0.048296875 0.9207281249999999 0 0.9103249999999999 0
0 0.8292890625 0.131196875 0.8263078125 0.13534375 0.8780328125000001 0.1659421875 0.8794859374999999 0.160496875 0.8292890625 0.131196875
0 0.660625 0.2283203125 0.64265625 0.2546875 0.64375 0.2603515625 0.66515625 0.2306640625 0.660625 0.2283203125
0 0.75078125 0.0765296875 0.7171875 0.1364375 0.68671875 0.1890375 0.67140625 0.21247500000000002 0.67234375 0.220703125 0.68625 0.1984375 0.7128125 0.1541015625 0.733125 0.118359375 0.75234375 0.083590625 0.7671875 0.056120312500000005 0.7825 0.027215625 0.7965625000000001 0.0001953125 0.7904687499999999 0 0.7798437500000001 0.020665625 0.75078125 0.0765296875
0 0.7673171875 0.0365625 0.785346875 0.0071296875 0.7889062499999999 0.0005859375 0.785625 0 0.7721875 0.02038125 0.7279687499999999 0.0919921875 0.70515625 0.12578125 0.70890625 0.128515625 0.7198546875 0.1129078125 0.7459781249999999 0.0735859375 0.7673171875 0.0365625
0 0.6490625 0.1222953125 0.63578125 0.146709375 0.6207812500000001 0.1711234375 0.62390625 0.1734375 0.63203125 0.162109375 0.64640625 0.13828125 0.6653125 0.0982421875 0.67265625 0.08359375 0.68984375 0.0454359375 0.7017187500000001 0.014771875 0.6967187499999999 0.0146484375 0.684375 0.0464125 0.66875 0.0798828125 0.6490625 0.1222953125
0 0.6107812499999999 0.14856562499999998 0.5978125000000001 0.173175 0.6014062499999999 0.1771484375 0.61015625 0.1619140625 0.6224999999999999 0.1361328125 0.6353125000000001 0.1025390625 0.6434375 0.0814453125 0.6550609374999999 0.051506249999999996 0.6645187499999999 0.021953125 0.65859375 0.0219140625 0.64625 0.055703125 0.62453125 0.1172265625 0.6107812499999999 0.14856562499999998
0 0.44743750000000004 0.3313375 0.44743750000000004 0.33300625 0.4342890625 0.3363390625 0.43619531250000004 0.34181875 0.48440625 0.32871875 0.5875 0.3177625 0.586546875 0.3129953125 0.5009859375 0.321571875 0.5638703125 0.299896875 0.5625359375000001 0.29441875 0.46725625 0.324190625 0.42952500000000005 0.325621875 0.43124062500000004 0.33300625 0.44743750000000004 0.3313375
0 0.597409375 0.1936578125 0.5932171875 0.1905609375 0.5823546875 0.228196875 0.5695875 0.26964375 0.5741609375000001 0.27178749999999996 0.5823546875 0.2446328125 0.597409375 0.1936578125
0 0.6042859375 0.21913125 0.5908796875 0.2515703125 0.5965515625 0.255653125 0.609615625 0.2199109375 0.6042859375 0.21913125
0 0 0.056876562500000005 0.10290312500000001 0.0475421875 0.231596875 0.034709375 0.3408015625 0.02275 0.3408015625 0.018084375 0.2920328125 0.0212921875 0.1741953125 0.03354375 0 0.05016875 0 0.0551265625 0 0.056876562500000005
0 0.3507125 0.022459375 0.5097968749999999 0.004262500000000001 0.50468125 0 0.3502453125 0.016334375 0.3505484375 0.01896875 0.3507125 0.022459375
0 0 0.1198875 0.11166562499999999 0.10875468749999999 0.180628125 0.0990484375 0.3209953125 0.0796390625 0.33926249999999997 0.0762125 0.338578125 0.07193125 0.29062343749999997 0.07878125 0.20027499999999998 0.091234375 0.23764531249999998 0.0859171875 0.338578125 0.07021875 0.33789375 0.0653671875 0.2643625 0.075071875 0.1332875 0.09533749999999999 0.0594796875 0.107040625 0 0.1136046875 0 0.1198875
0 0.4320453125 0.0570875 0.346184375 0.07021875 0.3475546875 0.075071875 0.4263375 0.0630828125 0.558553125 0.04081875 0.5571843750000001 0.0356796875 0.4320453125 0.0570875
0 0.5682750000000001 0.033556249999999996 0.6523359375 0.019790625 0.5830421875 0.03155 0.5837296875 0.0355640625 0.62824375 0.027534375 0.7064874999999999 0.0137671875 0.751340625 0.0051624999999999996 0.74728125 0.0005734374999999999 0.6583828125 0.0140546875 0.576 0.0278203125 0.44681718750000005 0.0481859375 0.348153125 0.0633875 0.34838125 0.0688359375 0.3605421875 0.066828125 0.44934062499999994 0.0530609375 0.5682750000000001 0.033556249999999996
0 0.6680640624999999 0 0.6629984375 0.013509375 0.668571875 0.012876562499999999 0.6733 0 0.6680640624999999 0