1 0.5625 0.17700156250000001 0.5615234375 0.1708984375 0.5424218749999999 0.1741921875 0.5414 0.152684375 0.563375 0.1479984375 0.563034375 0.1394796875 0.5414 0.1433140625 0.5400359375 0.12159374999999999 0.5618421875 0.11669531250000001 0.5608203125 0.10966875000000001 0.5419921875 0.1123046875 0.538503125 0.1060484375 0.5322265625 0.10498125 0.5283203125 0.1123046875 0.509371875 0.11009374999999999 0.5097125 0.11584375 0.5320296875 0.123084375 0.530496875 0.1433140625 0.5096875 0.13984375 0.5078125 0.14526406249999999 0.53203125 0.1537109375 0.5316890625 0.173553125 0.5112453125 0.17057187499999998 0.5105640625000001 0.1788765625 0.5314062500000001 0.184375 0.53390625 0.2312046875 0.51923125 0.2316328125 0.5173546875 0.2256609375 0.5110421875 0.2256609375 0.5102234375 0.24084374999999997 0.533203125 0.24292031249999999 0.53421875 0.25546875 0.5110750000000001 0.2559625 0.51234375 0.26328125 0.53288125 0.265121875 0.5347546875 0.280878125 0.5428124999999999 0.2794921875 0.54390625 0.2654296875 0.562353125 0.265334375 0.5618421875 0.25894531249999997 0.544921875 0.25756875 0.5449765625 0.24084374999999997 0.5649093749999999 0.23914062500000002 0.56421875 0.231640625 0.543784375 0.2321140625 0.54296875 0.18676718750000001 0.5625 0.17700156250000001
1 0.6883063890625001 0 0.6863532640625001 0.0805671875 0.6761923265625 0.0672578125 0.658913546875 0.0556468828125 0.6420663249999999 0.052924099999999995 0.6374716296875 0.052924099999999995 0.6379821515625 0.0474785328125 0.6352593671875 0.045436445312500004 0.6323664109375 0.0444154015625 0.6267506703125 0.050371490625 0.60854205625 0.0427136625 0.5984626390625001 0.0463875 0.5942204515625 0.051960937500000005 0.5955329515625001 0.0573734375 0.6002423265625 0.061671875 0.6336517015625 0.061671875 0.6505750234375001 0.0638152328125 0.6570563890625001 0.06591875 0.6746345140625001 0.078125 0.6892829515625001 0.10131874999999999 0.695526596875 0.5193725203125 0.6958466046875 0.53537290625 0.7118376390625001 0.5330015625 0.7121470140625 0.4477078125 0.71175426875 0.43656182968749996 0.7034173265625 0 0.7000251390625001 0 0.6883063890625001 0
1 0.121978125 0.06665625 0.1162109375 0.06591875 0.1088859375 0.0642609375 0.103515625 0.10131874999999999 0.0817453125 0.47178906249999997 0.080972290625 0.528611559375 0.091796875 0.5285640625 0.0961140625 0.44504687499999995 0.121978125 0.06665625
1 0.30295313749999997 0.3673391515625 0.3018125703125 0.5520571640624999 0.308808225 0.5516574125 0.30882695 0.36688731875 0.30295313749999997 0.3673391515625
1 0.3408203125 0.3466796875 0.3408125 0.45758593750000004 0.345703125 0.4577640625 0.345703125 0.3479 0.3408203125 0.3466796875
1 0.3553793046875 0.4373284125 0.3539801734375 0.50168844375 0.35897707031250004 0.501088815625 0.360775953125 0.4371285359375 0.3553793046875 0.4373284125
0 0.733471875 0.25296562499999997 0.770778125 0.2574765625 0.7733859375 0.257728125 0.7737859375 0.2524625 0.7340734375 0.24745 0.733471875 0.25296562499999997
0 0.7647609375 0.240178125 0.7689734374999999 0.24393906250000003 0.77639375 0.24544375000000002 0.787625 0.2441890625 0.78796875 0.2396484375 0.770778125 0.237921875 0.7645609375 0.235415625 0.7158218749999999 0.21611093750000002 0.7128140625 0.2216265625 0.7647609375 0.240178125
0 0.7834140625 0.168225 0.708 0.1942984375 0.7094046875 0.2020703125 0.7846171875 0.1742421875 0.7834140625 0.168225
0 0.7258515625 0.009778125 0.7102062499999999 0.0082734375 0.7102062499999999 0.014790624999999998 0.7210375 0.0140390625 0.7412953124999999 0.023315625 0.8030687500000001 0.0503921875 0.8043506078125 0.0444802171875 0.7258515625 0.009778125
0 0.6471875 0.04453125 0.66015625 0.0341796875 0.6753125 0.0205078125 0.67734375 0.018359375 0.67375 0.0138671875 0.66109375 0.025390625 0.64953125 0.0341796875 0.63515625 0.0455078125 0.6359375 0.05078125 0.6471875 0.04453125
0 0.62203125 0 0.6103125 0.033984375 0.61765625 0.03203125 0.6296875 0 0.62203125 0
0 0.635625 0.04765625 0.64 0.0298828125 0.6342187499999999 0.0296875 0.6309375 0.0482421875 0.635625 0.04765625
0 0.60703125 0 0.593125 0.0421875 0.6 0.0390625 0.6131249999999999 0 0.60703125 0
0 0.591875 0 0.5771875 0.0478515625 0.58359375 0.0458984375 0.59421875 0.0111328125 0.59609375 0.00546875 0.5978125000000001 0 0.591875 0
0 0.5628171875 0.234746875 0.625671875 0.2404953125 0.626246875 0.23522656249999999 0.5890718749999999 0.23235156250000003 0.6733890625 0.22061250000000002 0.6906343749999999 0.21845937499999998 0.69044375 0.213428125 0.5900296875000001 0.225884375 0.564925 0.22899843749999998 0.5626265625 0.2306734375 0.5628171875 0.234746875
0 0 0.1912421875 0.06608125000000001 0.22344375 0.0790734375 0.23016406250000002 0.08265781250000001 0.242484375 0.08579375 0.24472343749999997 0.0887046875 0.243603125 0.096321875 0.23912343749999998 0.09565 0.232403125 0.0896015625 0.2357640625 0.0853453125 0.2360421875 0.08422500000000001 0.22484375 0.0777296875 0.2209234375 0 0.1828421875 0 0.1912421875
0 0 0.2341796875 0.02515625 0.2048828125 0.02015625 0.2013671875 0 0.2263671875 0 0.2341796875
0 0.031718750000000004 0.1970703125 0.061875 0.1572265625 0.057499999999999996 0.154296875 0.026718750000000003 0.1943359375 0.031718750000000004 0.1970703125
0 0 0.1375 0.04265625 0.173828125 0.04625 0.168359375 0 0.1302734375 0 0.1375
0 0.08140625 0.1978515625 0.0515625 0.1712890625 0.0471875 0.1779296875 0.0796875 0.2048828125 0.08140625 0.1978515625
0 0 0.1087890625 0.0553125 0.1509765625 0.0878125 0.1755859375 0.088125 0.179296875 0.0975 0.1869140625 0.10046875 0.1740234375 0.08953124999999999 0.1666015625 0 0.098828125 0 0.1087890625
0 0.06796875 0.149609375 0.10546875 0.09921875 0.10359375 0.090234375 0.06375 0.14609375 0.06796875 0.149609375
0 0.09328125000000001 0.1677734375 0.10500000000000001 0.1099609375 0.10140625 0.10703125 0.0890625 0.1640625 0.09328125000000001 0.1677734375
0 0.0978125 0.1716796875 0.103125 0.142578125 0.1003125 0.1388671875 0.09406250000000001 0.169140625 0.0978125 0.1716796875
0 0.08078125 0.22265625 0.0896875 0.1794921875 0.0853125 0.1755859375 0.076875 0.2205078125 0.08078125 0.22265625
0 0.08499999999999999 0.226171875 0.09515625 0.185546875 0.09359375 0.1837890625 0.09031249999999999 0.180859375 0.08078125 0.2228515625 0.08499999999999999 0.226171875
0 0.096109375 0.1925765625 0.08541093749999999 0.23425625 0.086125 0.234703125 0.08986875 0.2353703125 0.09907031250000001 0.197459375 0.096109375 0.1925765625
0 0.6793609375 0.08747031250000001 0.6362734375 0.2198921875 0.6411328125 0.219690625 0.6539296875 0.1866859375 0.68454375 0.09253281249999999 0.6793609375 0.08747031250000001
0 0.6665640625 0.2348765625 0.67855 0.220703125 0.671746875 0.220703125 0.6631625 0.232040625 0.6665640625 0.2348765625
0 0.6028515624999999 0.1890546875 0.62779375 0.1196234375 0.6473078125 0.0631171875 0.6411 0.0615640625 0.61481875 0.13942656250000002 0.5854328125 0.22530624999999999 0.5901156249999999 0.2255390625 0.6028515624999999 0.1890546875
0 0.62549375 0.061026562500000006 0.5729562500000001 0.2262015625 0.57755625 0.2270859375 0.6001984375 0.15942499999999998 0.63125 0.0623046875 0.62549375 0.061026562500000006
0 0.61484375 0.062106249999999995 0.609375 0.06152031249999999 0.5856250000000001 0.1439453125 0.55921875 0.23046875 0.5660937500000001 0.2295140625 0.5871875 0.1576328125 0.61484375 0.062106249999999995
0 0.5496875 0.22834218750000002 0.5623437499999999 0.17912343749999998 0.55703125 0.1795140625 0.5440625 0.2275609375 0.5496875 0.22834218750000002
0 0.546875 0.18244375 0.54171875 0.209396875 0.5443749999999999 0.21545156250000003 0.55171875 0.1822484375 0.546875 0.18244375
0 0.56421875 0.173046875 0.60734375 0.061328125 0.60109375 0.0603515625 0.5599999999999999 0.16953125 0.56421875 0.173046875
0 0.5459375 0.174609375 0.5515625 0.150390625 0.546875 0.15078125 0.5415625000000001 0.1736328125 0.5459375 0.174609375
0 0.5559375 0.148828125 0.5503125 0.17265625 0.5515625 0.1728515625 0.55515625 0.1720703125 0.56171875 0.148828125 0.5559375 0.148828125
0 0.5901562499999999 0.05 0.5575 0.13984375 0.5589062499999999 0.140234375 0.5634375 0.140625 0.595 0.0521484375 0.5901562499999999 0.05
0 0.5546875 0.141796875 0.5623437499999999 0.117578125 0.55578125 0.1177734375 0.54953125 0.1412109375 0.5546875 0.141796875
0 0.5628124999999999 0.1095703125 0.58109375 0.0544921875 0.575 0.055859375 0.55734375 0.108984375 0.5628124999999999 0.1095703125
0 0.2228125 0.0333984375 0.21828124999999998 0.033984375 0.21453125 0.033984375 0.21156250000000001 0.0396484375 0.13515625 0.0830078125 0.1391234375 0.0867125 0.21251718749999998 0.0452734375 0.21654218749999998 0.0462296875 0.2184578125 0.0464703125 0.22248281250000002 0.045751562499999995 0.2236328125 0.0402421875 0.2583171875 0.0201203125 0.29375 0.000390625 0.28359375 0 0.26109375 0.012109375 0.2228125 0.0333984375
0 0.15890625 0.0966796875 0.11921875 0.1083984375 0.11937500000000001 0.115234375 0.16703125000000002 0.0998046875 0.15890625 0.0966796875
0 0.34184523125 0.1046197359375 0.39778741875 0.0987603609375 0.43575616874999995 0.0940728609375 0.47762960625 0.08567442343750001 0.50262960625 0.0792291109375 0.55058898125 0.0641837984375 0.59840460625 0.0468009859375 0.6344983562500001 0.0298087984375 0.66434210625 0.0157462984375 0.67824835625 0.0143791109375 0.67809210625 0.0081291109375 0.66262335625 0.009691610937500001 0.61856085625 0.0319634859375 0.55262960625 0.058135360937500005 0.48543898125 0.0774712984375 0.42184523125 0.0889947359375 0.37559523125 0.0952447359375 0.30278898125000003 0.09836973593750001 0.26747335625 0.0985650484375 0.19966085625000002 0.0952447359375 0.18044210624999998 0.0917291109375 0.13122335624999998 0.0854791109375 0.12325460625 0.0813775484375 0.12122335625 0.0854791109375 0.12716085625 0.0891900484375 0.11934835625 0.0942681734375 0.12075460625000001 0.1030572359375 0.13169210625 0.0909478609375 0.16247648125 0.0968072359375 0.20247648125 0.10227598593750001 0.27731710625 0.1065728609375 0.34184523125 0.1046197359375
0 0.46515625 0.003125 0.45891093749999995 0 0.3764109375 0.026171875 0.27360625 0.0591796875 0.21672656250000003 0.078125 0.2092265625 0.0771484375 0.20563281249999998 0.0775390625 0.20282031250000002 0.0810546875 0.2004765625 0.0837890625 0.1776640625 0.0904296875 0.1903125 0.0931640625 0.20390625 0.089453125 0.210625 0.0908203125 0.21390625000000002 0.090234375 0.21593749999999998 0.0888671875 0.21749999999999997 0.0857421875 0.21781250000000002 0.08515625 0.271875 0.06640625 0.34546875 0.04296875 0.43093750000000003 0.0154296875 0.46515625 0.003125
0 0.23526562499999998 0.39874062499999996 0.22057812499999999 0.3843578125 0.187528125 0.34671875 0.140278125 0.28245468749999997 0.1138390625 0.24083593749999999 0.10886756718749999 0.24852962031249998 0.12363125 0.268684375 0.153109375 0.313009375 0.1872828125 0.357428125 0.21274375 0.3865 0.2374703125 0.4085328125 0.2543625 0.4198546875 0.2671515625 0.423703125 0.268315625 0.41802031250000005 0.2563203125 0.4146546875 0.23526562499999998 0.39874062499999996
0 0.112125 0.221865625 0.124365625 0.211459375 0.1390546875 0.23471562499999998 0.163290625 0.2726625 0.1980546875 0.3219296875 0.2188640625 0.34855468749999996 0.243590625 0.377625 0.26586875 0.39568125 0.279821875 0.4021078125 0.28073281250000004 0.3981234375 0.26491875 0.3881234375 0.24817499999999998 0.37463437499999996 0.222290625 0.3451921875 0.17749062499999999 0.2812328125 0.13244375 0.21421406250000002 0.1251 0.2001390625 0.1140828125 0.188509375 0.112125 0.221865625
0 0.10994843750000001 0.24138437499999998 0.14359375000000002 0.2435546875 0.13953125 0.2369140625 0.11546875000000001 0.23515625 0.11087968749999999 0.23487343749999998 0.10994843750000001 0.24138437499999998
0 0.14976562499999999 0.23836093749999998 0.15348124999999999 0.2455703125 0.1601796875 0.24580312499999998 0.1906890625 0.2472 0.2705 0.2504546875 0.4172828125 0.2481296875 0.5121640625 0.241153125 0.511234375 0.235571875 0.47309531250000003 0.2390609375 0.3720765625 0.24278125 0.281665625 0.243246875 0.14976562499999999 0.23836093749999998
0 0.11483281249999999 0.189384375 0.2316375 0.2001125 0.3216625 0.2090953125 0.46635312500000003 0.22406874999999998 0.534221875 0.22955625 0.5332234375 0.2253140625 0.4473890625 0.21633125 0.2936859375 0.19961562500000002 0.153959375 0.1856421875 0.11523125000000001 0.18289687500000001 0.11483281249999999 0.189384375
0 0 0.347265625 0.09234375 0.280859375 0.091275 0.27220468750000004 0 0.33828125 0 0.347265625
0 0.5376562500000001 0 0.52140625 0.066796875 0.52796875 0.0650390625 0.5431250000000001 0 0.5376562500000001 0
0 0.54640625 0 0.5310937499999999 0.0642578125 0.5387500000000001 0.0626953125 0.5532812500000001 0.0001953125 0.55125 0 0.5496875 0 0.54640625 0
0 0.55703125 0 0.54359375 0.0603515625 0.5496875 0.059375 0.5634375 0 0.55703125 0
0 0.5157812500000001 0.1103515625 0.52625 0.072265625 0.5196875000000001 0.07421875 0.51015625 0.1091796875 0.5157812500000001 0.1103515625
0 0.525625 0.1125 0.5371875 0.0681640625 0.530625 0.0705078125 0.51953125 0.1111328125 0.525625 0.1125
0 0.53796875 0.105859375 0.54859375 0.0650390625 0.54203125 0.0669921875 0.5310937499999999 0.105859375 0.53796875 0.105859375
0 0.51734375 0.282421875 0.5221875 0.2638671875 0.5178125 0.2630859375 0.5128125 0.2826171875 0.51734375 0.282421875
0 0.5235937500000001 0.2828125 0.52796875 0.2650390625 0.525 0.2638671875 0.5196875000000001 0.2826171875 0.5235937500000001 0.2828125
0 0.48656249999999995 0.2876953125 0.4915625 0.2658203125 0.49515624999999996 0.242578125 0.49124999999999996 0.242578125 0.48515625 0.2736328125 0.47843749999999996 0.298828125 0.48359375 0.2998046875 0.48656249999999995 0.2876953125
0 0.49093749999999997 0.29921875 0.50125 0.241796875 0.49781250000000005 0.2421875 0.48671875 0.298046875 0.49093749999999997 0.29921875
0 0.5014062499999999 0.2412109375 0.49140625 0.2990234375 0.4971875 0.2990234375 0.50578125 0.241796875 0.5014062499999999 0.2412109375
0 0.5165625 0.171484375 0.52421875 0.1509765625 0.5190625 0.1486328125 0.5120312499999999 0.1703125 0.5165625 0.171484375
0 0.5259375000000001 0.1431640625 0.5325 0.1244140625 0.5276562499999999 0.1212890625 0.521875 0.1416015625 0.5259375000000001 0.1431640625
0 0.51828125 0.1181640625 0.51125 0.140234375 0.5159374999999999 0.140625 0.5225 0.119921875 0.51828125 0.1181640625
0 0.50875 0.1154296875 0.505625 0.140625 0.51109375 0.141015625 0.51328125 0.116796875 0.50875 0.1154296875
0 0.51046875 0.17890625 0.5037499999999999 0.2220703125 0.50828125 0.22265625 0.5128125 0.17890625 0.51046875 0.17890625
0 0.5053124999999999 0.1822265625 0.5015625 0.222265625 0.5035937500000001 0.22265625 0.5090625 0.1865234375 0.5129296875 0.1474671875 0.505 0.1443359375 0.49484374999999997 0.219921875 0.4996875 0.221875 0.5053124999999999 0.1822265625
0 0.5234375 0.2578125 0.5290625 0.2396484375 0.5248437499999999 0.2396484375 0.51859375 0.257421875 0.5234375 0.2578125
0 0.569375 0.2353515625 0.5615625 0.2517578125 0.5653125 0.2525390625 0.57359375 0.2369140625 0.569375 0.2353515625
0 0.6884375 0.1970703125 0.67640625 0.2142578125 0.68265625 0.21484375 0.69078125 0.204296875 0.6884375 0.1970703125
0 0.633290625 0.22652968750000002 0.6308046875 0.235640625 0.6352781249999999 0.235640625 0.638259375 0.22652968750000002 0.633290625 0.22652968750000002
1 0.49369340937499995 0.5490590265625 0.49289390468749994 0.45431786250000006 0.48649787812499995 0.453918109375 0.4870975046875 0.54885915 0.49369340937499995 0.5490590265625
1 0.512281865625 0.545261384375 0.511082609375 0.4641117796875 0.505286209375 0.46371202812499995 0.506485465625 0.545261384375 0.512281865625 0.545261384375
1 0.4661105390625 0.49209440156250006 0.4621130203125 0.43353077031250004 0.4621130203125 0.416741196875 0.4619131453125 0.40854628593750003 0.446722578125 0.40854628593750003 0.446722578125 0.41474243906249997 0.4561167453125 0.4145425625 0.4561167453125 0.4233371015625 0.446722578125 0.4235369765625 0.44652270312500003 0.4283339984375 0.44812170937499995 0.43173188749999997 0.4555171171875 0.43173188749999997 0.4569162484375 0.4327312671875 0.46091376562499997 0.492294278125 0.4661105390625 0.49209440156250006
0 0.0635798484375 0.27069025468749996 0.0624376953125 0.2741167140625 0.061866618750000005 0.292771878125 0.06967133125 0.28744183125 0.0692906140625 0.28154070781249996 0.072717071875 0.280779271875 0.07347850781250001 0.28058891406250003 0.0732881484375 0.27506850781250003 0.0780471203125 0.2697384609375 0.096702284375 0.244230378125 0.09346618437500001 0.2425171484375 0.08718434375 0.24937006562500003 0.086993984375 0.24461109531249997 0.0831868078125 0.243088225 0.0778567609375 0.2607915953125 0.0820446546875 0.2389003296875 0.07899891406250001 0.2301438234375 0.074049584375 0.22881131250000003 0.0649123609375 0.268215590625 0.0635798484375 0.27069025468749996