1 0.166853125 0.511771875 0.16611875 0.4382671875 0.1688140625 0.43489843749999996 0.16905937499999998 0.42019687499999997 0.1688140625 0.413765625 0.165384375 0.412540625 0.1639515625 0.283209375 0.15704374999999998 0.2829546875 0.1568078125 0.40672031249999996 0.16048281250000002 0.5129953125 0.166853125 0.511771875
1 0.64578125 0 0.6498328124999999 0.1441234375 0.6654484375 0.1416015625 0.66495625 0.0435015625 0.6753640625 0.0400453125 0.6792671875 0.027646874999999998 0.6644687499999999 0.014840625 0.6645578125 0 0.64578125 0
0 0.438125 0.1203125 0.50046875 0.092578125 0.49828124999999995 0.0857421875 0.4473640625 0.106775 0.34750000000000003 0.1470703125 0.13421875 0.2291015625 0.13968750000000002 0.233203125 0.43187499999999995 0.1228515625 0.438125 0.1203125
0 0.7373046875 0 0.69140625 0.0598140625 0.671875 0.0866703125 0.6663390625 0.0945875 0.6736828125 0.0984828125 0.7493531250000001 0 0.7373046875 0
0 0.71596875 0 0.69640625 0.0283203125 0.6754687500000001 0.0560546875 0.666015625 0.0695796875 0.671875 0.0744625 0.7244265624999999 0 0.71596875 0
0 0.5278125 0 0.50390625 0.0769046875 0.5103125000000001 0.082421875 0.51833125 0.05615 0.5359546875000001 0 0.5278125 0
0 0.2992390625 0.3540640625 0.2898453125 0.3549265625 0.2913328125 0.3618671875 0.32212968750000004 0.35926562500000003 0.36874375000000004 0.350940625 0.4133078125 0.3403390625 0.41157187500000003 0.3338390625 0.385353125 0.34105625 0.3608359375 0.345740625 0.3409640625 0.3492375 0.32661250000000003 0.351265625 0.30964375 0.3530234375 0.2992390625 0.3540640625
0 0.371240625 0.37196875 0.3891359375 0.3714484375 0.40828125000000004 0.37109375 0.41328125 0.370703125 0.4134375 0.36484375 0.41 0.36484375 0.3953125 0.365625 0.3825 0.366015625 0.37509375 0.3663296875 0.37015625 0.3666015625 0.371240625 0.37196875
0 0.1873671875 0.3546515625 0.1873671875 0.350446875 0.18208437500000002 0.34616250000000004 0.1760953125 0.33725937500000003 0.1683265625 0.32572812500000003 0.1652078125 0.33140468749999996 0.1790578125 0.35143749999999996 0.1836078125 0.35539375 0.1873671875 0.3546515625
0 0.17767187499999998 0.32596250000000004 0.171340625 0.3123609375 0.1652078125 0.313103125 0.170153125 0.32423281249999997 0.1770671875 0.3340234375 0.18289375000000002 0.339890625 0.1847953125 0.334125 0.17767187499999998 0.32596250000000004
0 0.0708984375 0.303228125 0.10492968750000001 0.3138640625 0.138709375 0.3214859375 0.1571328125 0.323625 0.15706718749999998 0.317953125 0.1370828125 0.3147125 0.10962968749999999 0.30793906249999997 0.0743890625 0.297228125 0.0242140625 0.2784140625 0.0037078125 0.26586875 0.00021875000000000003 0.2694140625 0.02050625 0.2838671875 0.0708984375 0.303228125
0 0.1575046875 0.31031875000000003 0.1583765625 0.3051359375 0.1265265625 0.29395625000000003 0.078534375 0.27186875 0.0290515625 0.2481109375 0.0221453125 0.2448109375 0.019415625 0.2525078125 0.08835 0.28523125 0.1324171875 0.302409375 0.1575046875 0.31031875000000003
0 0.0143984375 0.26968749999999997 0.015051562499999999 0.2715953125 0.0178890625 0.2743234375 0.0425390625 0.26614218749999996 0.0410125 0.2631421875 0.0366484375 0.2606890625 0.0143984375 0.26968749999999997
0 0.0572921875 0.2615703125 0.0853125 0.2513671875 0.0826875 0.245571875 0.052031249999999994 0.2568359375 0.052968749999999995 0.2578125 0.0572921875 0.2615703125
0 0.55578125 0 0.54609375 0.0265625 0.5340625 0.059765625 0.53828125 0.0615234375 0.54421875 0.0462890625 0.56078125 0 0.55578125 0
0 0.56140625 0 0.54359375 0.0599609375 0.55140625 0.0595703125 0.5590625 0.0279296875 0.5659375 0 0.56140625 0
0 0.615625 0.000390625 0.6109375 0 0.59703125 0.02890625 0.5871875 0.0474609375 0.59140625 0.0498046875 0.605134375 0.02448125 0.615625 0.000390625
0 0.5940624999999999 0.047265625 0.55546875 0.064453125 0.55515625 0.0703125 0.594375 0.0533203125 0.646875 0.0302734375 0.64625 0.023828125 0.5940624999999999 0.047265625
0 0.633621875 0.035609375 0.62203125 0.0568359375 0.62625 0.0615234375 0.63890625 0.0380859375 0.633621875 0.035609375
0 0.63578125 0 0.62625 0.019921875 0.6203125 0.0322265625 0.62609375 0.0326171875 0.641875 0.000390625 0.63578125 0
0 0.42796874999999995 0.21875 0.38720781249999997 0.23271250000000002 0.389953125 0.2373703125 0.43075 0.22266249999999999 0.42796874999999995 0.21875
0 0.7905265625 0 0.7139656249999999 0.0784515625 0.666115625 0.12268593750000001 0.6665828125 0.130909375 0.6981640625 0.1037671875 0.7518 0.050910937499999996 0.8034343749999999 0 0.7905265625 0
0 0.7384609375 0.0518359375 0.7171578125 0.041671875000000004 0.71390625 0.04695625 0.735046875 0.05691875 0.7384609375 0.0518359375
0 0.6784546875 0 0.668371875 0.0168703125 0.672925 0.02053125 0.6838203125 0 0.6784546875 0
0 0.6862609375 0.0410625 0.6787796875 0.0325234375 0.675690625 0.0369953125 0.6821953125 0.0453296875 0.6862609375 0.0410625
0 0.692765625 0.029475 0.67991875 0.0241890625 0.6784546875 0.029068749999999997 0.6906515625 0.03415 0.692765625 0.029475
0 0.70828125 0.0734375 0.701875 0.06328125 0.698125 0.067578125 0.7045312499999999 0.076953125 0.70828125 0.0734375
0 0.6950000000000001 0.0548828125 0.69046875 0.0486328125 0.68671875 0.053515625 0.690625 0.059765625 0.6950000000000001 0.0548828125
0 0.7078125 0.037890625 0.7009375 0.0341796875 0.6978125000000001 0.03828125 0.7046875 0.0421875 0.7078125 0.037890625