1 0.244140625 0.40649375 0.243915625 0.4756578125 0.25422812499999997 0.4885453125 0.2529296875 0.1904296875 0.248046875 0.19409218749999999 0.24609375 0.23559531250000001 0.244140625 0.40649375
1 0.6872046875 0.4992671875 0.6969703125 0.50415 0.7028296875 0.43335 0.702690625 0.015475 0.74286875 0.017090625 0.7480828125000001 0.015106249999999998 0.7497046875 0.0109859375 0.7503546875 0.0016765624999999999 0.6419718750000001 0.0007359374999999999 0.6431515625 0.013264062500000002 0.689721875 0.01289375 0.6872046875 0.4992671875
0 0.5803125 0.1162109375 0.5786484375 0.10797343749999999 0.4316171875 0.149265625 0.2762671875 0.1951234375 0.2786359375 0.2018421875 0.47359375000000004 0.1466796875 0.5440046875 0.1270515625 0.5803125 0.1162109375
0 0.287984375 0.2421296875 0.36075 0.244715625 0.4919734375 0.2485578125 0.4919328125 0.240646875 0.4290953125 0.23877031249999997 0.374265625 0.2357015625 0.30517343750000003 0.23470156250000002 0.2525578125 0.23355781250000002 0.253871875 0.241753125 0.287984375 0.2421296875
0 0.2868421875 0.2199875 0.25460625000000003 0.2181921875 0.2537 0.226415625 0.2577 0.226415625 0.2982703125 0.2278453125 0.35883750000000003 0.22713125 0.44797656249999995 0.2307015625 0.49260937499999996 0.2313671875 0.49425937500000006 0.2249890625 0.4062640625 0.22141562499999998 0.2868421875 0.2199875
0 0.9002531250000001 0.07553125000000001 0.8603125 0.1103515625 0.8373437499999999 0.1310546875 0.81171875 0.151953125 0.79140625 0.168359375 0.73703125 0.209375 0.7134375000000001 0.2216796875 0.7178125 0.2263671875 0.7340625000000001 0.219140625 0.767815625 0.194990625 0.802671875 0.169278125 0.8579281249999999 0.1249265625 0.9306640625 0.059282812500000004 0.990446875 0.00042343750000000004 0.9833203125000001 0 0.9002531250000001 0.07553125000000001
0 1 0.0014281250000000001 0.983803125 0.015271874999999999 0.95078125 0.0439453125 0.9400000000000001 0.0533203125 0.93558125 0.057075 0.9295500000000001 0.0621890625 0.9022375 0.08428125 0.89125 0.09453125 0.891875 0.0994140625 0.92734375 0.0732421875 1 0.0082984375 1 0.0014281250000000001
0 1 0.048085937499999995 0.98451875 0.062139062499999995 0.90509375 0.12499374999999999 0.85484375 0.1625 0.8079562499999999 0.192846875 0.78753125 0.20689843749999998 0.7745062500000001 0.215140625 0.747959375 0.2292734375 0.7285328125 0.23355781250000002 0.7136765625 0.23427343750000001 0.7056765625 0.23141562499999999 0.7045343749999999 0.23641562500000002 0.7085328125 0.2392734375 0.7142296875 0.242653125 0.73355625 0.2424375 0.75653125 0.23284375000000002 0.7920499999999999 0.2142171875 0.8462500000000001 0.1794921875 0.8993796875 0.139278125 0.9879468749999999 0.06856875 1 0.0557109375 1 0.048085937499999995
0 0.9998296874999999 0.03861875 0.9998296874999999 0.0310546875 0.9931109375 0.0357421875 0.9797765625 0.0469453125 0.9163515625 0.098371875 0.8623125 0.1408515625 0.8211046874999999 0.169575 0.8056109375 0.1806640625 0.8094171875 0.1841453125 0.8117578125 0.185265625 0.8192546875 0.179515625 0.86950625 0.146184375 0.9548921874999999 0.0791484375 0.9998296874999999 0.03861875
0 0.75484375 0.06857656250000001 0.8503515625 0.07601250000000001 0.891846875 0.0792875 0.8975843749999999 0.07556093750000001 0.8989375000000001 0.0725796875 0.8610109375 0.0698453125 0.78989375 0.06476562500000001 0.724365625 0.059687500000000004 0.7238890625 0.06601718749999999 0.75484375 0.06857656250000001
0 0.8093234375 0.2569765625 0.7890109375 0.2562171875 0.7884765625 0.26475781249999997 0.8317296875 0.2661671875 0.851740625 0.2672375 0.8522531250000001 0.2580453125 0.8093234375 0.2569765625
0 1 0.26953125 0.9629109375 0.267665625 0.8739734374999999 0.2638171875 0.8717499999999999 0.27001718750000003 0.9121593750000001 0.2724890625 0.9931828125 0.2766453125 1 0.27728593749999997 1 0.26953125
0 0.9729703125 0.24929687500000003 0.9028828125 0.2447890625 0.9008218749999999 0.2512296875 0.9600671875 0.25486718750000004 0.9998531249999999 0.2571890625 1 0.2512296875 0.9729703125 0.24929687500000003
0 1 0.17231093749999998 0.8772437500000001 0.1568671875 0.87215625 0.1605 0.87094375 0.162015625 1 0.1786703125 1 0.17231093749999998
0 0.7519921875 0.13688125 0.7025703125 0.12900625 0.7013578125000001 0.13445625 0.74956875 0.14263281249999998 0.7519921875 0.13688125
0 0.8142546875000001 0.14778125 0.7696765625 0.14111875000000002 0.769434375 0.14687343749999998 0.8111046875 0.1526265625 0.8142546875000001 0.14778125
0 0.7317828125 0.043079687500000005 0.7373359374999999 0.0356609375 0.7497796875 0.016275 0.744228125 0.015317187500000001 0.724315625 0.0426015625 0.7317828125 0.043079687500000005
0 0.9188453125 0.05145625 0.72508125 0.042840625 0.724890625 0.047626562500000004 0.9175046874999999 0.05791875 0.9188453125 0.05145625
0 0.8224671875 0.1546796875 0.8399984375 0.1563828125 0.8457859375 0.1519140625 0.8275734375000001 0.15 0.8241687499999999 0.152765625 0.8224671875 0.1546796875