1 0.23531249999999998 0.1490234375 0.248646875 0.1474703125 0.2575 0.1458984375 0.258125 0.14140625 0.25625 0.1369140625 0.255 0.13515625 0.23578125 0.1369140625 0.2359375 0.1203125 0.2568359375 0.1220703125 0.2578125 0.11596718749999999 0.255625 0.108984375 0.2333984375 0.10498125 0.2246875 0.1025390625 0.21875 0.2771 0.22265625 0.4016109375 0.23046875 0.416259375 0.234375 0.21850624999999999 0.2440625 0.21640625 0.244140625 0.20629843750000001 0.24328124999999998 0.1908203125 0.236328125 0.17700156250000001 0.25875 0.174609375 0.25671875 0.165625 0.25515625000000003 0.162109375 0.23562500000000003 0.1623046875 0.23531249999999998 0.1490234375
1 0.9580078125 0 0.9609375 0.44555625 0.96875 0.45288125 0.976984375 0.452415625 0.9765625 0.02319375 0.97578125 0 0.9580078125 0
1 0.341796875 0.3039546875 0.35703125 0.2990234375 0.35625 0.2916015625 0.3447265625 0.29052812499999997 0.320625 0.291796875 0.31890625 0.301953125 0.333984375 0.3015140625 0.3345125 0.4551984375 0.341834375 0.45564687499999995 0.341796875 0.3039546875
1 0.01953125 0.3755859375 0.021484375 0.306396875 0.031521875 0.30057812500000003 0.03125 0.29663125 0.0293921875 0.292325 0.0146484375 0.2880859375 0.009765625 0.2941890625 0.0096875 0.2978515625 0.015625 0.299071875 0.0140625 0.375390625 0.01953125 0.3755859375
1 0.37109375 0.357665625 0.3784375 0.3560546875 0.38203125 0.353125 0.38265625000000003 0.3396484375 0.35453125 0.3384765625 0.35546875 0.3527828125 0.3671875 0.3601078125 0.3671875 0.4479984375 0.373046875 0.4504390625 0.37109375 0.357665625
1 0.40382187500000005 0.38461406249999996 0.4031328125 0.38224375 0.3828125 0.3798828125 0.38203125 0.3857421875 0.392578125 0.3918453125 0.392578125 0.4577640625 0.3984375 0.4602046875 0.39848125 0.39495 0.40382187500000005 0.38461406249999996
1 0.40234375 0.40649375 0.4016640625 0.4601109375 0.40559375 0.46055624999999994 0.4091796875 0.4052734375 0.40234375 0.40649375
0 0.8025 0.175390625 0.7621875 0.1791015625 0.6220703125 0.1904296875 0.54515625 0.1939453125 0.44934843750000003 0.196346875 0.2440625 0.1923828125 0.24421875 0.1994140625 0.30765625 0.2025390625 0.244375 0.2009765625 0.2440625 0.2083984375 0.24765625 0.20859375 0.25406249999999997 0.2087890625 0.635625 0.1994140625 0.911875 0.1845703125 0.9595312500000001 0.180078125 0.9609375 0.17211875000000001 0.8126562500000001 0.183203125 0.9598437499999999 0.1609375 0.95875 0.152734375 0.8793749999999999 0.165234375 0.8025 0.175390625
0 0.876759375 0.266384375 0.8921765625000001 0.1862984375 0.8866953125 0.18458593750000002 0.8380421874999999 0.42399062499999995 0.8428390625000001 0.42655937499999996 0.876759375 0.266384375
0 0.9210796875 0 0.8938421875 0.1376484375 0.890625 0.16235312500000001 0.89940625 0.162178125 0.9274671874999999 0 0.9210796875 0
0 0 0.1890625 0.00484375 0.191796875 0.05 0.2216796875 0.09296875 0.251953125 0.13 0.2732421875 0.15 0.282421875 0.17015625 0.2904296875 0.1990625 0.2986328125 0.22453125 0.303125 0.22390625000000003 0.296875 0.21390625000000002 0.295703125 0.1718609375 0.2827765625 0.1279296875 0.2638671875 0.0996875 0.246484375 0.08689375 0.236578125 0.039496875 0.20246875000000003 0 0.178515625 0 0.1890625
0 0.24831875 0.1030171875 0.204528125 0.05343125 0.1630859375 0.0001953125 0.154690625 0.0001953125 0.17001093750000001 0.0220890625 0.2080078125 0.070996875 0.2392578125 0.1051765625 0.2431640625 0.1076171875 0.25 0.10639687499999999 0.24831875 0.1030171875
0 0.0932484375 0 0.15781875 0.078565625 0.175334375 0.0976703125 0.2099609375 0.134278125 0.221871875 0.14553906249999998 0.2242765625 0.1391 0.182203125 0.09509375 0.1010515625 0 0.0932484375 0
0 0.1259625 0 0.1435640625 0.024685937499999998 0.194053125 0.086078125 0.1981734375 0.091015625 0.22324687499999998 0.11784687499999999 0.22565 0.11183749999999999 0.224609375 0.10864218750000001 0.1884765625 0.068359375 0.1337890625 0 0.1259625 0
0 0.6248437499999999 0 0.54568125 0.0298890625 0.48640625000000004 0.0513671875 0.3935546875 0.0830078125 0.2561875 0.11581875 0.26003125 0.12329062500000001 0.36312500000000003 0.098828125 0.41937499999999994 0.083203125 0.49234375 0.05859375 0.6184375 0.009375 0.6396875 0 0.6248437499999999 0
0 0.2732671875 0.1659890625 0.2740625 0.1712890625 0.27828125 0.171484375 0.305625 0.1693359375 0.32078125 0.1662109375 0.3359375 0.16328125 0.36484375 0.1560546875 0.43656249999999996 0.1365234375 0.48921875000000004 0.1201171875 0.49421875000000004 0.118359375 0.50484375 0.1140625 0.5184375 0.109765625 0.69484375 0.0453125 0.79484375 0.001171875 0.7828125 0 0.6998203125 0.0341578125 0.4736328125 0.1171875 0.37421875 0.1462890625 0.33046875 0.156640625 0.2732671875 0.1659890625
0 0.61314375 0.038428125 0.47640625 0.0857421875 0.34884375 0.123825 0.29205468749999997 0.13396406249999998 0.2638734375 0.1387703125 0.2664359375 0.14677500000000002 0.3514046875 0.1318296875 0.4325 0.1087890625 0.5239046875 0.0789921875 0.6323578125 0.0389625 0.70750625 0.009075 0.7271468750000001 0.00106875 0.71578125 0 0.61314375 0.038428125
0 0.33406250000000004 0.2931640625 0.34234375 0.2908203125 0.3259515625 0.277634375 0.3172984375 0.2657359375 0.2907609375 0.2213875 0.28609375 0.2095703125 0.28453125 0.209765625 0.28125 0.2099609375 0.27345312499999996 0.21020937499999998 0.28781249999999997 0.236328125 0.2997015625 0.261771875 0.3175 0.29375 0.3239328125 0.29133749999999997 0.31062500000000004 0.269921875 0.33406250000000004 0.2931640625
0 0.3117203125 0.40072656249999994 0.28514218750000003 0.37119375 0.23592343750000003 0.3002359375 0.23546874999999998 0.3064453125 0.23500000000000001 0.310546875 0.2434703125 0.3211546875 0.26187499999999997 0.3484375 0.2976109375 0.39826562499999996 0.3090953125 0.4072890625 0.32515625 0.41171875 0.33390624999999996 0.41171875 0.334034375 0.4035984375 0.32845625 0.4035984375 0.32156562499999997 0.4035984375 0.3117203125 0.40072656249999994
0 0.382925 0.3379703125 0.35765625 0.301171875 0.35536249999999997 0.297775 0.35076874999999996 0.300646875 0.375378125 0.338790625 0.382925 0.3379703125
0 0.359628125 0.31787343749999997 0.3501125 0.3031078125 0.343878125 0.3067984375 0.3658625 0.34043125 0.372753125 0.338790625 0.359628125 0.31787343749999997
0 0 0.2548828125 0.02640625 0.2509765625 0.078125 0.2421875 0.0721875 0.2369140625 0 0.247884375 0 0.2548828125
0 0 0.2802921875 0.02109375 0.27734375 0.1078125 0.2611328125 0.10171875 0.2560546875 0.0344765625 0.2665015625 0 0.271875 0 0.2802921875
0 0 0.3192671875 0.0151703125 0.3182171875 0.015721875 0.3130453125 0 0.31358125000000003 0 0.3192671875
0 0.181278125 0.3293375 0.21106562499999998 0.31003125 0.203428125 0.30848125 0.177140625 0.3234765625 0.115634375 0.35519531249999997 0.08970937500000001 0.3672625 0.09301875 0.3731234375 0.13273593749999998 0.3555390625 0.181278125 0.3293375
1 0.505859375 0.3991703125 0.50390625 0.396728125 0.502228125 0.39697499999999997 0.5014203125 0.395459375 0.50078125 0.395703125 0.5 0.396728125 0.5 0.455321875 0.5009765625 0.45654374999999997 0.505859375 0.455321875 0.505859375 0.3991703125
0 1 0.17352499999999998 0.9770171875000001 0.1738921875 0.9773109375000001 0.183778125 1 0.183409375 1 0.17352499999999998
0 1 0.1526578125 0.9778125 0.1525390625 0.9776031250000001 0.16291093750000002 1 0.1626953125 1 0.1526578125
0 0.269534375 0.1902140625 0.25859375 0.1736328125 0.25234375 0.1755859375 0.2628125 0.19140625 0.269534375 0.1902140625
0 0.25424531250000004 0.1236703125 0.26694687500000003 0.16747499999999998 0.2563625 0.147778125 0.2521296875 0.149540625 0.2641234375 0.1780578125 0.2711796875 0.1924640625 0.27964687499999996 0.19187656250000001 0.2577734375 0.121315625 0.25424531250000004 0.1236703125
0 0.94765625 0.211821875 0.8637812500000001 0.422934375 0.8674765624999999 0.4250671875 0.9158125 0.3049390625 0.9426718749999999 0.23707812499999997 0.9616718750000001 0.1846375 0.9590296875 0.1816140625 0.94765625 0.211821875
0 0.9291750000000001 0.2530484375 0.9564703124999999 0.1816140625 0.9507843749999999 0.1812578125 0.8609375 0.41938125 0.864065625 0.4218671875 0.9291750000000001 0.2530484375
0 0.38 0.3541015625 0.39421875 0.381640625 0.3953125 0.380859375 0.398125 0.379296875 0.38375 0.35234375 0.38 0.3541015625
0 0.26234375 0.303515625 0.24296875 0.2796875 0.2384375 0.2830078125 0.255 0.3041015625 0.26234375 0.303515625
0 0.26515625 0.3248046875 0.23578125 0.2888671875 0.23562500000000003 0.2966796875 0.27156250000000004 0.342578125 0.27875 0.3396484375 0.26515625 0.3248046875
0 0.10890625000000001 0.2318359375 0.0853125 0.234375 0.09015625000000001 0.2392578125 0.11328125 0.236328125 0.10890625000000001 0.2318359375
0 0.1384375 0.2490234375 0.11203125 0.253125 0.11875 0.25859375 0.14375 0.2529296875 0.1384375 0.2490234375
0 0.02109375 0.3232421875 0.0209375 0.33125 0.11796875 0.3203125 0.1353125 0.3177734375 0.1440625 0.3162109375 0.17234375 0.311328125 0.18234375 0.3099609375 0.2028125 0.31015625 0.20203125000000002 0.30390625 0.1746875 0.3048828125 0.125 0.3119140625 0.02109375 0.3232421875
0 0.18140625 0.294140625 0.12265625 0.3001953125 0.021249999999999998 0.3111328125 0.02078125 0.3154296875 0.021406249999999998 0.3166015625 0.07453125000000001 0.3125 0.1896875 0.3 0.18140625 0.294140625
0 0.1628125 0.2943359375 0.12671875 0.270703125 0.12250000000000001 0.2728515625 0.1528125 0.2974609375 0.1628125 0.2943359375
0 0.15125 0.2509765625 0.19328125000000002 0.239453125 0.21859375 0.232421875 0.21609375000000003 0.227734375 0.14859375 0.2462890625 0.15125 0.2509765625
0 0.21765625000000002 0.2236328125 0.15390625 0.2072265625 0.1440625 0.211328125 0.21593749999999998 0.228515625 0.21765625000000002 0.2236328125
0 0.14609375 0.245703125 0.1234375 0.2333984375 0.11000000000000001 0.223046875 0.08937500000000001 0.205078125 0.08296875000000001 0.20703125 0.11296874999999999 0.233984375 0.14250000000000002 0.25234375 0.18859375 0.2767578125 0.21140625000000002 0.287109375 0.2203125 0.2892578125 0.22296875 0.2849609375 0.1596875 0.2541015625 0.14609375 0.245703125
0 0.21765625000000002 0.26875 0.17015625 0.245703125 0.16171875 0.2482421875 0.21328125 0.273046875 0.21765625000000002 0.26875
0 0.1615625 0.2421875 0.15046874999999998 0.2365234375 0.11687499999999999 0.21796875 0.10015624999999999 0.2064453125 0.093125 0.2080078125 0.10625 0.21875 0.1290625 0.230859375 0.1534375 0.24453125 0.1615625 0.2421875
0 0.0396875 0.2 0.0384375 0.1998046875 0.04234375 0.2056640625 0.14890625 0.2072265625 0.22609374999999998 0.2076171875 0.22578125 0.2021484375 0.0396875 0.2
0 0 0.164321875 0.013221875 0.16552187499999998 0.0218453125 0.16839375 0.048865625 0.183725 0.051740625 0.18300624999999998 0.05193125 0.18731875 0.054614062500000005 0.193546875 0.0659203125 0.20145156250000001 0.073778125 0.200253125 0.0772265625 0.196659375 0.07435312499999999 0.190671875 0.10942031249999999 0.1897125 0.22516562499999998 0.1971390625 0.22593125 0.19139062499999998 0.224590625 0.190671875 0.1103796875 0.1815703125 0.0664953125 0.17869531249999998 0.0632375 0.1751015625 0.061129687499999995 0.1731859375 0.059979687500000003 0.172228125 0.05595625 0.1717484375 0.0534640625 0.1717484375 0.051740625 0.1717484375 0.000575 0.136775 0 0.1437234375 0.042925000000000005 0.1710296875 0.0390921875 0.1724671875 0 0.14659843749999998 0 0.164321875