1 0.5737546874999999 0.42313906250000005 0.5748671875 0.3469125 0.5759796875000001 0.31380625 0.570415625 0.3143625 0.5688578125 0.42369531250000003 0.5737546874999999 0.42313906250000005
1 0.5225015625 0.239053125 0.5223390625000001 0.24718281250000002 0.5112796875 0.2490140625 0.5112796875 0.2545015625 0.5233140625 0.2557203125 0.5236390625 0.2628359375 0.51290625 0.26527500000000004 0.513671875 0.2722171875 0.5147765625 0.2798671875 0.52234375 0.2834828125 0.5265718749999999 0.39976875 0.5319140625000001 0.4008828125 0.5309578125 0.2555171875 0.5366484375 0.25511093749999997 0.5372546875 0.249265625 0.5307999999999999 0.249265625 0.53035625 0.23757968749999997 0.5494953125 0.237221875 0.5491703125 0.22868593750000002 0.5026609375 0.22949843749999999 0.5028234375 0.23885 0.5225015625 0.239053125
1 0.225090625 0.20639687499999998 0.2537453125 0.2044828125 0.259240625 0.4379984375 0.26953125 0.4382328125 0.2641859375 0.2040234375 0.29078125 0.2021484375 0.29 0.1859375 0.27999999999999997 0.1861328125 0.27999999999999997 0.1927734375 0.25328125 0.1939453125 0.234375 0.195703125 0.2340625 0.1884765625 0.2266078125 0.188840625 0.225090625 0.20639687499999998
0 0.14166875 0.191053125 0.1710375 0.22521874999999997 0.1909015625 0.24657187500000002 0.20242343749999997 0.256753125 0.2185140625 0.26892187500000003 0.22921249999999999 0.2760234375 0.232125 0.2706703125 0.204715625 0.250753125 0.181075 0.22634375 0.14407187500000002 0.18330156250000001 0.14166875 0.191053125
0 0.0423109375 0.1351703125 0.0007359374999999999 0.0965375 0 0.1042625 0.045171875 0.1470703125 0.090553125 0.18777656250000002 0.09418750000000001 0.1823515625 0.0423109375 0.1351703125
0 0.1275 0.2109375 0.12159843749999999 0.21454374999999998 0.1418328125 0.23224999999999998 0.1697953125 0.2545546875 0.19242187500000002 0.2718 0.22515625 0.29140625 0.241875 0.298046875 0.254375 0.3029296875 0.25515625000000003 0.29765625 0.2325 0.2876953125 0.19375 0.2638671875 0.1275 0.2109375
1 0.1124875 0.2589390625 0.1124875 0.267084375 0.1157453125 0.267084375 0.11536093750000001 0.28576718749999996 0.1119125 0.28576718749999996 0.1122953125 0.29319375000000003 0.11517031250000001 0.293434375 0.116128125 0.45176718749999994 0.12570937499999998 0.45176718749999994 0.12379375 0.29295468750000003 0.12570937499999998 0.29319375000000003 0.12570937499999998 0.2840921875 0.12225937499999999 0.2833734375 0.1224515625 0.2704375 0.1295421875 0.2702 0.129925 0.2591796875 0.1124875 0.2589390625
0 0.30148437499999997 0.34776406249999997 0.2678265625 0.303228125 0.2665734375 0.3126296875 0.2765984375 0.3269515625 0.28805625 0.3412734375 0.296471875 0.35134375 0.30148437499999997 0.34776406249999997
0 0.153975 0 0.1852484375 0.06718125 0.223575 0.138771875 0.22930156249999997 0.134915625 0.1959671875 0.07222656250000001 0.1830453125 0.04653125 0.160159375 0 0.153975 0
0 1 0.05330312499999999 0.7884015625 0 0.78615625 0.006342187500000001 0.99991875 0.060875 1 0.05330312499999999
0 1 0.11731562499999999 0.8905265625000001 0.0980734375 0.8066046874999999 0.08235 0.6243265625000001 0.0427484375 0.4432765625 0 0.4176203125 0.000621875 0.5750453125 0.0392078125 0.79108125 0.0871296875 0.8900296875 0.10634999999999999 1 0.12415781249999999 1 0.11731562499999999