1 0.3288 0.1981015625 0.302515625 0.21362343749999999 0.302515625 0.12329062500000001 0.3113046875 0.1123046875 0.341075 0.107134375 0.3401984375 0.0898734375 0.3345 0.090146875 0.3308359375 0.09765625 0.3171640625 0.09765625 0.31477187500000003 0.090146875 0.3079765625 0.09069374999999999 0.2928515625 0.09809218750000001 0.26479375 0.100009375 0.26194375000000003 0.09096875 0.2564640625 0.0912421875 0.2536875 0.0964359375 0.25427187500000004 0.1096 0.2898203125 0.1123046875 0.29275 0.12817343750000001 0.290796875 0.45288125 0.29665625 0.455321875 0.302496875 0.45292187500000003 0.302515625 0.22338906249999999 0.3330609375 0.20326249999999998 0.3599265625 0.20193750000000002 0.36225 0.2011609375 0.365015625 0.19653281250000001 0.366284375 0.19371875 0.3629953125 0.1926234375 0.3406015625 0.192871875 0.3288 0.1981015625
1 0.3660640625 0.2381046875 0.3660546078125 0.252100609375 0.386855734375 0.2518745109375 0.3861774359375 0.276293225 0.366284375 0.2772890625 0.366721875 0.2849609375 0.3839164453125 0.28624158906249997 0.3855734375 0.4693625 0.39171093749999997 0.470459375 0.3932453125 0.28523437500000004 0.4130832421875 0.28488499375 0.412534375 0.2764671875 0.393903125 0.2772890625 0.3943170078125 0.2613706765625 0.3943170078125 0.2514223125 0.41466593593749995 0.2498396171875 0.4134125 0.2372859375 0.37110625 0.2367359375 0.3660640625 0.2381046875
0 0.2789625 0 0.276684375 0.00040625000000000004 0.28254375 0.011392187500000001 0.31835 0.073240625 0.3305546875 0.0912421875 0.3382265625 0.090146875 0.32441718750000004 0.06713125 0.2841703125 0 0.2789625 0
0 0.30227499999999996 0.183665625 0.334821875 0.19605937499999998 0.3369015625 0.19045625 0.303759375 0.1765546875 0.30227499999999996 0.183665625
0 0.72924375 0.04089375 0.758440625 0.047271875000000005 0.7593203125 0.04089375 0.596828125 0 0.5935734375 0.0050078125 0.72924375 0.04089375
1 0.42787968750000005 0.34304843749999997 0.42853593749999996 0.44059218749999995 0.4340171875 0.4408671875 0.4329203125 0.3282515625 0.4451953125 0.3274296875 0.4441 0.308525 0.411878125 0.308525 0.4118596140625 0.32729674375 0.4255049859375 0.326720178125 0.4256875 0.3422265625 0.42787968750000005 0.34304843749999997
0 0.30593750000000003 0.090515625 0.30888125 0.0898671875 0.3123609375 0.08904999999999999 0.3033734375 0.0780890625 0.2779453125 0.0430171875 0.25361406249999996 0.0054796875 0.2468203125 0.0082203125 0.2713703125 0.045484375 0.28780937500000003 0.0687734375 0.30593750000000003 0.090515625
0 0.258815625 0.090515625 0.23698906250000001 0.0664796875 0.2075375 0.03313125 0.18687499999999999 0.00859375 0.18234375 0.01328125 0.19298593749999998 0.0259859375 0.2302328125 0.0675625 0.255525 0.0935484375 0.258815625 0.090515625
0 0.35796875 0.190234375 0.34296875 0.156640625 0.33218749999999997 0.1341796875 0.3234375 0.110546875 0.31734375 0.1123046875 0.3290625 0.1421875 0.34359375000000003 0.171484375 0.35375 0.191015625 0.35796875 0.190234375
0 0.34421875 0.105078125 0.33796875000000004 0.1060546875 0.36046875 0.1623046875 0.3796875 0.20625 0.38390625 0.20546875 0.36765625 0.1642578125 0.34421875 0.105078125
0 0.48834218749999997 0.2492015625 0.55114375 0.265146875 0.5517984375 0.2600359375 0.497828125 0.24674843750000003 0.42640625 0.2234375 0.363559375 0.19952343749999998 0.360615625 0.20422656250000001 0.4129484375 0.22405468750000002 0.48834218749999997 0.2492015625
0 0.252671875 0.2541171875 0.214659375 0.224303125 0.211678125 0.229659375 0.249690625 0.2583078125 0.252671875 0.2541171875
0 0.0010937499999999999 0.0337890625 0 0.03984375 0.034999999999999996 0.0732421875 0.07718749999999999 0.1109375 0.0796875 0.106640625 0.057499999999999996 0.0853515625 0.0010937499999999999 0.0337890625
0 0.021156249999999998 0.080484375 0.066228125 0.118428125 0.0678125 0.113671875 0.0015625 0.0560546875 0 0.0630859375 0.021156249999999998 0.080484375
0 0.14046875 0.17578125 0.1034375 0.1435546875 0.10078125 0.1482421875 0.1371875 0.179296875 0.14046875 0.17578125
0 0.16953125 0.18671875 0.1078125 0.13125 0.10421875 0.1359375 0.16593750000000002 0.1908203125 0.16953125 0.18671875
0 0.1303125 0.1744140625 0.11078125000000001 0.1890625 0.11374999999999999 0.1931640625 0.13359375 0.178515625 0.1303125 0.1744140625
0 0.1925 0.123828125 0.144375 0.1626953125 0.14796875 0.1669921875 0.19624999999999998 0.1283203125 0.1925 0.123828125
0 0.19375 0.1216796875 0.198125 0.1185546875 0.170625 0.0833984375 0.1109375 0 0.10593749999999999 0.00078125 0.12453125000000001 0.0294921875 0.16421875 0.083984375 0.19375 0.1216796875
0 0.28734375 0.176171875 0.2884375 0.1701171875 0.26296875000000003 0.1572265625 0.20437500000000003 0.1255859375 0.203125 0.121875 0.19984375000000001 0.11953125 0.19765625 0.1193359375 0.19546875 0.1201171875 0.19359375 0.12265625 0.19390625 0.126171875 0.19640625 0.128125 0.20140625 0.1291015625 0.23359375 0.148046875 0.27640625 0.17109375 0.28734375 0.176171875