1 0.6706515625 0.199609375 0.6667796874999999 0.19937968749999999 0.66216875 0.195921875 0.6574296875 0.08385000000000001 0.66671875 0.08316718749999999 0.66625 0.07789375 0.6637500000000001 0.07633124999999999 0.656875 0.0761359375 0.655715625 0.054396875 0.6474609375 0.055921874999999996 0.6374593749999999 0.056470312499999994 0.637090625 0.06430781249999999 0.6476015625 0.06684375000000001 0.6485234375 0.090353125 0.6381249999999999 0.09453125 0.637828125 0.1007265625 0.6498140625 0.1025703125 0.65234375 0.19874375 0.6485234375 0.20122187500000002 0.6429921875 0.20053125 0.6420703125 0.1938484375 0.6357999999999999 0.1938484375 0.636721875 0.2440953125 0.654296875 0.25001406249999997 0.6613640625 0.4356375 0.6673671875 0.48903749999999996 0.663903125 0.51213125 0.6745265625 0.5124171875 0.673828125 0.384290625 0.66796875 0.36231874999999997 0.6640625 0.24513124999999997 0.679503125 0.24294375 0.6791343750000001 0.230034375 0.67895 0.2268078125 0.67895 0.21804843749999997 0.6780265625 0.1924640625 0.6713890625000001 0.1924640625 0.6706515625 0.199609375
1 0.5667187499999999 0.280078125 0.57328125 0.2806640625 0.57328125 0.292578125 0.5684375 0.2919921875 0.5675734375 0.2984921875 0.5731046875 0.302409375 0.5743750000000001 0.3490234375 0.5651765625 0.3492015625 0.5660937500000001 0.3654296875 0.5665625000000001 0.3794921875 0.576171875 0.3820796875 0.5786374999999999 0.4826578125 0.584353125 0.48242812500000004 0.5845374999999999 0.47205624999999996 0.5838 0.3805484375 0.5904390625 0.379165625 0.59140625 0.348828125 0.58203125 0.3479 0.58203125 0.2844234375 0.5791906250000001 0.2722171875 0.5732421875 0.27099687499999997 0.5662828125 0.2722171875 0.5667187499999999 0.280078125
1 0.547290625 0.2991828125 0.5439453125 0.2978515625 0.5380703125 0.2996453125 0.5369640625 0.3155484375 0.5441546875000001 0.3164703125 0.5443390625 0.4545390625 0.5504249999999999 0.4543078125 0.55015625 0.3181640625 0.547290625 0.2991828125
1 0.5236875000000001 0.42641875 0.524609375 0.4536171875 0.529034375 0.4536171875 0.5283625 0.4266859375 0.5236875000000001 0.42641875
1 0.5185546875 0.36377031249999997 0.5203671875 0.4123578125 0.526084375 0.413509375 0.524425 0.36303125 0.5185546875 0.36377031249999997
0 0.8745312500000001 0.170909375 0.8687531249999999 0.16669687500000002 0.8184437499999999 0.20852343750000002 0.7421875 0.269775 0.75 0.2722171875 0.8208500000000001 0.21724843749999997 0.8699578125 0.174521875 0.8745312500000001 0.170909375
0 0.6999703125 0 0.661028125 0.06652812500000001 0.6581125 0.0716828125 0.6632046875000001 0.0759265625 0.7086375 0 0.7060546875 0 0.6999703125 0
0 0.7794890624999999 0 0.7245234375 0.08504375 0.692165625 0.1317125 0.660221875 0.1734578125 0.66216875 0.18186093750000001 0.70730625 0.12497031249999999 0.7545984375 0.053409375 0.78745625 0 0.7794890624999999 0
0 0.8002953125 0 0.7308140625 0.10586875 0.6942984375 0.1559515625 0.6623484375 0.19081874999999998 0.6674203125 0.19525625 0.69835625 0.1635578125 0.7374078125 0.11094062499999999 0.795478125 0.020928125 0.8089171875 0 0.8002953125 0
0 0.8466140624999999 0 0.7511015624999999 0.11918124999999999 0.83478125 0.0006343750000000001 0.8261609375000001 0 0.7287859375 0.13629843749999998 0.70679375 0.1661875 0.691371875 0.1819859375 0.6769203125 0.1984578125 0.68005625 0.20444843750000002 0.7074859375 0.17623906250000002 0.745015625 0.138834375 0.7968109375 0.0751515625 0.8533406250000001 0 0.8466140624999999 0
0 0.8690374999999999 0 0.839621875 0.0386703125 0.7863703125 0.10523437499999999 0.743303125 0.150975 0.7270328125 0.1673609375 0.7118703125 0.180975 0.684075 0.204828125 0.6776453124999999 0.21053281250000003 0.6803421875 0.21701406250000002 0.7077609375 0.1965234375 0.758984375 0.1458078125 0.798903125 0.1020265625 0.8487515625000001 0.039304687500000005 0.8766453125 0 0.8690374999999999 0
0 0.89766875 0 0.8749 0.027520312499999998 0.860540625 0.044670312499999996 0.8089171875 0.107771875 0.7691421875 0.1507375 0.7531718749999999 0.1663609375 0.717671875 0.20007031249999999 0.68415625 0.22315000000000002 0.6778421875 0.2270390625 0.6807937500000001 0.2341828125 0.7138 0.2136703125 0.7536359375 0.17877343750000002 0.7914828125 0.1374625 0.8282031249999999 0.097271875 0.862675 0.056421874999999996 0.9067984375 0 0.89766875 0
0 0.598175 0.2115484375 0.589421875 0.2365609375 0.5846921875 0.248871875 0.5764984375 0.26313437500000003 0.571875 0.2712890625 0.578125 0.2736328125 0.59375 0.245890625 0.6061156249999999 0.21045625 0.6128125 0.1853515625 0.6215625 0.14921875 0.64140625 0.0662109375 0.6348578125000001 0.0651328125 0.6028125 0.198046875 0.598175 0.2115484375
0 0.6331625 0.355053125 0.620146875 0.3761078125 0.6237203124999999 0.37866093749999996 0.6390625 0.3548828125 0.6503125 0.33203125 0.64625 0.3302734375 0.6331625 0.355053125
0 0.611215625 0.27456562500000004 0.6071875 0.2826171875 0.5926484375000001 0.317046875 0.5822046875 0.3359046875 0.58286875 0.3444125 0.5918203125 0.3305265625 0.607403125 0.29799375 0.6159375 0.27578125 0.624375 0.2513671875 0.6274625 0.24141718750000002 0.6384375 0.2087890625 0.63453125 0.203515625 0.611215625 0.27456562500000004
0 0.5822046875 0.34669062500000003 0.5858515625 0.35000624999999996 0.59375 0.340234375 0.597621875 0.33135781249999996 0.6168515625000001 0.29115625 0.6311093750000001 0.24846875000000002 0.63856875 0.22712500000000002 0.63541875 0.2215296875 0.6256390625 0.2482609375 0.60756875 0.29903124999999997 0.5916546874999999 0.3326 0.5822046875 0.34669062500000003
0 0.6158578125 0.31229375 0.63125 0.267578125 0.639375 0.2427734375 0.63546875 0.2408203125 0.6098890625 0.30856249999999996 0.5946390625 0.3419265625 0.5860171875 0.3506296875 0.5894999999999999 0.35415 0.6088953125 0.3408890625 0.627628125 0.313328125 0.64765625 0.272265625 0.6544828125000001 0.25634375 0.6503125 0.252734375 0.62171875 0.313671875 0.63546875 0.281640625 0.6490625 0.249609375 0.64515625 0.246484375 0.6158578125 0.31229375
0 0.6029265625 0.3599421875 0.5896874999999999 0.369140625 0.589996875 0.37527499999999997 0.5984375 0.3705078125 0.6166859375 0.35600468749999997 0.628621875 0.3375609375 0.64609375 0.3064453125 0.64890625 0.3 0.6531578125 0.2901078125 0.648846875 0.289071875 0.6364062500000001 0.312890625 0.6165203125 0.3454359375 0.6029265625 0.3599421875
0 0.7770406249999999 0.278934375 0.83336875 0.24101875 0.8805484375000001 0.20882499999999998 0.876696875 0.203709375 0.7741515625 0.2720125 0.7770406249999999 0.278934375
0 0.665303125 0.0751421875 0.6678124999999999 0.080859375 0.678765625 0.0686875 0.6972046875 0.044024999999999995 0.7195171874999999 0.010834375 0.7261546875 0.0002296875 0.7185953125 0 0.7008921875 0.0283515625 0.6850343750000001 0.050709375 0.6778421875 0.059929687499999995 0.6702828125 0.0691484375 0.665303125 0.0751421875
0 0.6404109375 0.0550875 0.6477859375 0.055779687499999994 0.6665953124999999 0.0281203125 0.682084375 0.0004609375 0.6747078125 0 0.655346875 0.03273125 0.6404109375 0.0550875
0 0.59078125 0.358984375 0.5909375 0.3626953125 0.59109375 0.365625 0.60359375 0.3568359375 0.61796875 0.3408203125 0.6303124999999999 0.3212890625 0.63625 0.3099609375 0.6481250000000001 0.2865234375 0.64390625 0.2837890625 0.6265625 0.3171875 0.614375 0.33671875 0.60765625 0.344921875 0.59078125 0.358984375
0 0.60546875 0.3912109375 0.61984375 0.371875 0.63546875 0.3435546875 0.6425 0.3302734375 0.65578125 0.3001953125 0.6521874999999999 0.2970703125 0.6421875 0.318359375 0.628125 0.34765625 0.61671875 0.366015625 0.6025 0.3875 0.60546875 0.3912109375
0 0.55171875 0.3353515625 0.55765625 0.320703125 0.564375 0.301171875 0.568125 0.28984375 0.569375 0.2802734375 0.56453125 0.2806640625 0.56296875 0.2888671875 0.56078125 0.2958984375 0.55390625 0.317578125 0.54984375 0.328515625 0.55171875 0.3353515625
0 0.5639062499999999 0.3326171875 0.56140625 0.336328125 0.55953125 0.3392578125 0.55703125 0.3423828125 0.56484375 0.3208984375 0.5700000000000001 0.30078125 0.565625 0.2994140625 0.55796875 0.32265625 0.5532812500000001 0.336328125 0.551875 0.3404296875 0.55 0.3435546875 0.55015625 0.352734375 0.55515625 0.351171875 0.5582812500000001 0.348828125 0.5610937500000001 0.3458984375 0.5653125 0.3408203125 0.56734375 0.3369140625 0.5728125000000001 0.3248046875 0.57421875 0.3171875 0.57140625 0.3158203125 0.56703125 0.32734375 0.5639062499999999 0.3326171875
0 0.5515625 0.3927734375 0.56375 0.37109375 0.5665625000000001 0.3646484375 0.56359375 0.3611328125 0.55 0.3865234375 0.5515625 0.3927734375
0 0.5634375 0.3728515625 0.5506249999999999 0.394921875 0.5532812500000001 0.400390625 0.56703125 0.376171875 0.5634375 0.3728515625
0 0.566875 0.3794921875 0.5532812500000001 0.400390625 0.55796875 0.4033203125 0.57078125 0.3822265625 0.566875 0.3794921875
0 0.6021203125000001 0.22888281250000003 0.596603125 0.2448140625 0.593940625 0.25313906249999996 0.5813843750000001 0.2804859375 0.586140625 0.2834625 0.595271875 0.2651515625 0.60155 0.250646875 0.6097296875 0.2237734375 0.6207640624999999 0.1890546875 0.6283734375 0.157903125 0.6415015625 0.10241718749999999 0.6361734375 0.10075468750000001 0.6257109375 0.1430828125 0.6148671875 0.18517343749999998 0.6021203125000001 0.22888281250000003
0 0.62970625 0.19558906250000002 0.6196234375 0.2243640625 0.6116328125 0.24315000000000003 0.6051640625 0.25718125000000003 0.5977453125000001 0.270259375 0.5927984375 0.2762046875 0.58556875 0.28381406249999996 0.587090625 0.288809375 0.5954625 0.2812 0.6042125 0.269784375 0.6148671875 0.24933437500000002 0.6243796875000001 0.2253140625 0.632559375 0.201771875 0.644734375 0.1634859375 0.6500625 0.1411328125 0.6466375 0.13637656250000002 0.6378859375 0.16990624999999998 0.62970625 0.19558906250000002