0 0.20133125000000002 0.3049671875 0.1358453125 0.28554843750000003 0.132190625 0.291259375 0.2016359375 0.3133421875 0.20133125000000002 0.3049671875
0 0.286615625 0.3300953125 0.2616390625 0.3221 0.260725 0.328190625 0.286615625 0.3354265625 0.286615625 0.3300953125
0 0.029545312499999997 0.06510468750000001 0.026064062500000002 0.06254375 0.0192140625 0.05707187500000001 0.01521875 0.0596890625 0.023018749999999998 0.066109375 0.035028125 0.0742421875 0.036146875 0.06872500000000001 0.029545312499999997 0.06510468750000001
0 0.45325468750000003 0.171834375 0.460103125 0.171221875 0.4649953125 0.16969375 0.476246875 0.1684703125 0.5139171874999999 0.1675546875 0.5139171874999999 0.16235468749999998 0.450075 0.1614390625 0.4155796875 0.15838125 0.22210000000000002 0.11802187500000001 0.14480625 0.09875937500000001 0.092215625 0.08530625 0.0863546875 0.0895859375 0.1362546875 0.10303906249999999 0.2382546875 0.1281109375 0.3473453125 0.15104375 0.4155421875 0.16362812499999999 0.420278125 0.1642640625 0.43882343749999997 0.1672484375 0.4486078125 0.171834375 0.45325468750000003 0.171834375
0 0.1712328125 0.17550468749999998 0.24583750000000001 0.2131109375 0.2505703125 0.2087421875 0.226578125 0.196428125 0.10787968750000002 0.13606093749999998 0.1041703125 0.1411875 0.1712328125 0.17550468749999998
0 0.21624062500000002 0.2091359375 0.13791718749999998 0.1733890625 0.1358515625 0.17895 0.2129125 0.21430312499999998 0.21624062500000002 0.2091359375
0 0.12711250000000002 0.1686234375 0.1059796875 0.1584921875 0.1031203125 0.16286406250000002 0.12520625000000002 0.1729921875 0.12711250000000002 0.1686234375
0 0.187490625 0.210928125 0.13600937500000002 0.18907968749999998 0.13394375 0.19464062499999998 0.1832 0.215296875 0.187490625 0.210928125
0 0.41940156249999994 0.21394687499999998 0.5054265625000001 0.21263281250000002 0.5052218749999999 0.2067703125 0.3826390625 0.2088078125 0.21436093750000002 0.21390781250000002 0.1146234375 0.21747812500000002 0.11482812499999999 0.223596875 0.251 0.2185359375 0.41940156249999994 0.21394687499999998
0 0.392428125 0.232265625 0.5191 0.22869531250000003 0.5180796875 0.22206718749999999 0.3957 0.22614687500000002 0.22539531249999997 0.23303124999999997 0.1370734375 0.2363453125 0.13625625 0.2409328125 0.245978125 0.237875 0.392428125 0.232265625
0 0.30765625 0.239453125 0.38254062499999997 0.2679390625 0.3838859375 0.2645140625 0.384140625 0.2616546875 0.309871875 0.2345171875 0.30765625 0.239453125
0 0.2475 0.242578125 0.2990625 0.2623046875 0.3741578125 0.2852875 0.375325 0.280909375 0.28296875 0.23984375 0.275 0.2365234375 0.26675468750000003 0.23883437500000002 0.29046875 0.25 0.2895203125 0.2514796875 0.2504109375 0.23786093749999998 0.2475 0.242578125