1 0.41344375 0.316984375 0.4145140625 0.3234046875 0.42578125 0.325928125 0.423715625 0.4333453125 0.4256421875 0.43548593750000003 0.43142031249999996 0.43495156250000006 0.43359375 0.325928125 0.4440453125 0.32313749999999997 0.44383125 0.3177875 0.43249062499999996 0.3175203125 0.43784062500000004 0.30895937500000004 0.43805468750000004 0.3025390625 0.420078125 0.30280625 0.41965 0.30735625 0.42578125 0.3161625 0.41344375 0.316984375
1 0.52671875 0.358203125 0.5270312500000001 0.348046875 0.53515625 0.3455078125 0.5354687499999999 0.3365234375 0.5050359375 0.337046875 0.50625 0.344921875 0.521484375 0.3479 0.51961875 0.4714875 0.526659375 0.4718265625 0.52671875 0.358203125
1 0.805925 0.1123046875 0.7834640625 0.11352500000000001 0.7854171875 0.0769046875 0.8030078125 0.06607031249999999 0.8058671875 0.0635125 0.8022281250000001 0.053703125 0.7478078125 0.062165625 0.7444234375 0.06411875 0.7454640625 0.0947125 0.7449140625 0.1035015625 0.7463546875 0.12329062500000001 0.7466890625 0.1615375 0.7483078125 0.20629843750000001 0.75368125 0.25416249999999996 0.7720484375 0.2900859375 0.7736984375 0.3161625 0.787125 0.315384375 0.7854171875 0.18920937499999999 0.7985359375 0.179790625 0.8205734375 0.17944374999999999 0.8147140625 0.16723593750000001 0.8120421875 0.16634218750000002 0.80983125 0.166015625 0.7854171875 0.16967812499999999 0.7854171875 0.13305625000000001 0.8186203125 0.12084999999999999 0.805925 0.1123046875
1 1 0.0348640625 0.9951171875 0.036621875 0.984846875 0.0383265625 0.982421875 0.10131874999999999 0.9921875 0.13793906250000001 0.9974999999999999 0.143359375 1 0.14282187500000001 1 0.0348640625
0 0.850928125 0 0.8172609375000001 0.038578125000000005 0.8008265625 0.0546109375 0.8075296875 0.057257812500000005 0.8154718750000001 0.049871874999999996 0.84571875 0.017034374999999997 0.8573421874999999 0 0.850928125 0
0 0.8904624999999999 0 0.85213125 0.0546109375 0.8160578125000001 0.096696875 0.8040328125 0.110725 0.807640625 0.11573437499999999 0.8284828125000001 0.0926875 0.8625515625 0.053609375 0.9006203125000001 0 0.8904624999999999 0
0 1 0.18399062500000002 0.851553125 0.17504999999999998 0.8184625000000001 0.17185 0.8120499999999999 0.18337343749999999 0.8041515625000001 0.191890625 0.798996875 0.1912671875 0.7921765625 0.18669375 0.7884015625 0.186378125 0.7871875 0.18877187499999998 0.7925093750000001 0.19688125 0.7976203125 0.19840312499999999 0.80598125 0.20082968750000002 0.8111375000000001 0.1981265625 0.8168593749999999 0.18988750000000001 0.8212828125 0.18087031250000002 1 0.1903859375 1 0.18399062500000002
0 0.506709375 0.3432890625 0.4525359375 0.34247031250000004 0.45220937499999997 0.34635781250000003 0.50881875 0.345840625 0.506709375 0.3432890625
0 0.44467968750000003 0.3244671875 0.4761046875 0.34185781249999997 0.48390625 0.3412109375 0.44566249999999996 0.3207859375 0.44467968750000003 0.3244671875
0 0.4758140625 0.41902343750000004 0.4995953125 0.4205875 0.52015625 0.420703125 0.5202453125 0.4166765625 0.4939625 0.4161546875 0.4744453125 0.41511875 0.46255625 0.411553125 0.44911406249999997 0.4065078125 0.447653125 0.409375 0.4524515625 0.41198281249999996 0.466428125 0.41693749999999996 0.4758140625 0.41902343750000004
0 0.7617234374999999 0.2500453125 0.7571046875 0.24958125 0.759690625 0.26181875 0.7742828125 0.2886015625 0.7763140625 0.283290625 0.7652328125000001 0.2632046875 0.7617234374999999 0.2500453125
0 0.7637546875 0.2045609375 0.7609843749999999 0.19393906249999998 0.7582140625 0.1946328125 0.7582140625 0.200634375 0.7600609375 0.2059453125 0.7728046875000001 0.22949531250000002 0.773728125 0.22303125000000001 0.7637546875 0.2045609375
0 0.77354375 0.1715453125 0.773359375 0.1650796875 0.7707734375 0.162540625 0.7654171875 0.1498421875 0.7587671874999999 0.1343734375 0.7548890625 0.13575781250000002 0.764678125 0.16023281250000002 0.7718812500000001 0.171775 0.77354375 0.1715453125
0 0.815103125 0.0748046875 0.81695 0.07041875 0.8178734375 0.068109375 0.8389296875 0.06880312499999999 0.843178125 0.0641859375 0.8195359375000001 0.0632609375 0.815103125 0.0614140625 0.8056828125 0.0597984375 0.8054984375 0.06164531250000001 0.8005109375 0.064415625 0.7986640625 0.07065 0.8019890625 0.0748046875 0.8054984375 0.0796546875 0.8058671875 0.0824234375 0.801434375 0.0849640625 0.796446875 0.0847328125 0.7923843749999999 0.0824234375 0.791275 0.07780625 0.791090625 0.075959375 0.7905375 0.0748046875 0.7853656250000001 0.076421875 0.78758125 0.0831171875 0.7920140625000001 0.08681093749999999 0.7962625 0.08911875 0.7999562499999999 0.09004218750000001 0.8029125 0.08981249999999999 0.8056828125 0.0888890625 0.8073453125000001 0.087503125 0.8091921875000001 0.084271875 0.8119624999999999 0.0796546875 0.815103125 0.0748046875
0 0.8828890625 0.0692640625 0.85075 0.0669546875 0.8477953125000001 0.072959375 0.8791953124999999 0.07572812500000001 0.8828890625 0.0692640625
0 0.9288812500000001 0 0.9115187499999999 0.02678125 0.8790109375 0.075959375 0.838415625 0.1274609375 0.8054109374999999 0.1642015625 0.8118140625000001 0.167896875 0.8365281250000001 0.142221875 0.8533359375 0.12098281250000001 0.8684828124999999 0.10112499999999999 0.89415625 0.06349218749999999 0.9246328125 0.017776562500000002 0.9366390625 0 0.9288812500000001 0
0 0.885659375 0.0775765625 0.981521875 0.0879640625 0.9826296875 0.0812703125 0.88916875 0.07180468749999999 0.8860296875 0.0775765625 0.885659375 0.0775765625
0 0.8036046875 0.13485156250000002 0.7996640625 0.13505625000000002 0.7949015625 0.13361875 0.7888265624999999 0.128078125 0.7866921875 0.13013125 0.7875125 0.1330046875 0.7894828125 0.135671875 0.792275 0.138134375 0.7955578125 0.13977656249999998 0.79835 0.1399828125 0.8003203125 0.1399828125 0.803440625 0.1391625 0.8047531250000001 0.1385453125 0.807709375 0.1340296875 0.8114859375 0.13013125 0.81460625 0.1282828125 0.8165765625000001 0.12622968750000002 0.818875 0.1245875 0.8407140625 0.12438281250000001 0.845146875 0.11863593750000001 0.8152625 0.1184296875 0.8139484375 0.12192031249999999 0.8105 0.1237671875 0.807053125 0.1268453125 0.8067234375 0.129103125 0.8063953125 0.1313609375 0.8042609374999999 0.13443906249999998 0.8036046875 0.13485156250000002
0 0.991875 0.1396484375 0.99125 0.1345703125 0.97625 0.1330078125 0.85450625 0.12115625000000001 0.8495312500000001 0.1263671875 0.9390625 0.1361328125 0.976875 0.1392578125 0.991875 0.1396484375
0 0.9556687500000001 0.2733875 0.9741296875 0.261328125 0.9709703125000001 0.2577953125 0.9694734374999999 0.2575859375 0.9541718749999999 0.2686046875 0.9556687500000001 0.2733875
0 0.9767906249999999 0.2145515625 0.90993125 0.2559234375 0.912259375 0.2625765625 0.9787874999999999 0.2203734375 0.9767906249999999 0.2145515625
0 0.9530078124999999 0.2656953125 0.9639843750000001 0.23180625 0.9586625 0.23284531249999998 0.957165625 0.23326093750000002 0.9486828125000001 0.2654859375 0.9530078124999999 0.2656953125
0 0.9441921875 0.24199375 0.9395359375 0.268396875 0.946853125 0.26964375 0.9521765625 0.23866874999999999 0.9441921875 0.24199375
0 0.9561671875 0.2282734375 0.9678093750000001 0.1885640625 0.9626546875 0.18814843750000002 0.9510109375000001 0.22931249999999997 0.9561671875 0.2282734375
0 0.9686421875000001 0.219540625 0.9787874999999999 0.189603125 0.9728 0.189603125 0.962321875 0.22286718749999998 0.9686421875000001 0.219540625
0 0.9698437500000001 0.181640625 0.9815625000000001 0.140234375 0.9759375 0.139453125 0.96453125 0.180859375 0.9698437500000001 0.181640625
0 0.9868750000000001 0.1421875 0.97484375 0.18203125 0.9818749999999999 0.18203125 0.9910937499999999 0.1505859375 0.9932812500000001 0.1431640625 0.9868750000000001 0.1421875