1 0.0537109375 0 0.049828125 0.0018046875 0.048384375 0.018957812499999997 0.031053124999999997 0.0288875 0.029607812500000004 0.0340015625 0.0351453125 0.0340015625 0.0517578125 0.0244140625 0.06090156249999999 0.0204609375 0.07317812500000001 0.0216640625 0.06090156249999999 0.027984375 0.06090156249999999 0.03550625 0.06716093749999999 0.0352046875 0.088103125 0.0246734375 0.0927734375 0.026856249999999998 0.10134218749999999 0.0321953125 0.1015625 0.0402828125 0.10671875 0.213671875 0.1 0.21640625 0.09921875 0.221484375 0.1015625 0.2291015625 0.10796874999999999 0.2306640625 0.11437968750000001 0.4467390625 0.11509218750000001 0.4627734375 0.13005781249999998 0.4614375 0.1174390625 0.0340703125 0.123475 0.0290390625 0.127865625 0.02538125 0.1403390625 0.0258765625 0.12974687499999998 0.0312921875 0.12974687499999998 0.0394171875 0.15093125000000002 0.0312921875 0.1632078125 0.0258765625 0.16681875 0.0207609375 0.16796875 0.013428124999999999 0.1629671875 0.001203125 0.15585312499999998 0.0016015625 0.1520125 0.008003125 0.1348171875 0.007773437499999999 0.13298749999999998 0.00022812499999999997 0.123840625 0 0.0537109375 0
0 0.0400609375 0.023553125 0.041707812500000004 0.0180640625 0.042621875 0.0169203125 0.043535937499999997 0.015320312499999999 0.048657812499999994 0.010975 0.046646875 0.0057171875 0.04024375 0.012346875 0.036403124999999995 0.0176078125 0.033475 0.02538125 0.033475 0.026982812499999998 0.0400609375 0.023553125
0 0 0.0478515625 0.029843750000000002 0.0353515625 0.026875 0.030078125 0 0.0412109375 0 0.0478515625
0 0 0.0603515625 0.0609375 0.036328125 0.05859375 0.0302734375 0 0.05390625 0 0.0603515625
0 0 0.0724609375 0.10015624999999999 0.03671875 0.09703125 0.0306640625 0 0.0662109375 0 0.0724609375
0 0 0.0861328125 0.04578125 0.0693359375 0.10093749999999999 0.048828125 0.0996875 0.043359375 0 0.077734375 0 0.0861328125
0 0.1401109375 0.119296875 0.12318906249999999 0.0406109375 0.1173234375 0.0428671875 0.1394328125 0.149475 0.154325 0.22167187500000002 0.16131875 0.21857031249999997 0.1401109375 0.119296875
0 0.12999531250000002 0.031757812499999996 0.1179421875 0.0363921875 0.118128125 0.0424203125 0.1303671875 0.0373203125 0.12999531250000002 0.031757812499999996
0 0 0.1671875 0.0409375 0.186328125 0.051875000000000004 0.1912109375 0.0809375 0.199609375 0.09640625 0.20390625 0.10203124999999999 0.19765625 0.0565625 0.1853515625 0.05390625 0.182421875 0.03703125 0.1751953125 0 0.1587890625 0 0.1671875
0 0.040625 0.194140625 0.01578125 0.1828125 0.012968750000000001 0.190234375 0.037343749999999995 0.20078125 0.040625 0.194140625
0 0.09796875000000001 0.2103515625 0.10765625000000001 0.2056640625 0.1075 0.1986328125 0.10218750000000001 0.19921875 0.08796875 0.2107421875 0.073125 0.2123046875 0.07375000000000001 0.2185546875 0.08937500000000001 0.2169921875 0.09359375 0.2142578125 0.09578125 0.2125 0.09796875000000001 0.2103515625
0 0.100625 0.225 0.10046875 0.2189453125 0.09125 0.2203125 0.07718749999999999 0.2232421875 0.0775 0.22734375 0.0809375 0.227734375 0.07640625 0.233203125 0.07890625 0.2380859375 0.088125 0.2263671875 0.100625 0.225
1 0.8115234375 0 0.8135265625000001 0.0284234375 0.822265625 0.15258750000000001 0.83984375 0.5944828125 0.84044375 0.605040625 0.8599343749999999 0.602140625 0.859375 0.5847171875 0.8562218749999999 0.4721984375 0.8441562499999999 0.168228125 0.8483328125 0.16242812499999998 0.8525390625 0.163575 0.9248046875 0.18310625 0.92861875 0.153725 0.9208984375 0.1513671875 0.8432281250000001 0.1253 0.8334828125 0.016242187499999998 0.832090625 0 0.8115234375 0