1 0.8377984375 0.09772031249999999 0.8275 0.0982421875 0.8247046875 0.08713125000000001 0.8152687500000001 0.0866484375 0.8132265625 0.0990390625 0.802321875 0.09875937500000001 0.8007640625000001 0.090690625 0.7918609375 0.0898578125 0.7893749999999999 0.1138671875 0.82421875 0.11328125 0.8282390625 0.13069375 0.8326156250000001 0.2154859375 0.8437953125 0.46585 0.8545984375 0.4656640625 0.8540125 0.44186875 0.840625 0.1201171875 0.84453125 0.111328125 0.8743828125 0.1087921875 0.8764062499999999 0.0859375 0.8665625 0.0861328125 0.86484375 0.0958984375 0.8582078125000001 0.0969984375 0.8495437499999999 0.0965171875 0.8377984375 0.09772031249999999
1 0.6391546875 0.36662343750000004 0.640171875 0.46961718750000003 0.646875 0.4677734375 0.646875 0.3662109375 0.6391546875 0.36662343750000004
1 0.6231625000000001 0.4078375 0.62355625 0.465378125 0.6296875 0.4638671875 0.631396875 0.40672499999999995 0.6231625000000001 0.4078375
1 0.6140625 0.3681640625 0.61640625 0.357421875 0.6267234375 0.35748437499999997 0.628125 0.3427734375 0.5951203125 0.33940000000000003 0.5951203125 0.35664843749999997 0.6078125 0.3583984375 0.6078125 0.4638671875 0.6140625 0.4638671875 0.6140625 0.3681640625
1 0.6051921874999999 0.387759375 0.605940625 0.3837046875 0.5854765625 0.38339218750000004 0.584728125 0.3871375 0.591965625 0.393375 0.5909671875 0.4648125 0.596875 0.4658203125 0.6 0.3916015625 0.6051921874999999 0.387759375
0 0.7737734374999999 0.1804984375 0.8167796875000001 0.1182453125 0.8106937500000001 0.11380937499999999 0.7716421875 0.17023125 0.7173765624999999 0.251375 0.6850921875 0.28823750000000004 0.666153125 0.307796875 0.6698999999999999 0.31380625 0.6917093750000001 0.291828125 0.7250234375 0.2539359375 0.7737734374999999 0.1804984375
0 0.935071875 0.2489578125 0.84640625 0.26953125 0.84703125 0.2767578125 0.883828125 0.269428125 0.9562046875 0.2515984375 0.9989953125 0.2397109375 1 0.232446875 0.935071875 0.2489578125
0 1 0.2177734375 0.9572609375000001 0.22980625 0.8473765625 0.2588609375 0.8468484374999999 0.266125 0.8605828125 0.2621640625 0.9546187500000001 0.24103124999999997 1 0.227825 1 0.2177734375
0 0.96 0 0.9233499999999999 0.027503125 0.8573421874999999 0.0752734375 0.8290625 0.09453125 0.834953125 0.0969859375 0.877284375 0.068359375 0.9700578125 0.000965625 0.96 0
0 0.8902421875 0.0364421875 0.9327343750000001 0.0002375 0.92549375 0 0.901103125 0.0202453125 0.849375 0.0611328125 0.8201562499999999 0.0841796875 0.8227874999999999 0.0883671875 0.8343703124999999 0.080121875 0.8902421875 0.0364421875
0 0.70024375 0.38149375 0.6780078125 0.39215468750000004 0.656078125 0.397484375 0.6472453125000001 0.39976875 0.6475500000000001 0.4039578125 0.6621703125 0.402434375 0.6877546875 0.3948203125 0.7233921875 0.37844687499999996 0.759028125 0.3529390625 0.836696875 0.28440625 0.8354796875 0.2764125 0.804715625 0.3045859375 0.75078125 0.35 0.719375 0.3716796875 0.70024375 0.38149375
0 0.7279687499999999 0.355859375 0.7501953125 0.33847031250000004 0.77109375 0.3228515625 0.82025 0.2779359375 0.834565625 0.2638484375 0.8328125 0.2568359375 0.793446875 0.2935453125 0.7642187500000001 0.319140625 0.72521875 0.3498921875 0.69921875 0.367578125 0.67453125 0.3783203125 0.6466359374999999 0.38682343750000003 0.64633125 0.393296875 0.6667390625 0.38796718750000003 0.702375 0.373878125 0.7279687499999999 0.355859375
0 0.7153875000000001 0.3725984375 0.73679375 0.35903125 0.7784375 0.326171875 0.7834375 0.321875 0.83671875 0.2736328125 0.83625 0.27265625 0.8354687500000001 0.27109375 0.8333468749999999 0.2668921875 0.826646875 0.2737453125 0.7943749999999999 0.3037109375 0.75046875 0.3400390625 0.7221734375 0.360171875 0.697503125 0.3763234375 0.691409375 0.37920937499999996 0.6466359374999999 0.3940578125 0.64633125 0.40015 0.67961875 0.3907890625 0.7153875000000001 0.3725984375
0 0.832665625 0.24475937499999997 0.8299921875 0.236309375 0.75990625 0.3004 0.70619375 0.345340625 0.6822250000000001 0.3627265625 0.6840625 0.36796875 0.6980609375 0.3587140625 0.7314453125 0.3354421875 0.7913640625 0.28194375 0.832665625 0.24475937499999997
0 0.8337359375 0.2509125 0.8321875000000001 0.2447265625 0.7783109375 0.2950484375 0.7306250000000001 0.33515625 0.6832812500000001 0.3681640625 0.6867203125 0.3731578125 0.7243828125 0.347746875 0.7560546875 0.32286875 0.7982125 0.2856875 0.8337359375 0.2509125
0 0.75703125 0.24943125 0.8006249999999999 0.196484375 0.8271875 0.1630859375 0.8249171875 0.156 0.7981015625000001 0.1904390625 0.7485703125 0.24953124999999998 0.71015625 0.287890625 0.6785703125 0.3130078125 0.6809140625000001 0.319453125 0.69046875 0.311328125 0.7238828125000001 0.28390624999999997 0.75703125 0.24943125
0 0.6852953125 0.2733921875 0.7072468749999999 0.2450234375 0.7382484375 0.2031421875 0.7692484375 0.1557265625 0.7931250000000001 0.1181796875 0.7878546875 0.11506875000000001 0.7812 0.1252046875 0.77725 0.1309234375 0.732278125 0.19760781249999998 0.703728125 0.23841562500000002 0.6914875 0.2537171875 0.6627671875 0.2919265625 0.666040625 0.297703125 0.6852953125 0.2733921875