1 0.6410703125 0 0.6430765625 0.06350312500000001 0.63504375 0.0632328125 0.62421875 0.0625 0.618978125 0.062146875000000004 0.621875 0.1298828125 0.624621875 0.1473640625 0.646875 0.1455078125 0.6515625 0.3876953125 0.6578125 0.3896484375 0.6640625 0.3857421875 0.665625 0.3505859375 0.6626234375 0.1927234375 0.66570625 0.173021875 0.665625 0.1416015625 0.6856296875 0.1422078125 0.6859375 0.1318359375 0.6862812500000001 0.11153906250000001 0.6859375 0.0927734375 0.68203125 0.0625 0.67564375 0.060790625 0.67065 0.06431875000000001 0.658709375 0.06431875000000001 0.6557625 0 0.6410703125 0
1 0.4408046875 0.18753124999999998 0.4401578125 0.2053140625 0.4323984375 0.2071984375 0.43282968750000006 0.2152828125 0.440625 0.2158203125 0.44375 0.2626953125 0.4422359375 0.28258125 0.44069531250000005 0.28285781249999997 0.43124062500000004 0.28258125 0.43124062500000004 0.3152921875 0.444371875 0.32013437499999997 0.44674375 0.401353125 0.45465937500000003 0.39887812500000003 0.45213125 0.320790625 0.4631265625 0.3166671875 0.4625 0.2998046875 0.46224687500000006 0.2817578125 0.4515625 0.2802734375 0.4515625 0.1982421875 0.4515828125 0.1786390625 0.4326140625 0.17917812500000002 0.4328125 0.1865234375 0.4408046875 0.18753124999999998
1 0.3931453125 0.261721875 0.38515625 0.26171875 0.3780921875 0.261234375 0.3790703125 0.2837140625 0.3864984375 0.28860312499999996 0.38669375 0.3294140625 0.377896875 0.32892343749999997 0.379265625 0.35360625 0.38943125 0.35385 0.38923593749999996 0.406146875 0.3966953125 0.4065875 0.39649843749999997 0.3776515625 0.3998609375 0.3722109375 0.400059375 0.3630609375 0.394915625 0.3593515625 0.39511250000000003 0.3524265625 0.40104843749999997 0.3524265625 0.400575 0.3264796875 0.393728125 0.326953125 0.39375 0.2724609375 0.3931453125 0.261721875
0 0.8530218749999999 0 0.7857171875 0.0469484375 0.6847624999999999 0.11452500000000002 0.6867156249999999 0.123209375 0.765190625 0.07153125 0.7852828125 0.057532812499999995 0.865821875 0 0.8530218749999999 0
0 0.7606515625 0.2019296875 0.66273125 0.25396406250000003 0.6684078125 0.258103125 0.76230625 0.20873124999999998 0.7606515625 0.2019296875
0 0.6461328125 0.21547968750000002 0.5947546874999999 0.272840625 0.599184375 0.2779328125 0.6473734375 0.2232328125 0.6461328125 0.21547968750000002
0 0.6055625 0.2989734375 0.6475500000000001 0.268853125 0.6434765625 0.2633171875 0.5936921875000001 0.30007812500000003 0.5949312499999999 0.305615625 0.6055625 0.2989734375
0 0.662684375 0.2911859375 0.6951765625 0.2787390625 0.7667125 0.251553125 0.7664500000000001 0.2440203125 0.6637328124999999 0.28430625 0.662684375 0.2911859375
0 0.662178125 0.21385625 0.6679906250000001 0.21203906250000001 0.6857890624999999 0.20477343750000002 0.7566203125000001 0.1707203125 0.8470656249999999 0.1194140625 0.84161875 0.114771875 0.8219609374999999 0.12662500000000002 0.753621875 0.16434375 0.70365 0.1892171875 0.6624953125 0.20754687500000002 0.662178125 0.21385625
0 0.8439062500000001 0.15492187500000001 0.8230921875 0.1673375 0.824984375 0.17177343750000001 0.8448515625 0.160834375 0.8439062500000001 0.15492187500000001
0 0.9439546875 0.054103124999999995 0.9113140625 0.07302499999999999 0.914153125 0.07834687500000001 0.9484484375 0.0570609375 0.9439546875 0.054103124999999995
1 0.37476875 0.3826859375 0.3718359375 0.3826859375 0.3714453125 0.3616703125 0.3710546875 0.3311234375 0.3638203125 0.3311234375 0.3626328125 0.3315078125 0.36129687499999996 0.33192656249999997 0.3620609375 0.33918750000000003 0.365971875 0.33894375 0.3669484375 0.4081015625 0.37222656249999997 0.4076140625 0.371640625 0.3927046875 0.37555 0.391728125 0.37476875 0.3826859375
0 0.58465625 0.34547812499999997 0.6034359375 0.3313046875 0.6131796875 0.3231109375 0.610521875 0.31956875 0.584478125 0.3395 0.58465625 0.34547812499999997
0 0.770859375 0.032775 0.8133796875 0.00044374999999999997 0.8036359375 0 0.7772375 0.0194890625 0.7201890625 0.061343749999999996 0.682275 0.0868125 0.684046875 0.0934578125 0.7244421875 0.067103125 0.770859375 0.032775
0 0.761825 0.0139515625 0.7788328124999999 0.00022031249999999997 0.7693749999999999 0 0.7490625 0.01640625 0.6844015625 0.07042343749999999 0.684225 0.0790609375 0.684578125 0.0790609375 0.717709375 0.052265625 0.761825 0.0139515625
0 0.766253125 0.0006640624999999999 0.7571875 0 0.7042453125 0.0409703125 0.6785546874999999 0.060015624999999996 0.6820984375 0.0633375 0.7145203125 0.0411921875 0.758103125 0.0066453125 0.766253125 0.0006640624999999999
0 0.740625 0 0.70015625 0.0341796875 0.665 0.0634765625 0.6682812499999999 0.065234375 0.6951562499999999 0.0458984375 0.70609375 0.0369140625 0.73609375 0.012890625 0.750625 0 0.740625 0
0 0.7229687499999999 0 0.65796875 0.0595703125 0.6596875 0.0650390625 0.68671875 0.0419921875 0.7234375 0.0095703125 0.733125 0 0.7229687499999999 0
0 0.68578125 0 0.6564062500000001 0.0283203125 0.65671875 0.0361328125 0.69484375 0.0005859375 0.68578125 0
0 0.64015625 0.0423828125 0.62296875 0.058203125 0.625625 0.063671875 0.64265625 0.0484375 0.64015625 0.0423828125
0 0.6376140625 0.167453125 0.617871875 0.19154374999999998 0.58966875 0.2223890625 0.5640515625 0.2467734375 0.5396093750000001 0.2691 0.5154015625 0.28701875 0.5027109375000001 0.2949515625 0.48955000000000004 0.3005328125 0.4769671875 0.3043046875 0.46228749999999996 0.305821875 0.4634625 0.310521875 0.48531874999999997 0.307584375 0.5003609375 0.302296875 0.520103125 0.2902515625 0.540784375 0.27556250000000004 0.5647562500000001 0.25470468749999997 0.591784375 0.2288515625 0.6265671875 0.189190625 0.64654375 0.165396875 0.642784375 0.161578125 0.6376140625 0.167453125
0 0.529921875 0.2490015625 0.561034375 0.2178390625 0.5875609374999999 0.18941875 0.614375 0.1568359375 0.62375 0.144921875 0.62046875 0.139059375 0.5843703125 0.18493125 0.5656218749999999 0.20637031249999999 0.5602375 0.2101109375 0.579184375 0.18742343749999998 0.6110953125 0.14504062499999998 0.6210671875 0.13107968750000001 0.619271875 0.12360156250000001 0.58078125 0.1765625 0.566875 0.19453125 0.5518609375 0.2145984375 0.5205484375 0.25199375 0.48026093750000004 0.2896921875 0.46630000000000005 0.296921875 0.4696890625 0.3019078125 0.4882375 0.29118750000000004 0.50878125 0.2824625 0.5303203125 0.2677546875 0.5504640625 0.25030312499999996 0.5734 0.22761562500000002 0.594940625 0.204928125 0.6176765625 0.17800312499999998 0.6346296875 0.1568125 0.6416109375 0.1463421875 0.6368234375 0.14479375 0.6094999999999999 0.1777015625 0.581578125 0.2098609375 0.5562484375000001 0.23753281249999997 0.5263312499999999 0.2637109375 0.5000046874999999 0.281659375 0.49661406250000006 0.2806640625 0.511771875 0.26695156249999996 0.529921875 0.2490015625
0 0.510975 0.24880624999999998 0.532115625 0.22487343750000002 0.5548515625 0.1969515625 0.5749953125 0.16803125000000002 0.6077046875 0.12004062499999998 0.619671875 0.10159218750000001 0.618475 0.092865625 0.60690625 0.110815625 0.5761921875 0.15768593749999998 0.55545 0.186853125 0.527728125 0.2226 0.5037953125 0.249275 0.49003281249999997 0.2627390625 0.4834515625 0.26971875 0.47427656249999994 0.2767 0.4615125 0.2814359375 0.462909375 0.285953125 0.4754734375 0.2827109375 0.4812578125 0.2792203125 0.4886375 0.2772265625 0.4958171875 0.2739859375 0.5135671875 0.2585296875 0.5375 0.23235156250000003 0.5351078125 0.231603125 0.5149640625 0.25055 0.500803125 0.261021875 0.510975 0.24880624999999998
0 0.6164796875 0.0667375 0.6087015625000001 0.0784546875 0.5799828125000001 0.123828125 0.5492671875 0.170696875 0.523340625 0.204671875 0.4974125 0.23708125 0.48205468749999997 0.253284375 0.4754734375 0.2600171875 0.46250937499999994 0.2687421875 0.45233749999999995 0.2747265625 0.4519390625 0.2799390625 0.46350781249999995 0.275203125 0.4768703125 0.2647328125 0.49940625 0.2427921875 0.5247359375 0.213125 0.5592406249999999 0.1665375 0.5909515625 0.118171875 0.6168796875 0.0759625 0.618275 0.0759625 0.618275 0.066240625 0.6164796875 0.0667375
0 0.5784671875 0 0.5734765625 0.0102484375 0.562871875 0.031820312499999996 0.5456140625 0.063009375 0.51234375 0.12139375 0.48926406250000004 0.158821875 0.477828125 0.1718171875 0.47138125000000003 0.179875 0.46553125 0.1881546875 0.4629140625 0.19088125 0.459859375 0.1933359375 0.4537078125 0.1959890625 0.45329218750000005 0.2037875 0.462440625 0.19675625000000002 0.4749171875 0.18843749999999998 0.487184375 0.181940625 0.5073546875 0.16062656250000001 0.5273156250000001 0.13541562499999998 0.5445734375 0.11124375 0.580546875 0.053023437500000006 0.610071875 0.00021718750000000001 0.603834375 0 0.5892796875 0.0241296875 0.567446875 0.0625984375 0.535009375 0.11428281250000001 0.5144234375 0.1439140625 0.5019484375000001 0.1592484375 0.48988750000000003 0.171984375 0.4842734375 0.1761421875 0.497996875 0.1566484375 0.5210781250000001 0.120521875 0.5526828125 0.0654203125 0.5830421875 0.0041875 0.5851203125 0 0.581378125 0 0.5784671875 0
0 0.5275234375 0.055651562499999994 0.50381875 0.0977578125 0.4865609375 0.12738906249999998 0.4742921875 0.14688125000000002 0.4666 0.1564984375 0.45516249999999997 0.1681953125 0.4505890625 0.1728734375 0.4468453125 0.1759921875 0.444559375 0.17755 0.44747031249999997 0.180134375 0.45557968750000005 0.17467656250000002 0.46493593750000006 0.16557968750000002 0.47907500000000003 0.149725 0.4973734375 0.1216546875 0.51525625 0.0930625 0.55393125 0.017965625 0.5632875 0.0000296875 0.55559375 0 0.5485249999999999 0.013804687500000001 0.5275234375 0.055651562499999994
0 0.4064875 0.24307812499999998 0.40260468749999995 0.2502421875 0.39909218750000003 0.2557875 0.3938234375 0.2625140625 0.394446875 0.26823281250000003 0.4004765625 0.26225468749999997 0.4117046875 0.2469203125 0.4210625 0.2253453125 0.43041875 0.20351406249999998 0.4353234375 0.1880859375 0.43041875 0.186359375 0.42418125 0.20169375 0.41939843750000005 0.21391093749999998 0.4139921875 0.22924375000000002 0.4064875 0.24307812499999998
0 0.4162796875 0.261215625 0.42626093750000005 0.23834218749999997 0.435825 0.21599062500000002 0.43104375 0.21468906250000003 0.4235578125 0.2323640625 0.4164875 0.24795937499999998 0.4119140625 0.2575765625 0.4050515625 0.26849218750000003 0.4004765625 0.274990625 0.3946546875 0.2791484375 0.3950703125 0.28590625 0.4042203125 0.27732968750000003 0.4142 0.270571875 0.42210156249999997 0.2630328125 0.42958749999999996 0.2515984375 0.4410234375 0.230284375 0.44081562500000004 0.2232671875 0.43416249999999995 0.2341828125 0.42501249999999996 0.2505578125 0.417528125 0.26173437499999996 0.4162796875 0.261215625
0 0.4096296875 0.3271859375 0.41739375 0.3177125 0.42497187500000005 0.305696875 0.431996875 0.2934515625 0.429778125 0.2869796875 0.42238437500000003 0.2999203125 0.4170234375 0.31008749999999996 0.4096296875 0.3207171875 0.40667187499999996 0.3227953125 0.3994625 0.32487499999999997 0.40057187499999997 0.3290359375 0.4046390625 0.3283421875 0.4096296875 0.3271859375
0 0.4055578125 0.335934375 0.4074453125 0.335934375 0.4099609375 0.33554062500000004 0.4132640625 0.3349515625 0.41420781250000005 0.33396875000000004 0.41546562500000006 0.3321984375 0.4162515625 0.330821875 0.4181390625 0.3280703125 0.4187671875 0.32708750000000003 0.42018281249999995 0.3245328125 0.42489999999999994 0.3174578125 0.432290625 0.3064484375 0.4305609375 0.3001578125 0.42427187499999997 0.309790625 0.415621875 0.323353125 0.411534375 0.3282671875 0.40933281250000003 0.3300375 0.4065015625 0.330821875 0.40335625 0.3312171875 0.40367031249999996 0.33573906249999996 0.4055578125 0.335934375
0 0.41609375000000004 0.34418906250000003 0.42254218750000005 0.3333796875 0.42364218749999993 0.33180624999999997 0.43355 0.317259375 0.4304046875 0.313328125 0.41011875 0.3424203125 0.41609375000000004 0.34418906250000003
1 0.3648078125 0.4081390625 0.3654046875 0.357028125 0.358025 0.35628125 0.35642968750000004 0.3662546875 0.36041875 0.3665015625 0.3608171875 0.40614531249999997 0.3610171875 0.40838906250000007 0.3648078125 0.4081390625