1 0.62509375 0.512446875 0.6066265625 0.160428125 0.5961624999999999 0.1592734375 0.61328125 0.501709375 0.615234375 0.513915625 0.62509375 0.512446875
1 0.33065937500000003 0.344328125 0.3317734375 0.260434375 0.32641875 0.260434375 0.325190625 0.3114578125 0.3246703125 0.343025 0.33065937500000003 0.344328125
1 0.9442859374999999 0.06325468749999999 0.9333640624999999 0.0638109375 0.92578125 0.072021875 0.935546875 0.2624515625 0.93359375 0.3405765625 0.9384765625 0.36865312499999997 0.958984375 0.36743125 0.9467390625000001 0.09502031250000001 0.9442859374999999 0.06325468749999999
1 0.8388671875 0 0.85546875 0.3723140625 0.857421875 0.6140140625 0.8740234375 0.6274421875 0.90625 0.6262203125 0.9140625 0.6213375 0.908203125 0.4382328125 0.884765625 0.025634374999999997 0.8798828125 0 0.8388671875 0
0 0.647484375 0.1351359375 0.4326171875 0.1708984375 0.24164687499999998 0.197353125 0.151775 0.206965625 0.15328124999999998 0.2111328125 0.15421875000000002 0.213671875 0.1703546875 0.2127140625 0.1874640625 0.211103125 0.2228125 0.2078125 0.25859375 0.2048828125 0.6494140625 0.1489265625 0.6923828125 0.1489265625 0.6947234375 0.14365624999999999 0.6944890625 0.14013124999999998 0.6944890625 0.1363125 0.6923828125 0.126953125 0.6669921875 0.1293953125 0.647484375 0.1351359375
0 0.74453125 0 0.7424999999999999 0.005078125 0.7375 0.02109375 0.73046875 0.0354 0.725625 0.0583984375 0.708984375 0.10131874999999999 0.693359375 0.12817343750000001 0.701875 0.1283203125 0.71171875 0.1125 0.720703125 0.0964359375 0.720703125 0.091553125 0.734375 0.06225625 0.736328125 0.0476078125 0.7529296875 0 0.74453125 0
0 0.6280953125 0.22980625 0.6381640625 0.204184375 0.650528125 0.16092656249999998 0.654428125 0.148734375 0.6474 0.1500921875 0.6438078125 0.1639890625 0.6318359375 0.2061078125 0.62273125 0.231634375 0.6280953125 0.22980625
0 0.7040390624999999 0 0.6803390625 0.0461265625 0.6598437500000001 0.0828125 0.6393375 0.12044375 0.632015625 0.13581875000000002 0.6368734375 0.13654375000000002 0.674421875 0.07131875 0.710428125 0 0.7040390624999999 0
0 0.230196875 0.0754140625 0.21086718750000003 0.08053906250000001 0.21335 0.08632656250000001 0.2340046875 0.07980625 0.230196875 0.0754140625
0 0.21609375000000003 0.0984375 0.2170171875 0.10360312499999999 0.22015625 0.1037109375 0.2337109375 0.0992109375 0.39234375 0.0482421875 0.41125 0.0416015625 0.5230671874999999 0.0010984375 0.515 0 0.50859375 0.0015625 0.4847015625 0.0084203125 0.4073828125 0.035509374999999996 0.28730625 0.07395 0.21609375000000003 0.0984375
0 0.5706249999999999 0 0.5535249999999999 0.0054921875000000005 0.49055781249999997 0.0256265625 0.4700578125 0.033314062500000005 0.46215 0.035509374999999996 0.36462343750000004 0.06626093749999999 0.2791046875 0.0929859375 0.23171875000000003 0.1087890625 0.20442343749999997 0.116415625 0.20406249999999998 0.1224609375 0.23546874999999998 0.114453125 0.30765625 0.0921875 0.46215 0.042467187499999996 0.529803125 0.020134375 0.583690625 0 0.5709375 0 0.5706249999999999 0
0 1 0.17415624999999998 0.9851359375 0.14442656250000002 0.9567578125 0.09058125 0.9532109375 0.0950171875 0.9701453125 0.12929375 0.989315625 0.16496093750000002 1 0.18623281249999998 1 0.17415624999999998
0 1 0.1003140625 0.9481437500000001 0.10578593750000001 0.9481437500000001 0.11275312500000001 0.9734890625 0.11034531249999999 1 0.1076859375 1 0.1003140625
0 0.835953125 0.0190546875 0.79915625 0.0272390625 0.7995578125 0.0350140625 0.8360937500000001 0.026171875 0.835953125 0.0190546875
0 0.7535937500000001 0.0208984375 0.7535937500000001 0.000390625 0.74949375 0.008234374999999999 0.74734375 0.025 0.74421875 0.0716796875 0.7434125 0.100084375 0.749375 0.0951171875 0.7535937500000001 0.0208984375
0 0.756875 0 0.75265625 0.05625 0.75046875 0.0935546875 0.7546875 0.087890625 0.7581249999999999 0.084375 0.7631249999999999 0 0.756875 0
0 0.795103125 0.078546875 0.7665515625 0.0905 0.76078125 0.093359375 0.75609375 0.101171875 0.7945953125 0.0848828125 0.795103125 0.078546875
0 0.28663906250000004 0 0.26197499999999996 0.008809375 0.2617984375 0.014754687499999999 0.29597656250000004 0.001321875 0.28663906250000004 0
0 0.39727812500000004 0 0.329978125 0.0301703125 0.28170625 0.051531249999999994 0.2876953125 0.059459375 0.3090140625 0.0504296875 0.34671562499999997 0.03655625 0.3909359375 0.02334375 0.421590625 0.014093749999999999 0.462815625 0 0.4522453125 0 0.3939296875 0.016515625 0.43727031250000004 0 0.4259953125 0 0.37543125 0.019159375 0.32398906250000004 0.0378765625 0.324340625 0.0363359375 0.386178125 0.00946875 0.40573437500000004 0 0.39727812500000004 0
0 0.2644640625 0.14778750000000002 0.220771875 0.157609375 0.221140625 0.16312500000000002 0.245478125 0.1580953125 0.35758125 0.132703125 0.430025 0.11713437499999999 0.6040265625 0.07856093750000001 0.6707203125000001 0.0634703125 0.6712953125000001 0.058201562500000005 0.5911953125 0.074490625 0.4679734375 0.10155624999999999 0.3600734375 0.1257578125 0.2644640625 0.14778750000000002
0 0.7140625 0.0556640625 0.71546875 0.056640625 0.7229687499999999 0.0552734375 0.72375 0.052734375 0.7290625000000001 0.051953125 0.72828125 0.0462890625 0.7128125 0.0478515625 0.68203125 0.0541015625 0.6799999999999999 0.06171875 0.7140625 0.0556640625
0 0.73 0 0.7301562500000001 0.0369140625 0.73671875 0.0228515625 0.73671875 0 0.73 0
0 0.7453125 0.0419921875 0.7381249999999999 0.0431640625 0.7365625 0.048828125 0.745625 0.047265625 0.7453125 0.0419921875
0 0.78796875 0.03125 0.76109375 0.0376953125 0.76109375 0.043359375 0.7871875 0.0369140625 0.78796875 0.03125
0 0.73390625 0.103125 0.7346874999999999 0.06171875 0.7284375 0.0740234375 0.7279687499999999 0.1068359375 0.73390625 0.103125
0 0.7252078125 0.328546875 0.7270875 0.235571875 0.72311875 0.239490625 0.719775 0.3356 0.7252078125 0.328546875
0 0.731621875 0.157978125 0.7317812499999999 0.1401171875 0.7263828125 0.14150625 0.7262234375000001 0.1627421875 0.731621875 0.157978125
0 0.70015625 0.13046875 0.72859375 0.12109375 0.7271875 0.1169921875 0.7045312499999999 0.1232421875 0.7006249999999999 0.1302734375 0.70015625 0.13046875
0 0.8072874999999999 0 0.7949234374999999 0.0233984375 0.771740625 0.064184375 0.7453125 0.1015625 0.7296671875 0.11870624999999999 0.7186765625 0.12664999999999998 0.71180625 0.1322296875 0.7051093749999999 0.13523593750000001 0.69480625 0.1367390625 0.6944671875 0.142534375 0.7092359375 0.1408171875 0.7212578125 0.1333046875 0.74358125 0.11591562500000001 0.7607546875 0.09359218750000001 0.7782703125 0.06783281249999999 0.8095203124999999 0.0124515625 0.815703125 0 0.8072874999999999 0
0 0.7271875 0.1068359375 0.7159375 0.115234375 0.71875 0.11953125 0.72984375 0.1123046875 0.7403125 0.10703125 0.74140625 0.1017578125 0.7271875 0.1068359375
0 0.6171249999999999 0.153725 0.6080609375 0.1663390625 0.60823125 0.1744640625 0.623796875 0.1535125 0.6171249999999999 0.153725
0 0.657834375 0.1492359375 0.6453484375 0.1932796875 0.638334375 0.2142328125 0.6309796875 0.22962656250000002 0.635940625 0.232834375 0.6438078125 0.215728125 0.6544125000000001 0.1798109375 0.66279375 0.1498765625 0.657834375 0.1492359375