1 0.21859375 0 0.21828124999999998 0.027734375 0.189796875 0.0274859375 0.18956562500000002 0.043687500000000004 0.21625 0.044921875 0.216796875 0.0671390625 0.21703125 0.081640625 0.20734375 0.08203125 0.20703125 0.0734375 0.2001953125 0.0732421875 0.18574375 0.07255625 0.1860609375 0.0926328125 0.1904296875 0.0927734375 0.21625 0.0923828125 0.21675312500000002 0.1059515625 0.1846296875 0.106546875 0.185 0.12734375 0.18937500000000002 0.1271484375 0.1932171875 0.126425 0.1935359375 0.11728125 0.20085000000000003 0.1164859375 0.200625 0.1267578125 0.21531250000000002 0.1259765625 0.210109375 0.49677812499999996 0.21034375 0.5114640625 0.220703125 0.511475 0.22703125000000002 0.1171875 0.24421875 0.116796875 0.244375 0.1267578125 0.2528125 0.1275390625 0.2525 0.115234375 0.2521875 0.1083984375 0.22804375000000002 0.10714531249999999 0.2279890625 0.0922953125 0.2571515625 0.09171718749999999 0.256509375 0.0733515625 0.23567812500000002 0.0727546875 0.2358359375 0.081103125 0.229315625 0.0815015625 0.22921874999999997 0.07421875 0.228515625 0.0500484375 0.2299046875 0.04328125 0.25506875 0.0433984375 0.257615625 0.0433984375 0.2575 0.0265625 0.25125000000000003 0.0271484375 0.2496875 0.032421875 0.2290625 0.0326171875 0.2293765625 0 0.21859375 0
1 0.2908921875 0.42679687499999996 0.290634375 0.51544375 0.296875 0.5163578125 0.298828125 0.4284671875 0.2908921875 0.42679687499999996
1 0.334215625 0.4064875 0.333984375 0.521240625 0.33984375 0.52368125 0.34014687499999996 0.40584375 0.334215625 0.4064875
1 0.5832453125 0.3710296875 0.5783453125 0.2208125 0.5690609375 0.2208125 0.5733859375 0.3493390625 0.57490625 0.36955 0.5832453125 0.3710296875
0 0.333840625 0.24250937499999997 0.332609375 0.2495453125 0.339971875 0.254278125 0.346659375 0.2577828125 0.3655015625 0.26823437499999997 0.3749984375 0.273290625 0.41475 0.29197812500000003 0.4163328125 0.29131874999999996 0.4170234375 0.286875 0.333840625 0.24250937499999997
0 0.311503125 0.16423749999999998 0.3333125 0.241409375 0.3408765625 0.24272812500000002 0.317834375 0.1626984375 0.311503125 0.16423749999999998
0 0.2640625 0 0.26682656250000003 0.013412499999999999 0.2793140625 0.0690375 0.2972546875 0.13279687499999998 0.3069296875 0.15808125 0.3155484375 0.15852187499999998 0.3053125 0.1328125 0.2953203125 0.1020171875 0.26953125 0 0.2640625 0
0 0.0467828125 0 0.09140781249999999 0.060345312500000005 0.11625 0.0908203125 0.1596875 0.1375 0.18453124999999998 0.1591796875 0.20437500000000003 0.174609375 0.20625624999999997 0.1760203125 0.2109375 0.17211875000000001 0.1718984375 0.13780937499999998 0.14814531250000001 0.114009375 0.11953125 0.0810546875 0.1021 0.059729687499999996 0.0540359375 0 0.0467828125 0
0 0 0.112821875 0.04171875 0.165234375 0.046375 0.16025 0 0.1027890625 0 0.112821875
0 0.12046874999999999 0 0.15234375 0.03828125 0.1754953125 0.061829687499999994 0.179453125 0.0657875 0.186378125 0.0722171875 0.19140625 0.0695796875 0.1540625 0.0306640625 0.13625 0.011328125 0.12687500000000002 0 0.12046874999999999 0
0 0.182984375 0.078803125 0.184696875 0.07366249999999999 0.1578125 0.0505859375 0.14156249999999998 0.0357421875 0.13343750000000001 0.0275390625 0.10796874999999999 0 0.10085625000000001 0.00078125 0.13103437499999998 0.034790625 0.13765624999999998 0.041796875 0.16671875 0.066796875 0.182984375 0.078803125
0 0.23140624999999998 0.0017578125 0.24890625000000002 0.0287109375 0.25499062499999997 0.026710937499999997 0.23726250000000002 0 0.23140624999999998 0.0017578125
0 0.28515625 0.157421875 0.2787875 0.1310390625 0.27328125000000003 0.10859375 0.257825 0.043696875 0.2553125 0.0451171875 0.25390625 0.0458984375 0.26524375 0.10443593749999999 0.27509375 0.1418125 0.2796875 0.15859375 0.283184375 0.157421875 0.28515625 0.157421875
0 0.169375 0 0.16218749999999998 0.0013671875 0.18796875 0.03046875 0.192765625 0.0248140625 0.169375 0
0 0.19375 0.044921875 0.20203125000000002 0.072265625 0.20890625 0.072265625 0.20015624999999998 0.0447265625 0.19375 0.044921875
0 0.20812499999999998 0 0.215625 0.0171875 0.2170734375 0.0071078125 0.21359374999999997 0 0.20812499999999998 0
0 0.6739734375 0.2719125 0.6466265625000001 0.2616328125 0.6462484374999999 0.26951562500000004 0.6737375 0.2806734375 0.6739734375 0.2719125
0 0.6182125 0.25044062500000003 0.5789828124999999 0.236959375 0.578778125 0.24415625 0.590703125 0.2480109375 0.6180484374999999 0.25777656250000003 0.6182125 0.25044062500000003
0 0.0006328125 0.1727015625 0.00016406249999999998 0.18325 0.033925 0.227209375 0.05953125 0.26015625 0.06218749999999999 0.2521484375 0.0297046875 0.2107984375 0.0006328125 0.1727015625
0 0 0.08023749999999999 0.031406250000000004 0.1138671875 0.03609375 0.119140625 0.0507046875 0.1350484375 0.062709375 0.1475921875 0.06984375000000001 0.1462890625 0.06703125 0.1431640625 0.032353124999999996 0.1055015625 0 0.069884375 0 0.08023749999999999
0 0.2469203125 0.17509999999999998 0.2303015625 0.136765625 0.22753125000000002 0.145915625 0.23959999999999998 0.1738625 0.24078750000000002 0.1763359375 0.2469203125 0.17509999999999998
0 0.24796875 0.12734375 0.24181875000000003 0.12860625 0.249534375 0.15309062499999998 0.264175 0.18029375 0.269121875 0.17683125 0.25665781249999997 0.1518515625 0.24796875 0.12734375
0 0.2498890625 0.1278625 0.25325156249999997 0.1384984375 0.2651234375 0.1652078125 0.276203125 0.1854890625 0.27837968750000003 0.17905625 0.27125 0.1650390625 0.26 0.139453125 0.25345 0.12069218749999999 0.2498890625 0.1278625
0 0.24937499999999999 0.0947265625 0.2629890625 0.1375078125 0.27525468750000004 0.1624859375 0.2784203125 0.1567984375 0.2677375 0.13206562500000002 0.2554703125 0.0952171875 0.25406249999999997 0.0908203125 0.24937499999999999 0.0947265625
0 0.760903125 0 0.794215625 0.018471875 0.798015625 0.0131953125 0.774975 0 0.760903125 0
0 0.19718750000000002 0.021875 0.20421874999999998 0.0322265625 0.2084375 0.0302734375 0.19015625 0 0.18328125 0.00078125 0.19718750000000002 0.021875
0 0.19171875 0 0.20875 0.028515625 0.21265625 0.0244140625 0.1984375 0 0.19171875 0
0 0 0.05594687499999999 0.030104687499999998 0.09298125 0.055748437500000005 0.12603124999999998 0.0622796875 0.122446875 0.052721874999999994 0.1111 0 0.0465890625 0 0.05594687499999999
0 0 0.043803125 0.0355203125 0.0882015625 0.06275625 0.12165 0.0667390625 0.11866406249999999 0.0460328125 0.0923828125 0 0.035040625 0 0.043803125
1 0.277215625 0.1569859375 0.277215625 0.16571875 0.2926171875 0.16552031250000002 0.292934375 0.17881562499999998 0.2770578125 0.179215625 0.277215625 0.186359375 0.2927765625 0.18655625 0.29309375000000004 0.203428125 0.30007968749999997 0.203625 0.300396875 0.165915625 0.316909375 0.1645265625 0.31656249999999997 0.157421875 0.30055624999999997 0.1581765625 0.300396875 0.15440625 0.2932515625 0.15420625 0.2932515625 0.1571828125 0.277215625 0.1569859375
0 0.23297343750000002 0.0451234375 0.2358359375 0.05725 0.2375859375 0.06341250000000001 0.2401296875 0.0711640625 0.24696875000000001 0.07096406250000001 0.24410625000000002 0.06221875 0.23822187499999997 0.044128125000000004 0.23297343750000002 0.0451234375