1 0.248640625 0 0.2547546875 0.01706875 0.255859375 0.091553125 0.2651640625 0.0949578125 0.26555625 0 0.2568359375 0 0.248640625 0
1 0.3979328125 0.1559125 0.3924046875 0.1559125 0.390940625 0.161809375 0.36118125 0.159775 0.35321250000000004 0.16018125 0.341340625 0.161196875 0.340040625 0.15286249999999998 0.332559375 0.152253125 0.332559375 0.1683125 0.36199375 0.16953281250000002 0.36053125 0.18030625 0.332559375 0.181525 0.332884375 0.188234375 0.3576375 0.1903328125 0.3567390625 0.4427765625 0.363034375 0.4355390625 0.369140625 0.20385781249999999 0.3720703125 0.192871875 0.39744531250000004 0.189453125 0.3977703125 0.181728125 0.373046875 0.17944374999999999 0.3711015625 0.1707515625 0.3920796875 0.1707515625 0.3967953125 0.1711578125 0.3984375 0.16723593750000001 0.3979328125 0.1559125
1 0.41796875 0.2624515625 0.4345703125 0.2587890625 0.4345703125 0.25146562499999997 0.39349375000000003 0.251646875 0.3937015625 0.2602171875 0.41015625 0.2624515625 0.40922187499999996 0.4170453125 0.41187031249999995 0.41644375 0.41740625 0.417646875 0.41796875 0.2624515625
0 0.013051562499999999 0 0.0048078125 0.00064375 0.12141093750000001 0.091015625 0.1411609375 0.10647031250000001 0.2170640625 0.16099375 0.21620625000000002 0.153696875 0.12089687499999999 0.08264375 0.013051562499999999 0
0 0.14525 0.167990625 0.11265624999999999 0.1796875 0.0519390625 0.19846875 0.024274999999999998 0.20608749999999998 0.00036093750000000004 0.2090203125 0.00036093750000000004 0.2199921875 0.06953125 0.2177734375 0.20921875 0.2037109375 0.20620625 0.1967109375 0.15484375 0.20234375 0.10359375 0.2072265625 0.038809375 0.21195 0.12203125 0.1857421875 0.2038609375 0.1515796875 0.19729687499999998 0.1463046875 0.14525 0.167990625
0 0 0.0501953125 0.0393484375 0.08043125 0.1159609375 0.130196875 0.16364218749999998 0.1579703125 0.1696609375 0.1573921875 0.168965625 0.153921875 0.15137499999999998 0.1426359375 0.13109375 0.131859375 0.048375 0.079275 0.0081015625 0.0486078125 0 0.043146875 0 0.0501953125
0 0 0.10213281249999999 0.024534375 0.096634375 0.041662500000000005 0.092584375 0.072215625 0.11341562499999999 0.10948125 0.1388765625 0.145125 0.16086562499999998 0.15160625 0.16375781250000002 0.1597078125 0.15999531250000001 0.1497546875 0.1547890625 0.1078609375 0.130775 0.04745 0.0885328125 0.00069375 0.054103124999999995 0 0.0613375 0.037728125 0.085640625 0.037034375 0.08824375 0 0.0948984375 0 0.10213281249999999
0 0.3556796875 0.2332953125 0.35676562500000003 0.22888437499999997 0.3098078125 0.181384375 0.30234375 0.1734375 0.29786562499999997 0.179009375 0.3369515625 0.21735000000000002 0.3556796875 0.2332953125
0 0.33786875 0.1527359375 0.37406562499999996 0.15804218750000001 0.376121875 0.153734375 0.339759375 0.1469375 0.33786875 0.1527359375
0 0.272603125 0.1303203125 0.296353125 0.1349046875 0.29914687500000003 0.13119375 0.275746875 0.126171875 0.272603125 0.1303203125
0 0.0704078125 0.0796390625 0.023010937500000002 0.0444359375 0.00034375 0.026403125 0 0.03176875 0.02078125 0.048514062499999996 0.081571875 0.0927328125 0.139615625 0.1315859375 0.1634859375 0.1444671875 0.1787703125 0.15305312499999998 0.18357812499999998 0.14983125 0.1382421875 0.12364375000000001 0.0704078125 0.0796390625
0 0.62689375 0.2121328125 0.5298875 0.1918 0.3982828125 0.161671875 0.3988984375 0.167353125 0.4981640625 0.19113906249999998 0.5953671875000001 0.2111984375 0.684703125 0.2268296875 0.7858734375 0.23845312500000002 0.80115 0.238971875 0.8013781249999999 0.2345328125 0.784653125 0.2334453125 0.768825 0.23173906249999998 0.6972453125 0.22389062499999998 0.62689375 0.2121328125