1 0.9565781250000001 0 0.9609375 0.44555625 0.9778853640625 0.449207003125 0.978515625 0.4382328125 0.9765625 0.0378421875 0.9756031249999999 0 0.9565781250000001 0
1 0.25953125 0.169375 0.25582812499999996 0.1635359375 0.23731718750000003 0.16388125 0.2346875 0.1628125 0.23546874999999998 0.14859375 0.2578125 0.1475484375 0.25859062499999996 0.137634375 0.23562500000000003 0.13734375000000001 0.23531249999999998 0.11953125 0.24859375 0.11875 0.2525 0.12265625 0.25875 0.12265625 0.25914375 0.110696875 0.236875 0.1084375 0.23421875 0.10328124999999999 0.22546875000000002 0.1034375 0.224609375 0.10848593749999999 0.22265625 0.26961875 0.21107187500000002 0.27128125000000003 0.211823409375 0.2809999734375 0.22265625 0.2818265625 0.22405624999999998 0.3966390625 0.23096250000000002 0.3949125 0.2326558921875 0.313441396875 0.2371086375 0.3129643171875 0.23838085000000003 0.3101018390625 0.23790377031249998 0.28402147968749997 0.24458288593750002 0.280840946875 0.244225 0.27128125000000003 0.2345642109375 0.27050421875 0.234375 0.21835 0.24426483281250003 0.21818447343749997 0.24331067343749999 0.186697209375 0.23828125 0.181728125 0.23531249999999998 0.18171874999999998 0.23515625 0.175625 0.23953125000000003 0.17625 0.24500000000000002 0.17640625000000001 0.25453125 0.175625 0.26015625 0.17484375000000002 0.25953125 0.169375
1 0.34140625 0.3015625 0.3578125 0.30062500000000003 0.35734374999999996 0.290625 0.3447265625 0.29018125 0.31875 0.29 0.31843750000000004 0.2953125 0.31859375 0.30078125 0.333984375 0.30116875 0.3349890625 0.456459375 0.341203125 0.45382812499999997 0.34140625 0.3015625
1 0.37234375000000003 0.3559375 0.38334375 0.354178125 0.3834375 0.34875 0.3715625 0.3490625 0.37203125 0.34578125000000004 0.38375 0.34546875 0.38375 0.33718750000000003 0.36546875 0.338125 0.35481875 0.33840625 0.35421874999999997 0.34546875 0.36531250000000004 0.34640624999999997 0.36484375 0.349375 0.3540625 0.34953124999999996 0.35390625 0.35609375 0.364375 0.35578125 0.3642609375 0.35734374999999996 0.3640625 0.36328125 0.367115625 0.4789296875 0.373046875 0.4797359375 0.37234375000000003 0.3559375
1 0.3984375 0.3896875 0.40453124999999995 0.38828125 0.4031234375 0.3814953125 0.38703125 0.37796875 0.3835828125 0.3803984375 0.3846796875 0.384515625 0.3915625 0.38937499999999997 0.3919265625 0.4020796875 0.3928046875 0.46465781249999993 0.399171875 0.46410937499999994 0.3984375 0.3896875
1 0.4033203125 0.4052734375 0.4016578125 0.46091875 0.40625 0.462646875 0.408203125 0.40649375 0.4033203125 0.4052734375
1 0.0239220109375 0.302959671875 0.03134375 0.30143906249999997 0.03125 0.29663125 0.027357812500000002 0.2907953125 0.0146484375 0.2880859375 0.008603125 0.2933625 0.008341228124999999 0.2982382234375 0.016052928124999997 0.2998120390625 0.0152953125 0.3065078125 0.01449375 0.37798750000000003 0.0188421875 0.37753749999999997 0.0239220109375 0.302959671875
0 0.390346875 0.1412671875 0.273125 0.1678125 0.27531249999999996 0.17484375000000002 0.43370312499999997 0.1375078125 0.477709375 0.125003125 0.5435109375 0.101071875 0.66640625 0.055078125 0.7575000000000001 0.01796875 0.792503125 0.0023828125 0.7837500000000001 0 0.6839062499999999 0.03984375 0.471875 0.11796875 0.390346875 0.1412671875
0 0.6754578125 0.0134765625 0.5726515625 0.0529828125 0.44143125000000005 0.09652812499999999 0.3609375 0.1203125 0.332325 0.127328125 0.3220703125 0.129296875 0.2894984375 0.1370421875 0.271728125 0.1396421875 0.265115625 0.14016562500000002 0.2657796875 0.14730937500000002 0.29046875 0.1440625 0.3613046875 0.12991406249999998 0.47069375 0.09613125 0.473009375 0.09489062499999999 0.4786125 0.0929390625 0.48084218749999996 0.0917765625 0.5836328125 0.056460937499999996 0.731559375 0.0004109375 0.7130484375 0 0.6754578125 0.0134765625
0 0.38156249999999997 0.08828125 0.318415625 0.10268437500000001 0.28743281249999997 0.1088390625 0.2790109375 0.11003125 0.25890625 0.112890625 0.2603203125 0.1203203125 0.2946875 0.1158203125 0.2996875 0.1150390625 0.3784546875 0.09652812499999999 0.47832187499999995 0.06386875 0.5671578125 0.0304828125 0.6365515625 0.0010234375 0.6242796875 0 0.5904359375 0.012909375 0.4939984375 0.0486265625 0.38156249999999997 0.08828125
0 0.21561406249999998 0.0651453125 0.20544531250000003 0.053625 0.1622265625 0.000396875 0.1534875 0 0.20337968750000002 0.06355625000000001 0.24326093750000002 0.1076484375 0.24593437499999998 0.10864218750000001 0.252953125 0.10903906249999999 0.21561406249999998 0.0651453125
0 0.12449218749999999 0 0.194765625 0.0868171875 0.223559375 0.11658593749999999 0.2267078125 0.110978125 0.19082656250000002 0.07070625 0.13301093749999998 0 0.12449218749999999 0
0 0.1012125 0 0.09386093749999999 0.0002046875 0.15364687500000002 0.073884375 0.190834375 0.11466406250000001 0.21868125 0.14169375 0.2232671875 0.14537968750000002 0.2240359375 0.13982343749999998 0.17271406250000002 0.083615625 0.1012125 0
0 0.6318359375 0.1904296875 0.48091875 0.1964140625 0.32676249999999996 0.1938109375 0.2504515625 0.1918578125 0.2431421875 0.1918578125 0.2424109375 0.198559375 0.29795937499999997 0.2019078125 0.2434515625 0.2025296875 0.2428984375 0.2086078125 0.25240625 0.20851562499999998 0.496096875 0.20608749999999998 0.9082609375 0.18494375000000002 0.9605828125 0.1793109375 0.9595812499999999 0.173678125 0.8018625 0.18369375 0.9607609374999999 0.16194843750000001 0.958984375 0.15502968749999999 0.8076828125000001 0.17409531250000002 0.6318359375 0.1904296875
0 0 0.18910312499999998 0.0468421875 0.218678125 0.0926046875 0.25192187499999996 0.1453078125 0.2817125 0.1974546875 0.2986546875 0.22357812500000002 0.302571875 0.223396875 0.29623125 0.19466250000000002 0.28952187500000004 0.1826171875 0.28564531249999997 0.154628125 0.2754390625 0.1083984375 0.25146562499999997 0.0807875 0.232584375 0.05090625 0.20971718749999999 0.0419921875 0.2001953125 0 0.17944374999999999 0 0.18910312499999998
0 0 0.28105625 0.00671875 0.280078125 0.10580937500000001 0.262259375 0.10055624999999999 0.2561453125 0 0.272153125 0 0.28105625
0 0.09353281249999999 0.37127187500000003 0.12885625 0.3563453125 0.1574977859375 0.34337068125000003 0.2129375 0.3115703125 0.2099515625 0.3084609375 0.18598125000000001 0.31950781250000004 0.1654140625 0.33140000000000003 0.1403 0.3432875 0.11886250000000001 0.35264843749999997 0.0890546875 0.36567343750000003 0.09353281249999999 0.37127187500000003
0 0.2015828125 0.28281093749999997 0.221584375 0.291928125 0.223696875 0.28546875 0.1675921875 0.25727656250000003 0.1156765625 0.22805625 0.0884578125 0.2025390625 0.081228125 0.204665625 0.11172656249999999 0.23370625 0.126096875 0.2425859375 0.14639375 0.2545578125 0.2015828125 0.28281093749999997
0 0.097890625 0.204771875 0.09425781250000001 0.210446875 0.13625 0.2361328125 0.1471875 0.2419921875 0.16596249999999999 0.2511625 0.21178906249999999 0.272178125 0.2192296875 0.26882812500000003 0.1552265625 0.2386875 0.1203546875 0.2174234375 0.097890625 0.204771875
0 0 0.2550125 0.033596875 0.2498515625 0.0744234375 0.242940625 0.0704734375 0.23715000000000003 0.0387 0.24134531250000002 0 0.24821875000000002 0 0.2550125
0 1 0.173053125 0.9767890625 0.1743125 0.9773422625 0.18351748750000002 1 0.1830921859375 1 0.173053125
0 0.8680953125 0.2763953125 0.837246875 0.42984375 0.84285625 0.4294921875 0.8917265625 0.18638593750000002 0.8856531249999999 0.18560156249999998 0.8823796875 0.20311093750000003 0.8680953125 0.2763953125
0 0.9232812499999999 0 0.8932890625000001 0.13858593749999998 0.8903078125 0.16235312500000001 0.8986750000000001 0.16115625 0.9272875 0.0050078125 0.9282875 0 0.9232812499999999 0
0 0.301984375 0.39204531249999997 0.28250156249999997 0.3693640625 0.23837812500000002 0.30418124999999996 0.2378078125 0.31091250000000004 0.2550328125 0.3407765625 0.2853671875 0.3836890625 0.31170624999999996 0.4095359375 0.326815625 0.41233906249999996 0.3344875 0.4109234375 0.3342703125 0.40500781249999995 0.3309109375 0.40547500000000003 0.32670781249999997 0.40536874999999994 0.31448437500000004 0.401896875 0.301984375 0.39204531249999997
0 0.2888046875 0.351934375 0.28956875000000004 0.3488296875 0.2706359375 0.3293796875 0.2385703125 0.29248281249999997 0.2370421875 0.29916875 0.2803953125 0.34861718750000004 0.2888046875 0.351934375
0 0.269509375 0.313896875 0.26913125 0.3099125 0.2634015625 0.30274843749999997 0.242771875 0.278634375 0.2387296875 0.2852734375 0.26275312500000003 0.31295625 0.269509375 0.313896875
0 0.320875 0.2971171875 0.3275265625 0.29395 0.3120046875 0.27335937499999996 0.3348125 0.29355312499999997 0.34368125 0.29038437500000003 0.3189734375 0.270190625 0.29775 0.2400984375 0.286346875 0.20842187499999998 0.28159531250000003 0.20842187499999998 0.2844453125 0.22307187499999998 0.27811093750000004 0.208815625 0.2709375 0.21015625 0.301234375 0.257915625 0.30281875 0.2729625 0.320875 0.2971171875
0 0.355565625 0.3017078125 0.3722328125 0.33823125 0.3775828125 0.33694375 0.3590640625 0.299390625 0.355565625 0.3017078125
0 0.3693515625 0.3356578125 0.35433125 0.3022203125 0.34898125 0.3055640625 0.3656484375 0.34028749999999997 0.3693515625 0.3356578125
0 0.2690859375 0.192225 0.2597921875 0.17433437499999999 0.2544015625 0.1780515625 0.26202187499999996 0.1926890625 0.2690859375 0.192225
0 0.27993437499999996 0.192384375 0.2795625 0.189828125 0.2593015625 0.12198281250000001 0.25298125 0.12221562500000001 0.26394843749999997 0.1640390625 0.25744218750000003 0.1494 0.2531671875 0.1505625 0.2721265625 0.19215312499999998 0.27993437499999996 0.192384375
0 0 0.163515625 0.013125000000000001 0.165625 0.0523390625 0.1868171875 0.057596875000000006 0.19727343749999998 0.06572343750000001 0.202053125 0.0762390625 0.1966765625 0.0757609375 0.191296875 0.0898609375 0.1909984375 0.223696875 0.19816875 0.2248921875 0.19010312499999998 0.06765625 0.1771484375 0.051621875 0.1706859375 0 0.1354328125 0 0.1432015625 0.041584375 0.1700875 0 0.1464859375 0 0.163515625
0 0.041345312499999995 0.199559375 0.0458859375 0.20702812499999998 0.0898609375 0.20613125000000002 0.2239359375 0.2079234375 0.22345781250000002 0.2022484375 0.10491718750000001 0.200753125 0.041345312499999995 0.199559375
0 0.9998875 0.15239843749999998 0.97760625 0.1514609375 0.9786078125 0.1617875 1 0.1630390625 0.9998875 0.15239843749999998
0 0.861934375 0.42776875 0.8648140625 0.43016875 0.9284593750000001 0.27745156249999997 0.9588421874999999 0.1950953125 0.95724375 0.1859 0.9321453125 0.253403125 0.861934375 0.42776875
0 0.9520421875 0.1797359375 0.8588687500000001 0.41992343749999994 0.86209375 0.42355 0.9568640625 0.18236875 0.9520421875 0.1797359375
0 0.22352031249999998 0.309490625 0.222603125 0.303471875 0.176753125 0.3031859375 0.0222375 0.32439062500000004 0.022695312500000002 0.3306953125 0.12861093750000002 0.3178015625 0.18065 0.3097765625 0.22352031249999998 0.309490625
0 0.1542859375 0.2963078125 0.0217796875 0.3123546875 0.0213203125 0.31808749999999997 0.1779 0.3020390625 0.19440625 0.29888593750000003 0.1827140625 0.293728125 0.1542859375 0.2963078125
0 0.1586421875 0.294303125 0.1196703125 0.267365625 0.11623125000000001 0.269084375 0.1249421875 0.2762484375 0.1503890625 0.296021875 0.1586421875 0.294303125
0 0 0.318425 0.014314062499999999 0.3188796875 0.0150375 0.3123109375 0 0.31163124999999997 0 0.318425
0 0.22120597812499998 0.2245455359375 0.1658647265625 0.24140235468750001 0.170635525 0.2468092578125 0.2250226171875 0.22995244062500003 0.22120597812499998 0.2245455359375
0 0.2165942078125 0.223114296875 0.1556870265625 0.2081657984375 0.14376003125 0.2116643828125 0.213572703125 0.22740801562500002 0.2165942078125 0.223114296875
0 0.10670683750000001 0.23011146718750003 0.08380700937499999 0.2347232375 0.09096320625 0.23949403593750002 0.11195471562499999 0.23535934374999998 0.10670683750000001 0.23011146718750003
0 0.1367628625 0.2495127109375 0.1141810875 0.253488375 0.12165533749999999 0.2581001453125 0.14312392499999999 0.2539654546875 0.1367628625 0.2495127109375