1 0.6929531250000001 0 0.6927218749999999 0.028575 0.6650140625 0.030884375 0.663396875 0.0458921875 0.6708984375 0.0463875 0.6953125 0.0476078125 0.7001296875 0.251471875 0.7019417546875 0.4157523875 0.70703125 0.4113765625 0.716796875 0.404053125 0.7151546875 0.212259375 0.708984375 0.045165625 0.7407515625000001 0.0415625 0.7402890625 0.0288640625 0.7099609375 0.029296875 0.7075 0 0.6982640625000001 0 0.6929531250000001 0
1 0.55078125 0.16195781250000002 0.55605468125 0.1602684703125 0.5666560984375 0.1598527296875 0.5666560984375 0.153200859375 0.573100096875 0.1502906671875 0.5726843546875 0.14322305625 0.5498859375 0.1442953125 0.5499109375 0.1346265625 0.5784203125 0.132646875 0.5777875 0.123540625 0.5087312500000001 0.12195625000000002 0.5078125 0.12777812500000002 0.5077546875000001 0.1347765625 0.5368193406249999 0.1351200578125 0.5364865328125 0.143773065625 0.514335521875 0.1456756171875 0.515727725 0.155487440625 0.52050875625 0.15590318125 0.5203008859375 0.1629707921875 0.53515625 0.16195781250000002 0.5324928359375 0.19602392500000002 0.5084140625 0.19758437499999998 0.5078650421875001 0.20667378281249998 0.535937940625 0.2084901703125 0.5364865328125 0.23030315156249997 0.5106484375 0.2306578125 0.5108603140625 0.242284240625 0.5398146125000001 0.24494670468750002 0.5421769624999999 0.478200890625 0.555539053125 0.47901071406250006 0.556640625 0.46957343749999997 0.555539053125 0.4644338875 0.55078125 0.244965625 0.5824140390625 0.2412858171875 0.58307965625 0.22863911093749997 0.5520336828125 0.2316278 0.5517578125 0.2071234375 0.5804670359374999 0.2054734078125 0.5806375 0.19560625 0.55078125 0.19613750000000002 0.55078125 0.16195781250000002
0 0.673328125 0.06082968749999999 0.6758453125 0.0448359375 0.67165 0.0437875 0.66829375 0.05375 0.66453125 0.0580078125 0.62234375 0.0669921875 0.5556640625 0.078125 0.2421875 0.10131874999999999 0.13528437499999998 0.1077203125 0.13745000000000002 0.113740625 0.26463437500000003 0.106053125 0.5192296875 0.08786406249999999 0.397421875 0.10752187499999999 0.35629218749999997 0.113103125 0.3006875 0.1207046875 0.24664531250000002 0.12809375 0.139603125 0.138075 0.1405421875 0.14424375 0.29330625 0.1301421875 0.364753125 0.12074218750000001 0.39013593750000003 0.1163359375 0.4604953125 0.1050140625 0.573921875 0.0840203125 0.65578125 0.073046875 0.664728125 0.0807578125 0.6758453125 0.06974375000000001 0.6861234375 0.046934375 0.6815078125 0.0456234375 0.673328125 0.06082968749999999
0 0.441875 0.2697265625 0.48185781250000004 0.2579578125 0.51280625 0.24815937500000002 0.5114062500000001 0.24292031249999999 0.44749999999999995 0.260546875 0.34875 0.28515625 0.321953125 0.2917484375 0.32375 0.2982421875 0.3420046875 0.294546875 0.441875 0.2697265625
0 0.6854843749999999 0.029921874999999997 0.69336875 0.018909375 0.6915140625 0.0119546875 0.6793859375 0.029046875 0.6854843749999999 0.029921874999999997
0 0.718125 0.0201171875 0.70844375 0.0096375 0.70635625 0.015142187500000001 0.7214640625000001 0.0296859375 0.7265312500000001 0.028184375 0.7223437500000001 0.02421875 0.718125 0.0201171875
0 0.516875 0.1212890625 0.525 0.0935546875 0.5197812500000001 0.09403125 0.511684375 0.121128125 0.516875 0.1212890625
0 0.5688875 0.0868484375 0.5589625 0.12080312499999998 0.561875 0.12109375 0.566015625 0.12145781250000001 0.57541875 0.086521875 0.5688875 0.0868484375
0 0.629854928125 0.194128515625 0.67875 0.20703125 0.67890625 0.2044921875 0.6790625 0.201171875 0.63144905 0.18792915625 0.629854928125 0.194128515625
0 0.6359375 0.07578125 0.6275000000000001 0.0787109375 0.63796875 0.0830078125 0.65703125 0.0830078125 0.65953125 0.077734375 0.6381249999999999 0.0779296875 0.6359375 0.07578125
0 0.6030796875 0.0818578125 0.6016640625 0.083078125 0.5817593750000001 0.13287500000000002 0.5537375 0.196078125 0.559525 0.1976 0.57414375 0.16638124999999998 0.607953125 0.0822390625 0.6030796875 0.0818578125
0 0.63199375 0 0.6228578125 0.024178125 0.606396875 0.06713125 0.6121578125 0.067646875 0.6294421875 0.02211875 0.6384375 0 0.63199375 0
0 0.5518671875 0.000771875 0.544665625 0 0.5376703125 0.027521875 0.5230609375 0.079734375 0.53046875 0.0799921875 0.54055 0.0424390625 0.5518671875 0.000771875
0 0.5724453125 0 0.5469296875 0.07690625 0.5537203125 0.0771625 0.56750625 0.036009374999999996 0.5788234375 0.00154375 0.5724453125 0
0 0.603721875 0.000771875 0.5977546874999999 0 0.5831453125 0.0491265625 0.5761484375 0.0748484375 0.58088125 0.0745890625 0.590140625 0.047584375 0.603721875 0.000771875
0 0.6265625 0.2645953125 0.605721875 0.2502125 0.6033328124999999 0.2564546875 0.62330625 0.26920937500000003 0.6265625 0.2645953125
0 0.6202671875 0.2168328125 0.6849640625 0.2564546875 0.6870296875 0.2515234375 0.684746875 0.2502125 0.6224375 0.2097765625 0.6202671875 0.2168328125
0 0.6278859375 0.1487515625 0.6255531249999999 0.14557031250000002 0.5988249999999999 0.197009375 0.58143125 0.22617812499999998 0.5841890624999999 0.23148125 0.6077343749999999 0.191971875 0.6278859375 0.1487515625
0 0.6758765624999999 0.07368749999999999 0.6711953125 0.0731296875 0.6529171875 0.11631875 0.6226 0.191409375 0.60721875 0.22109062499999999 0.582921875 0.264 0.596296875 0.23279375 0.6504640625 0.1098765625 0.6630499999999999 0.0802328125 0.658434375 0.07603750000000001 0.6422171875 0.1132203125 0.593175 0.2284875 0.5798015624999999 0.2580234375 0.5517140625 0.31375156249999997 0.5537203125 0.3201421875 0.55801875 0.312490625 0.557509375 0.316521875 0.5597390625 0.316521875 0.5673171875 0.313178125 0.5726671875 0.309834375 0.5844828125 0.2945078125 0.596296875 0.2711015625 0.606328125 0.24685937500000002 0.619034375 0.2171875 0.6304031250000001 0.1884875 0.6542546875 0.130809375 0.6758765624999999 0.07368749999999999
0 0.5178125 0.323046875 0.5392187500000001 0.31796875 0.538125 0.3130859375 0.47109375 0.328125 0.47125000000000006 0.3330078125 0.5178125 0.323046875
0 0.53796875 0.3251953125 0.488125 0.33515625 0.489375 0.340234375 0.5396875 0.330078125 0.53796875 0.3251953125
0 0.5431250000000001 0.090234375 0.534375 0.1185546875 0.5384375 0.120703125 0.5484375 0.0904296875 0.5431250000000001 0.090234375
0 0.6946875 0.0669921875 0.67625 0.0681640625 0.67515625 0.0740234375 0.69484375 0.0732421875 0.6946875 0.0669921875