1 0.1628125 0.22421875 0.1640625 0.2470703125 0.17234218750000002 0.24732343750000002 0.172990625 0.1924546875 0.177746875 0.18369375 0.1764953125 0.1808765625 0.1724890625 0.1799375 0.1712375 0.173365625 0.16640625 0.171875 0.161725 0.1768078125 0.159375 0.1826171875 0.1629765625 0.19370625 0.1628125 0.22421875
1 0.542021875 0.06475 0.5421859375 0.0508609375 0.541859375 0.0424859375 0.5394078125 0.04228125 0.5377734375000001 0.042078125 0.5338812500000001 0.042384375 0.533525 0.054128125000000006 0.52840625 0.05607187500000001 0.5038578125 0.0578375 0.5015625 0.05187968750000001 0.49290781250000004 0.052540624999999994 0.4922015625 0.059384375 0.4871875 0.0597359375 0.4856734375 0.0489234375 0.47788906249999996 0.0486546875 0.47572656249999995 0.058654687500000004 0.4616703125 0.060546875 0.46076562499999996 0.0496703125 0.4506421875 0.050006249999999995 0.45052343749999996 0.071525 0.47734375 0.0703125 0.4922015625 0.07020156250000001 0.493084375 0.1015484375 0.4554 0.10244374999999999 0.45604843749999996 0.11514687500000001 0.48984375 0.11328125 0.496875 0.1259765625 0.50484375 0.263671875 0.49796874999999996 0.2814453125 0.49812500000000004 0.2908203125 0.500625 0.29453125 0.5075000000000001 0.287109375 0.5171875 0.4306640625 0.5240140625 0.509209375 0.53180625 0.50599375 0.5279625 0.43495937500000004 0.5072140625 0.11457500000000001 0.511628125 0.1139109375 0.51198125 0.1220796875 0.545890625 0.1165609375 0.5462203125 0.10028125000000002 0.50703125 0.1015625 0.5046875 0.0771484375 0.5031515625 0.06799374999999999 0.542021875 0.06475
1 0.44546875 0.22734375 0.4453796875 0.24375312500000001 0.4671875 0.2451171875 0.4684375 0.2638671875 0.46390624999999996 0.4869140625 0.471875 0.4873046875 0.478125 0.2431640625 0.49909687500000005 0.24030468749999997 0.49859375000000006 0.2330078125 0.4690625 0.2333984375 0.46734375000000006 0.2291015625 0.46187500000000004 0.2296875 0.46015625 0.233203125 0.45296875 0.2337890625 0.45171875000000006 0.228125 0.44546875 0.22734375
1 0.45609374999999996 0.4224609375 0.4625 0.4228515625 0.46328125 0.3458984375 0.46703124999999995 0.3439453125 0.46734375000000006 0.339453125 0.46421875 0.339453125 0.4615625 0.3392578125 0.44203125 0.3390625 0.44203125 0.3458984375 0.45721246718749997 0.34620128125 0.45721246718749997 0.352785140625 0.4566638125 0.3654042046875 0.443313209375 0.365038434375 0.44276455312499996 0.3721709484375 0.456875 0.3728515625 0.45609374999999996 0.4224609375
0 0.6106796875 0 0.5547500000000001 0.1548984375 0.53203125 0.21015625 0.5154687499999999 0.2443359375 0.5175 0.252734375 0.5463609375 0.195096875 0.575375 0.12300156250000001 0.61953125 0 0.6106796875 0
0 0.5811421875 0 0.565625 0.0478515625 0.554725 0.08734531250000001 0.5140265625 0.22240625 0.51525 0.2320203125 0.55003125 0.1299921875 0.559375 0.1083984375 0.5837640625 0.06466875 0.5959984375 0.0399796875 0.6078828125 0.0098328125 0.6044765625 0.0097828125 0.56034375 0.0961296875 0.58935625 0 0.5811421875 0
0 0.463809375 0 0.45421562499999996 0.0486515625 0.459465625 0.05068906250000001 0.46953125 0 0.463809375 0
0 0.477025 0.0735453125 0.475 0.0986328125 0.48125 0.0986328125 0.48281875 0.074225 0.477025 0.0735453125
0 0.466525 0.181259375 0.46489531250000005 0.194384375 0.4710515625 0.1948375 0.4773875 0.136228125 0.479559375 0.114503125 0.4725 0.11427812500000001 0.466525 0.181259375
0 0.5419921875 0.20602187500000002 0.6390625 0.23125 0.7520578125 0.250959375 0.75245 0.244203125 0.64873125 0.22507187499999998 0.5443749999999999 0.2001953125 0.5419921875 0.20602187500000002
0 0.5 0.2783203125 0.5000171875 0.27111874999999996 0.47683749999999997 0.271578125 0.4773890625 0.2798578125 0.49031250000000004 0.279296875 0.5 0.2783203125
0 0.66835 0.3040921875 0.6679140625 0.2997328125 0.6044796875 0.289378125 0.517503125 0.272484375 0.5181250000000001 0.28125 0.570909375 0.29074062500000003 0.6108015625000001 0.298371875 0.6387031249999999 0.3019125 0.6522187500000001 0.30382031249999997 0.6679140625 0.306 0.66835 0.3040921875
0 0.40106093749999994 0.26988124999999996 0.2734375 0.266375 0.274003125 0.273278125 0.35531250000000003 0.2769078125 0.42479843749999996 0.279240625 0.4683359375 0.2794703125 0.4683359375 0.27019375 0.40106093749999994 0.26988124999999996
0 0.40051249999999994 0.34144687500000004 0.44953125 0.3267578125 0.468059375 0.31788125 0.46690156250000003 0.31295625 0.4663125 0.3111078125 0.42156874999999994 0.3283671875 0.353125 0.3447265625 0.35383906249999997 0.3520765625 0.36875 0.3486328125 0.40051249999999994 0.34144687500000004
0 0.375909375 0.4056671875 0.45749531250000003 0.387125 0.45532500000000004 0.38056875 0.3748234375 0.39797812499999996 0.37536718750000003 0.40204843749999997 0.375909375 0.4056671875
0 0.11955156250000001 0.22711562500000002 0.1226375 0.23277343749999999 0.14383125000000002 0.208340625 0.15078125 0.198828125 0.1617328125 0.1877625 0.15967499999999998 0.18133125 0.1415671875 0.195221875 0.11640625 0.2150390625 0.11790468750000001 0.22042812500000003 0.137040625 0.20628125000000003 0.1371875 0.2087890625 0.11955156250000001 0.22711562500000002
0 0.40461093750000005 0.21316875 0.4265171875 0.2097734375 0.43375624999999995 0.20915625000000002 0.458725 0.2035328125 0.4903890625 0.1962859375 0.500921875 0.194384375 0.50025625 0.188240625 0.4869125 0.191325 0.461375 0.196396875 0.4495359375 0.1989328125 0.3946546875 0.2068328125 0.3790859375 0.20864218750000002 0.327453125 0.20891406250000003 0.29340781250000003 0.2062046875 0.250696875 0.1992421875 0.2222234375 0.1934390625 0.19870000000000002 0.1868609375 0.18484375 0.1830078125 0.17828125 0.181640625 0.17762187499999998 0.188240625 0.2080828125 0.1968203125 0.24197656250000002 0.20432812500000003 0.29002812499999997 0.212909375 0.3166296875 0.21451718749999998 0.36491406249999997 0.21649687499999998 0.376265625 0.2161265625 0.3946546875 0.214525 0.40461093750000005 0.21316875
0 0.4942234375 0 0.4878875 0.020140625000000002 0.47937812500000004 0.047521875000000005 0.4858953125 0.04706875 0.489375 0.0349609375 0.49078125000000006 0.0302734375 0.4994734375 0 0.4942234375 0
0 0.500859375 0 0.488834375 0.0480328125 0.49327812499999996 0.050975000000000006 0.505825 0 0.500859375 0
0 0.45187499999999997 0.0740234375 0.44921875 0.1984375 0.45437500000000003 0.1984375 0.456875 0.0740234375 0.45187499999999997 0.0740234375
0 0.48890312500000005 0.2531796875 0.48591562499999996 0.27086875 0.490003125 0.27086875 0.4906328125 0.269296875 0.4922046875 0.2649734375 0.492834375 0.2604515625 0.493578125 0.2538671875 0.49487812499999995 0.241778125 0.49031874999999997 0.241975 0.489375 0.246875 0.48890312500000005 0.2531796875
0 0.5004359375 0.19713125 0.49481093749999994 0.196878125 0.49300156250000005 0.21948125 0.49199843750000005 0.23454687500000002 0.49661875 0.23530156249999998 0.4976234375 0.23052968749999997 0.5004359375 0.19713125
0 0.4671 0.2281828125 0.4696765625 0.20135156250000003 0.46418125000000005 0.2011359375 0.4622921875 0.22904375 0.4671 0.2281828125
0 0.49812500000000004 0.29140625 0.485 0.33359375 0.48171875000000003 0.344140625 0.4765625 0.3611328125 0.47859375000000004 0.3654296875 0.48703124999999997 0.34140625 0.5014062499999999 0.2919921875 0.49812500000000004 0.29140625
0 0.49812500000000004 0.28359375 0.49468750000000006 0.282421875 0.48546875 0.3146484375 0.47734375 0.3404296875 0.47484374999999995 0.3484375 0.47750000000000004 0.3513671875 0.48796875 0.3208984375 0.4971875 0.2873046875 0.49812500000000004 0.28359375
0 0.6138046875 0.330896875 0.5211812499999999 0.320403125 0.5217421875 0.328796875 0.533775 0.330196875 0.5609171875000001 0.3357921875 0.6121265625000001 0.341390625 0.6132453124999999 0.33719375 0.5645546875 0.3326453125 0.5645546875 0.329146875 0.6132453124999999 0.33404531249999997 0.6138046875 0.330896875
0 0.4769734375 0.30215000000000003 0.4767984375 0.309140625 0.4767984375 0.309796875 0.48081874999999996 0.3041171875 0.483615625 0.2993109375 0.48606249999999995 0.292975 0.4869359375 0.280959375 0.48256718750000005 0.280740625 0.48221718750000003 0.289259375 0.48029374999999996 0.2951578125 0.478721875 0.29952968750000003 0.4771484375 0.30193125 0.4769734375 0.30215000000000003
0 0.5019712109375 0.2718640546875 0.5056375 0.256053125 0.5044140625 0.25146562499999997 0.49841743281250006 0.270975609375 0.5019712109375 0.2718640546875
0 0.5362234375 0.1972828125 0.528359375 0.195096875 0.5264359375 0.2014328125 0.533253125 0.20339999999999997 0.5362234375 0.1972828125
0 0.5111634406250001 0.1845732875 0.5167565703125 0.1792233375 0.511892978125 0.19357093125 0.5135952359375 0.2071889875 0.5242951359375 0.17071205312499999 0.5313296875 0.156865625 0.53535 0.1507484375 0.537096875 0.13982343749999998 0.5119296875 0.175871875 0.5111634406250001 0.1845732875
0 0.5166484375 0.1686625 0.5196203125000001 0.149 0.52234375 0.13828125 0.5259125 0.12212656250000001 0.52066875 0.1216890625 0.5165625 0.1388671875 0.512803125 0.15380625 0.5122796875 0.17303125 0.5166484375 0.1686625
0 0.5238140625 0.14594218750000001 0.51979375 0.1632015625 0.527309375 0.15358750000000002 0.527659375 0.1527125 0.5285328125000001 0.1500921875 0.5298437500000001 0.14375 0.531084375 0.1359609375 0.5336015625 0.12125468749999999 0.5285328125000001 0.12125468749999999 0.52546875 0.137109375 0.5238140625 0.14594218750000001
0 0.5044171875 0.080090625 0.5095156249999999 0.076053125 0.5134234375 0.0728671875 0.5163125 0.07031875 0.5190328125 0.06819375 0.5101953124999999 0.06755625 0.5071359375 0.0707421875 0.505265625 0.07265468750000001 0.5037359375 0.074140625 0.5035671875000001 0.07435312499999999 0.5044171875 0.080090625
0 0.4886109375 0.079240625 0.4932 0.0815765625 0.49359374999999994 0.0791015625 0.49312500000000004 0.0755859375 0.48929062500000003 0.0739296875 0.485721875 0.07031875 0.48385156250000005 0.07031875 0.47739374999999995 0.07180468749999999 0.478753125 0.07265468750000001 0.48504218750000005 0.077115625 0.4886109375 0.079240625
0 0.522771875 0.0907109375 0.531778125 0.06755625 0.5266796874999999 0.0667046875 0.5124046875 0.098571875 0.5158031249999999 0.10027187500000001 0.5186921875 0.10005781250000001 0.522771875 0.0907109375
0 0.5314390625 0.098359375 0.5365375 0.06691875 0.531609375 0.06649374999999999 0.525490625 0.098146875 0.5314390625 0.098359375
0 0.539596875 0.098359375 0.545884375 0.06628125 0.5404687499999999 0.065234375 0.534328125 0.098571875 0.539596875 0.098359375
0 0.5534375 0 0.5353234375 0.0418734375 0.54171875 0.0423828125 0.5503125 0.0216796875 0.5421875 0.0587890625 0.54796875 0.062890625 0.56140625 0 0.5534375 0
0 0.5684375 0 0.553125 0.0375 0.5515625 0.05234375 0.56796875 0.0158203125 0.5740624999999999 0 0.5684375 0
0 0.4497046875 0.4084390625 0.40890624999999997 0.435546875 0.41156249999999994 0.4423828125 0.451565625 0.41414687499999997 0.4497046875 0.4084390625
0 0.45140624999999995 0.2275390625 0.45390625 0.205078125 0.44875 0.205859375 0.44656250000000003 0.226953125 0.45140624999999995 0.2275390625
0 0.14140625 0.23984375 0.11890624999999999 0.2326171875 0.11796875 0.238671875 0.13999999999999999 0.2458984375 0.14140625 0.23984375