1 0.6286375 0 0.6279953125 0.02169375 0.622209375 0.0317359375 0.623046875 0.0402828125 0.634765625 0.10375937500000001 0.62994375 0.1270609375 0.6293953125 0.13839218749999999 0.6387359375 0.13633125 0.640825 0.21500781249999998 0.5302734375 0.1904296875 0.4873046875 0.192871875 0.48338593750000003 0.1932515625 0.47952031249999993 0.19518437500000002 0.4800359375 0.20194687500000003 0.48132343750000006 0.2058125 0.4849734375 0.2047125 0.5246125 0.20194687500000003 0.642578125 0.22582968750000001 0.65625 0.4699703125 0.658240625 0.48729374999999997 0.6725265625 0.48969687500000003 0.671875 0.4675296875 0.654296875 0.24292031249999999 0.654296875 0.20141562500000001 0.66078125 0.1944171875 0.66078125 0.1833296875 0.6563171875 0.182690625 0.651921875 0.1868125 0.640625 0.0109859375 0.6398765625 0 0.6286375 0
1 0.2900390625 0.302734375 0.2890625 0.3796390625 0.296875 0.3796390625 0.296875 0.3039546875 0.2900390625 0.302734375
1 0.465646875 0.255040625 0.46540156250000003 0.26656875 0.48852031250000005 0.26656875 0.48981718750000003 0.30221875 0.49068125 0.3122125 0.49609375 0.3112796875 0.497190625 0.267559375 0.5104578125 0.2681859375 0.511709375 0.2603609375 0.49844218749999997 0.2597359375 0.49443593750000003 0.2512875 0.488928125 0.25222500000000003 0.484671875 0.258796875 0.47555625 0.25927812499999997 0.47274843750000006 0.254415625 0.465646875 0.255040625
0 0 0.0394296875 0.1425671875 0.0317 0.32314375 0.0197140625 0.553521875 0.0042515625 0.5498109375 0 0.40291249999999995 0.008890625000000001 0.1585515625 0.024740625 0 0.032859375 0 0.0394296875
0 0 0.0317 0.1966015625 0.0216484375 0.44016875000000005 0.0046390625 0.43893125 0 0.2502828125 0.0115984375 0 0.026287500000000002 0 0.0317
0 0.48439062499999996 0.044842187500000005 0.62221875 0.034790625 0.622528125 0.02860625 0.506865625 0.036725 0.27228906249999996 0.055665624999999996 0 0.07035625 0.0000390625 0.0780875 0.22177656250000002 0.0657171875 0.48439062499999996 0.044842187500000005
0 0 0.1426453125 0.24153125000000003 0.11674375 0.5192140625 0.0792484375 0.6054375000000001 0.0672640625 0.60358125 0.062625 0.440603125 0.0831140625 0.33554531249999997 0.09741562499999999 0.256065625 0.10824062500000001 0.198515625 0.11442656250000001 0 0.1353015625 0 0.1426453125
0 0.5002140625 0.074609375 0.604025 0.06057343750000001 0.6027890625000001 0.054775 0.3779578125 0.08454062500000001 0.149646875 0.11276250000000002 0.0001171875 0.12819375 0.00061875 0.1337546875 0.24153125000000003 0.10824062500000001 0.5002140625 0.074609375
0 0.4358140625 0.10577343749999998 0.6037578124999999 0.08141875 0.6015937499999999 0.0763921875 0.3742890625 0.1077046875 0.09203125 0.1424984375 0 0.151775 0.0007359374999999999 0.1575734375 0.187528125 0.13863125 0.4358140625 0.10577343749999998
0 0 0.1668515625 0.0024734375 0.16723749999999998 0.2514265625 0.13940468749999999 0.390925 0.122009375 0.6031703125 0.09262812499999999 0.602953125 0.08745468749999999 0.3396828125 0.1216234375 0.09409999999999999 0.1513890625 0 0.1618265625 0 0.1668515625
0 0.037428125 0.20318125 0.037428125 0.20603125000000003 0.0385078125 0.2081125 0.2385234375 0.18489375 0.3293703125 0.172353125 0.4611890625 0.1516015625 0.629434375 0.123390625 0.62829375 0.11797656249999999 0.6064093749999999 0.12082656249999998 0.430640625 0.1507484375 0.3468734375 0.1639359375 0.235159375 0.1785484375 0.037428125 0.20318125
0 0.7554375 0.012942187499999999 0.8317062500000001 0.018981249999999998 0.830671875 0.014667187500000001 0.82991875 0.009171875 0.7549718750000001 0.003275 0.7554375 0.012942187499999999
0 0.9473171875 0.02243125 0.9121171875 0.020706250000000002 0.911771875 0.027609375000000002 0.9476625000000001 0.0289015625 0.9473171875 0.02243125
0 0.94665 0.0597359375 0.8920999999999999 0.05694375 0.8926765624999999 0.06412812500000001 0.9463546875000001 0.06674375 0.94665 0.0597359375
0 0.838809375 0.049878125 0.6418609375 0.0295703125 0.64243125 0.0366953125 0.8399484375 0.0577171875 0.838809375 0.049878125
0 0.84965625 0.0939859375 0.64710625 0.0739828125 0.64666875 0.07973749999999999 0.8498765625000001 0.0994671875 0.84965625 0.0939859375
0 0.8522484374999999 0.1056203125 0.6492796875 0.08631562499999999 0.649059375 0.09155624999999999 0.85313125 0.11113593749999999 0.8522484374999999 0.1056203125
0 0.9446875 0.08686875 0.8994609375 0.0849375 0.899240625 0.09155624999999999 0.9444671874999999 0.0926609375 0.9446875 0.08686875
0 0.9420437500000001 0.11341562499999999 0.9038734375 0.11224062500000001 0.9042187500000001 0.1181640625 0.94203125 0.1193359375 0.9420437500000001 0.11341562499999999
0 0.94259375 0.10377343750000001 0.9027375 0.10193749999999999 0.9027375 0.1092828125 0.94259375 0.11089062499999999 0.94259375 0.10377343750000001
0 0.8399296875 0.08140937499999999 0.6465109375 0.06386562500000001 0.647353125 0.0705328125 0.8404921875 0.08737500000000001 0.8399296875 0.08140937499999999
0 0.6467906250000001 0.061759375000000005 0.8399296875 0.0817625 0.8399296875 0.07509375 0.6467906250000001 0.054390625000000005 0.646753125 0.0584609375 0.6467906250000001 0.061759375000000005