0 0.850428125 0.009896875 0.8318109375 0.00535 0.8322375 0.011234375000000001 0.8497859375000001 0.0147125 0.850428125 0.009896875
0 0.9995843750000001 0.048418749999999997 0.9291796874999999 0.0369140625 0.9274671874999999 0.043334375 0.9997984375 0.055103124999999996 0.9995843750000001 0.048418749999999997
0 1 0.037984375 0.9319609375000001 0.022203125 0.93025 0.029959375 0.9999078125 0.044914062500000004 1 0.037984375
0 0.7862281249999999 0.0109671875 0.7310171875 0 0.7216015625 0.0024078125 0.781734375 0.0173859375 0.7881546875 0.019259375000000002 0.7894390625 0.0120375 0.7862281249999999 0.0109671875
0 0.736775 0.067678125 0.601315625 0.0243421875 0.5262015625 0 0.511221875 0.0010703125 0.5814125 0.024075 0.6717390625 0.0537671875 0.7132546875 0.0666078125 0.73294375 0.0724921875 0.736775 0.067678125
0 0.2778890625 0 0.28766250000000004 0.022854687500000002 0.2942828125 0.024234375 0.2838796875 0 0.2778890625 0
0 0.3100453125 0 0.3209203125 0.034678125 0.326121875 0.034678125 0.3155609375 0 0.3100453125 0
0 0.379890625 0.06364062499999999 0.3825515625 0.06541406250000001 0.436459375 0.08354062500000001 0.5551484375 0.12235625000000001 0.6658593749999999 0.156046875 0.7296968749999999 0.17358281250000002 0.7314296875 0.16865625 0.65340625 0.1458015625 0.5553656250000001 0.11644375 0.4457328125 0.07940312499999999 0.3819390625 0.059109375 0.379890625 0.06364062499999999
0 0.5846984375 0.152725 0.6965625 0.187203125 0.6978234375000001 0.18208125 0.620271875 0.15804218750000001 0.4986578125 0.11745468750000002 0.4011875 0.08161093750000001 0.398490625 0.0862984375 0.5137125 0.12866093750000002 0.5846984375 0.152725
0 0.4154359375 0.20692968750000001 0.4977921875 0.22374062499999997 0.5002828125 0.21772343749999998 0.41626562500000003 0.20049531250000002 0.414440625 0.20589062500000002 0.4154359375 0.20692968750000001
0 0.5276796874999999 0.209003125 0.4313765625 0.190740625 0.4287109375 0.19540625 0.5271828125 0.214609375 0.5276796874999999 0.209003125
0 0.5298390625 0.2029859375 0.45229687500000004 0.1822296875 0.450803125 0.1874203125 0.5286765625000001 0.20796718749999998 0.5298390625 0.2029859375
0 0.66781875 0.23287343749999997 0.564375 0.2144 0.564209375 0.22125 0.6674875 0.23868593749999997 0.66781875 0.23287343749999997
0 0.6666578125 0.24657187500000002 0.56935625 0.23287343749999997 0.56935625 0.2388921875 0.6659921875 0.2523828125 0.6666578125 0.24657187500000002
0 0.9999078125 0.1401875 0.9596218750000001 0.129978125 0.9592578125 0.13632968750000002 0.9999078125 0.146765625 0.9999078125 0.1401875
0 0.9752281249999999 0.2220765625 0.8895734375 0.20733125000000002 0.8890296875000001 0.21459062499999998 0.9745015625000001 0.229334375 0.9752281249999999 0.2220765625
0 0.9726874999999999 0.23659375 0.9390359374999999 0.23395625 0.9387515625 0.23908749999999998 0.9717796875 0.2420375 0.9726874999999999 0.23659375
0 0.9710546875 0.257009375 0.93748125 0.254740625 0.93711875 0.2595046875 0.9710546875 0.2617734375 0.9710546875 0.257009375
0 0.6900375000000001 0.32945156249999996 0.7570046875 0.3336125 0.7564171875000001 0.3277375 0.690625 0.32382187500000004 0.6900375000000001 0.3277375 0.6900375000000001 0.32945156249999996
0 0.48125625000000005 0.246771875 0.42596249999999997 0.2424203125 0.425553125 0.24805312499999999 0.480846875 0.25163437499999997 0.48125625000000005 0.246771875