1 0.45563906249999997 0.1103359375 0.45479531250000005 0.124415625 0.453125 0.14506875 0.451171875 0.147509375 0.451171875 0.154834375 0.43484375000000003 0.15625 0.42859375 0.1517578125 0.425625 0.15234375 0.42453124999999997 0.1564453125 0.42781250000000004 0.1658203125 0.4296875 0.1719234375 0.4345703125 0.178028125 0.4462890625 0.18046875 0.4541015625 0.1926765625 0.4609375 0.1914546875 0.46484375 0.18413125 0.46484375 0.174365625 0.4736328125 0.1658203125 0.4853515625 0.1658203125 0.48828125 0.1621578125 0.4888515625 0.1555078125 0.4638671875 0.1560546875 0.4609375 0.1523921875 0.4626796875 0.11174375 0.45563906249999997 0.1103359375
0 0.4626203125 0.1282765625 0.482559375 0.15571718750000002 0.48695000000000005 0.1529734375 0.4635359375 0.1214171875 0.4626203125 0.1282765625
0 0.43701093750000003 0.075228125 0.408109375 0.0205796875 0.4026203125 0.025153125 0.4179875 0.0525921875 0.43810937499999997 0.08940624999999999 0.45384062500000005 0.1145578125 0.458596875 0.1125 0.43701093750000003 0.075228125
0 0.40554843749999997 0.01440625 0.386340625 0.0340703125 0.38921875 0.038671875 0.4086578125 0.019207812499999997 0.42493749999999997 0.0006859375 0.4189015625 0 0.40554843749999997 0.01440625
0 0.4523 0.1338984375 0.4076671875 0.0687296875 0.38480156249999997 0.030315625000000002 0.37565468750000003 0.0175109375 0.3725453125 0.020712500000000002 0.4036421875 0.0723890625 0.43108124999999997 0.114234375 0.450471875 0.1419 0.4523 0.1338984375
0 0.44703125000000005 0.1517578125 0.42328124999999994 0.1283203125 0.39828125000000003 0.0974609375 0.36875 0.0595703125 0.36453125000000003 0.062890625 0.3978125 0.10703125 0.4225 0.1349609375 0.44265625000000003 0.1546875 0.44703125000000005 0.1517578125
0 0.38203125 0.0400390625 0.338125 0.0765625 0.34375 0.080078125 0.38609375 0.04375 0.38203125 0.0400390625
0 0.34796875 0.066796875 0.32140625 0.033203125 0.31671875 0.0361328125 0.34375 0.0712890625 0.34796875 0.066796875
0 0.364375 0.053125 0.35281250000000003 0.036328125 0.34765625 0.0384765625 0.36046875 0.057421875 0.364375 0.053125
0 0.42703125000000003 0.15078125 0.39609375 0.1232421875 0.374375 0.098828125 0.3515625 0.0732421875 0.34765625 0.0767578125 0.38234375 0.116015625 0.40125 0.1359375 0.42453124999999997 0.155859375 0.42703125000000003 0.15078125
0 0.379375 0.1501953125 0.3415625 0.09609375 0.33484375 0.0986328125 0.36953125 0.14765625 0.38296874999999997 0.1615234375 0.41156249999999994 0.185546875 0.41765625 0.1828125 0.379375 0.1501953125
0 0.32796875000000003 0.2017578125 0.350625 0.1849609375 0.380625 0.1609375 0.37625000000000003 0.1568359375 0.32453125 0.197265625 0.32796875000000003 0.2017578125
0 0.4021875 0.1818359375 0.37328125 0.166015625 0.37124999999999997 0.1703125 0.39953125 0.186328125 0.4021875 0.1818359375
0 0.30484374999999997 0.122265625 0.30171875 0.1255859375 0.3428125 0.153125 0.36453125000000003 0.1658203125 0.36734374999999997 0.162109375 0.33328125000000003 0.140625 0.30484374999999997 0.122265625
0 0.331046875 0.2053203125 0.372653125 0.2238640625 0.43632968749999995 0.24986718749999998 0.4953125 0.271484375 0.61828125 0.309765625 0.619665625 0.3044046875 0.553 0.2840453125 0.504275 0.2689609375 0.44947499999999996 0.24986718749999998 0.3327140625 0.20076718750000003 0.331046875 0.2053203125
0 0.5232703125 0.24927187499999998 0.4234375 0.1953125 0.41970937499999994 0.198896875 0.5214421875 0.253525 0.5232703125 0.24927187499999998
0 0.2475 0.2095703125 0.24671875000000001 0.2033203125 0.23390624999999998 0.2189453125 0.21156250000000001 0.2421875 0.21328125 0.2470703125 0.22296875 0.238671875 0.23390624999999998 0.22734375 0.2475 0.2095703125
0 0.30703125 0.2091796875 0.29046875 0.221875 0.29328125 0.2265625 0.31062500000000004 0.212890625 0.30703125 0.2091796875
0 0.32859375 0.2212890625 0.2790625 0.1779296875 0.27531249999999996 0.1822265625 0.3278125 0.228125 0.38937499999999997 0.27421875 0.39171875 0.2703125 0.32859375 0.2212890625
0 0.315 0.1995953125 0.32921875 0.21248593750000003 0.3990625 0.267759375 0.400859375 0.2635515625 0.40093750000000006 0.26170468750000003 0.333125 0.20859375 0.3246875 0.199009375 0.2846875 0.165415625 0.280625 0.170103125 0.2990625 0.1855328125 0.315 0.1995953125
0 0.23467656250000002 0.38310625 0.22426875000000002 0.49855625000000003 0.228953125 0.4992078125 0.2305140625 0.482946875 0.2391 0.3840796875 0.23467656250000002 0.38310625
0 0.2440421875 0.3788765625 0.2508078125 0.3639171875 0.24794531250000001 0.3574125 0.240140625 0.37269687500000004 0.23935937499999999 0.3870078125 0.2328546875 0.4998578125 0.237278125 0.49888281250000005 0.2440421875 0.3788765625
0 0.6732609375 0.35554687500000004 0.5068328125 0.32043750000000004 0.5051546874999999 0.3251546875 0.6732609375 0.3610484375 0.6732609375 0.35554687500000004
0 0.5679984375 0.3258765625 0.5176671875000001 0.314571875 0.51688125 0.31973281249999996 0.5666234375 0.3310375 0.5679984375 0.3258765625
0 0.24731874999999998 0.2480640625 0.22843437500000002 0.26028125 0.2304234375 0.26442343749999997 0.2489765625 0.252828125 0.24731874999999998 0.2480640625
0 0.318125 0.2021484375 0.3121875 0.206640625 0.31578125 0.209765625 0.32140625 0.2064453125 0.318125 0.2021484375
0 0.40453124999999995 0.015234375 0.39718749999999997 0.0001953125 0.39209218749999997 0.0011890625 0.4010328125 0.0183109375 0.40453124999999995 0.015234375