1 0.5097078125000001 0.24784375 0.46343281249999996 0.24446249999999997 0.46389375 0.254415625 0.471875 0.2546875 0.48230312499999994 0.2541875 0.48125625000000005 0.25706875 0.4785328125 0.26230312499999997 0.478271875 0.27371249999999997 0.4808375 0.278009375 0.48 0.286125 0.46134062499999995 0.28536562499999996 0.4617796875 0.29554843750000004 0.47874218749999997 0.296071875 0.468184375 0.4272421875 0.47673750000000004 0.4288265625 0.48778437500000005 0.2963046875 0.5157499999999999 0.29725625 0.515715625 0.28883749999999997 0.49163750000000006 0.2876984375 0.48816718750000004 0.28717187499999997 0.48795781250000003 0.2767015625 0.49172656249999996 0.27225156250000004 0.4919328125 0.2575453125 0.510709375 0.258484375 0.5097078125000001 0.24784375
1 0.48456875000000005 0.1402171875 0.4921875 0.13549843749999999 0.49297031249999995 0.13056718750000001 0.49024531250000003 0.12829531249999998 0.4794921875 0.126953125 0.4462890625 0.1318359375 0.43143906249999997 0.1362109375 0.41015625 0.15747031250000001 0.41353437499999995 0.106165625 0.459221875 0.1057984375 0.46058281250000005 0.09503125 0.412109375 0.091553125 0.41386406249999996 0.0386390625 0.42846093749999997 0.040140625 0.41558124999999996 0.0008593750000000001 0.3947546875 0 0.40234375 0.030517187499999997 0.400390625 0.091553125 0.353515625 0.091553125 0.3535140625 0.1025546875 0.3984375 0.10375937500000001 0.380859375 0.4113765625 0.37956093750000003 0.4426015625 0.38541875000000003 0.4447984375 0.3950109375 0.445853125 0.400390625 0.3601078125 0.4056828125 0.24693593749999998 0.41929375 0.24362656249999998 0.4217515625 0.216453125 0.41675625 0.2061078125 0.4077578125 0.1992296875 0.408203125 0.17211875000000001 0.4228515625 0.1513671875 0.4404296875 0.1416015625 0.48456875000000005 0.1402171875
0 0.2747734375 0 0.2997546875 0.045671875 0.33604375000000003 0.10594531250000001 0.37655781250000003 0.1677734375 0.3924640625 0.1898328125 0.3942046875 0.18859062499999998 0.39445312499999996 0.18175468749999998 0.3775515625 0.1587640625 0.3710890625 0.1472671875 0.3308234375 0.0730109375 0.291525 0 0.28459218750000004 0 0.3298296875 0.0845078125 0.283353125 0 0.2747734375 0
0 0.33535 0.14359375000000002 0.330415625 0.1431015625 0.31699375 0.15987968749999998 0.268240625 0.2223015625 0.271778125 0.2283109375 0.2864 0.20823593749999997 0.3274546875 0.15494375 0.33535 0.14359375000000002
0 0.3328125 0.1037109375 0.3023875 0.14704843750000002 0.28521562500000003 0.165059375 0.25837187500000003 0.18282343750000002 0.2593578125 0.18800624999999999 0.284228125 0.17024062499999998 0.2800828125 0.17986249999999998 0.2664640625 0.2003421875 0.2680421875 0.20404375 0.29133437500000003 0.17196875 0.310875 0.1475421875 0.3201515625 0.14063281249999998 0.3444296875 0.12040312500000001 0.3418625 0.116946875 0.3164015625 0.13915468749999998 0.3142296875 0.13915468749999998 0.33640625 0.10859375 0.33406250000000004 0.105078125 0.3328125 0.1037109375
0 0.3774453125 0.05023593750000001 0.3983609375 0.019684375 0.3969515625 0.0123375 0.3414859375 0.0907765625 0.3438359375 0.0960640625 0.3774453125 0.05023593750000001
0 0.8818140624999999 0.088665625 0.9995609375000001 0.10922968749999999 1 0.10335468750000001 0.866834375 0.08049375 0.6514796875 0.0408359375 0.4597015625 0.005875 0.423978125 0 0.4223671875 0.0008265625 0.4221078125 0.0032203125 0.42706875 0.005528125 0.4416390625 0.025210937500000002 0.44838125 0.022754687500000002 0.434815625 0.006009375 0.5824953125000001 0.0334359375 0.7384515625 0.061639062499999994 0.8818140624999999 0.088665625
0 0.42330625 0.0220859375 0.4231109375 0.02718125 0.42365312499999996 0.027046874999999998 0.4861625 0.0405703125 0.612 0.06526562500000001 0.7763125 0.096809375 0.9063046874999999 0.12156249999999999 0.9998609374999999 0.1387890625 1 0.134171875 0.8422515625000001 0.10409375000000001 0.6531671875 0.0689125 0.475509375 0.0332453125 0.42330625 0.0220859375
0 0.9549828125 0.134025 0.8035421875000001 0.10676250000000001 0.603625 0.0681859375 0.45358593750000004 0.0383421875 0.432621875 0.0327625 0.425246875 0.028393750000000002 0.42836406250000003 0.039400000000000004 0.4407859375 0.0398859375 0.5342828125 0.059781249999999994 0.686384375 0.0886546875 0.8280406250000001 0.1167984375 0.9643 0.14033437499999998 0.99904375 0.14639843749999998 1 0.1425171875 0.9549828125 0.134025
0 0.41928593750000004 0.243509375 0.42595625000000004 0.2670859375 0.44065624999999997 0.3041203125 0.447115625 0.303021875 0.44090625 0.2889359375 0.4215859375 0.233446875 0.41790625 0.2345984375 0.41928593750000004 0.243509375
0 0.4608140625 0.23129062500000003 0.5515921875 0.248778125 0.6358374999999999 0.265084375 0.751653125 0.2917859375 0.843715625 0.31234375000000003 0.8767984375 0.3191953125 0.8769875 0.313525 0.8219546875000001 0.301709375 0.704559375 0.2740625 0.5944984375 0.24788125 0.420203125 0.208890625 0.4182234375 0.21286093749999999 0.466240625 0.22443906249999998 0.550553125 0.24405312499999998 0.444059375 0.223540625 0.43668593749999995 0.223778125 0.43126718750000004 0.2239671875 0.42030312500000006 0.224203125 0.42087031250000007 0.22822031250000002 0.4608140625 0.23129062500000003
0 0.9369234375 0.32680312499999997 0.9206046875 0.32254375 0.9197078125000001 0.3276984375 0.9351296874999999 0.33195625 0.9369234375 0.32680312499999997
0 0.9469640625 0.3173890625 0.9198875 0.313353125 0.9191703125 0.318284375 0.945171875 0.32254375 0.9469640625 0.3173890625
0 0.8773328125000001 0.30491875 0.7766578125 0.28678750000000003 0.775440625 0.290334375 0.8767796875 0.3100953125 0.8773328125000001 0.30491875
0 0.45165937500000003 0.1113125 0.477128125 0.1279875 0.48301718749999994 0.12647187499999998 0.4533921875 0.10568124999999999 0.449928125 0.11001406250000001 0.45165937500000003 0.1113125
0 0.631759375 0.22545937500000002 0.697246875 0.2601078125 0.7317234375 0.277 0.7334562499999999 0.27656562500000004 0.7367484375 0.2731015625 0.72479375 0.26768749999999997 0.6452046874999999 0.225715625 0.6054125 0.20273593750000002 0.5585546875 0.1762828125 0.5457640625 0.168646875 0.494625 0.13231874999999998 0.4899484375 0.1394640625 0.5559234375 0.18434843750000002 0.6015109375 0.2170109375 0.672196875 0.2566421875 0.6997515625 0.272 0.7065 0.26768749999999997 0.632521875 0.2274078125 0.5890375 0.19990468749999998 0.631759375 0.22545937500000002