1 0.0146578125 0.4726421875 0.013775 0.27086875 0.0033562500000000003 0.2739609375 0.001953125 0.36743125 0.0033562500000000003 0.47153906250000005 0.0146578125 0.4726421875
1 0.0125390625 0 0.009765625 0.0476078125 0 0.0573734375 0 0.06865625 0 0.0817875 0.00390625 0.21850624999999999 0.0078125 0.23803749999999999 0.015625 0.24047812500000001 0.017578125 0.15258750000000001 0.0224609375 0.14404375 0.04765625 0.1447265625 0.049839062499999996 0.1360234375 0.021484375 0.13305625000000001 0.0263671875 0.1196296875 0.04326875 0.11523593750000001 0.046623437499999996 0.043490625 0.0397359375 0.04326875 0.036734375 0.0523203125 0.021484375 0.052490625 0.0205078125 0 0.0125390625 0
1 0.255859375 0.16967812499999999 0.251953125 0.2771 0.25 0.4113765625 0.2566609375 0.415996875 0.2640625 0.1890625 0.2725 0.1890625 0.2728125 0.1828125 0.265625 0.1791015625 0.2659375 0.163671875 0.27328125000000003 0.1626953125 0.2740625 0.1544921875 0.2646484375 0.153809375 0.25671875 0.152734375 0.255859375 0.16967812499999999
1 0.29562499999999997 0.2818359375 0.2965625 0.290625 0.3068171875 0.28930625 0.3079890625 0.3587890625 0.3128328125 0.3587890625 0.31359375 0.3021484375 0.32515625 0.2990234375 0.32406250000000003 0.292578125 0.3140625 0.2935546875 0.31375000000000003 0.2837890625 0.326453125 0.2783484375 0.3248703125 0.27263125 0.306875 0.272265625 0.30656249999999996 0.2828125 0.29562499999999997 0.2818359375
1 0.3624234375 0.47479843749999995 0.363534375 0.49935 0.3671875 0.4992671875 0.36798125000000004 0.472946875 0.3681640625 0.3515625 0.36343749999999997 0.351171875 0.3624234375 0.47479843749999995
1 0.38890625 0.364453125 0.388671875 0.494384375 0.39625468750000004 0.4942203125 0.39421875 0.3640625 0.38890625 0.364453125
0 0.12828124999999999 0 0.13859375000000002 0.016796875 0.16328125 0.0546875 0.18484375 0.0828125 0.2044828125 0.108696875 0.234375 0.1390625 0.25796874999999997 0.154296875 0.2640625 0.15234375 0.25 0.1421875 0.23640625 0.13125 0.2203125 0.1150390625 0.19765468749999998 0.08919218749999999 0.17765625000000002 0.0626953125 0.15546875 0.0298828125 0.13515625 0 0.12828124999999999 0
0 0.11654843749999999 0.034134375 0.0915625 0 0.0859375 0.000390625 0.08937500000000001 0.005859375 0.11750000000000001 0.046484375 0.17896875 0.12191250000000001 0.19421875 0.1318359375 0.20359375000000002 0.1419921875 0.21921875000000002 0.15625 0.23765624999999999 0.16875 0.25187499999999996 0.17734375 0.25484375 0.1775390625 0.25699218749999997 0.171896875 0.2233453125 0.149953125 0.1909375 0.1181640625 0.130203125 0.0365734375 0.10609375000000001 0 0.099375 0.0005859375 0.1584875 0.087778125 0.11654843749999999 0.034134375
0 0.19375 0.26875 0.19515625 0.2626953125 0.15890625 0.2427734375 0.130203125 0.22188124999999997 0.072171875 0.17372656250000001 0.0396875 0.14453125 0.03078125 0.14609375 0.1201765625 0.2255328125 0.1626296875 0.25451562499999997 0.19375 0.26875
0 0.100625 0.1560546875 0.14156249999999998 0.1931640625 0.17994375 0.22492968750000003 0.210625 0.246484375 0.21765625000000002 0.25 0.24028906249999998 0.26101562500000003 0.24089999999999998 0.2547984375 0.192134375 0.22492968750000003 0.1496875 0.18671875 0.0741234375 0.1072828125 0.04546875 0.072265625 0.044687500000000005 0.081640625 0.10765625000000001 0.1548828125 0.046406249999999996 0.08984375 0.044375 0.0966796875 0.08609375 0.141796875 0.100625 0.1560546875
0 0.076415625 0.15511875 0.03965625 0.121303125 0.03609375 0.124609375 0.07171875 0.16171875 0.1163828125 0.203096875 0.1665390625 0.2399640625 0.1953125 0.2556640625 0.20593750000000002 0.261328125 0.2115640625 0.262734375 0.21311249999999998 0.257359375 0.17796875 0.2306640625 0.152790625 0.2072515625 0.0878125 0.1455078125 0.045 0.1009765625 0.042812499999999996 0.107421875 0.0747671875 0.1432484375 0.09890625 0.1685546875 0.16515625 0.2296875 0.11859375000000001 0.1931640625 0.076415625 0.15511875
0 0 0.0220703125 0.009375 0.0296875 0.01140625 0.024609375 0.0075 0.0208984375 0 0.0158203125 0 0.0220703125
0 0.3059984375 0.27558906250000004 0.30853281250000003 0.2704421875 0.28265625 0.20859375 0.2734375 0.1853515625 0.26921875 0.190234375 0.2835078125 0.22807499999999997 0.3059984375 0.27558906250000004
0 0.3283875 0.344525 0.314140625 0.3205609375 0.312815625 0.3287015625 0.3206484375 0.341228125 0.3246875 0.3474609375 0.3283875 0.344525
0 0.30140625 0.3197265625 0.30441562499999997 0.3235 0.30671875000000004 0.316015625 0.2800234375 0.2704421875 0.2762234375 0.27360937500000004 0.2865625 0.29453125 0.30140625 0.3197265625
0 0.3 0.3201171875 0.29625 0.3140625 0.287309375 0.2981578125 0.27780625 0.2811328125 0.27463906250000003 0.2854890625 0.2915625 0.314453125 0.296875 0.324609375 0.3 0.3201171875
1 0.404296875 0.474853125 0.408203125 0.474853125 0.408203125 0.462646875 0.41015625 0.4602046875 0.41015625 0.3894046875 0.412109375 0.3869625 0.412109375 0.3820796875 0.4091796875 0.3759765625 0.40625 0.3796390625 0.40625 0.40649375 0.404296875 0.4089359375 0.404296875 0.474853125
1 0.4189453125 0.3857421875 0.416015625 0.3894046875 0.416015625 0.4772953125 0.4169921875 0.478515625 0.419921875 0.4772953125 0.419921875 0.3918453125 0.421875 0.3894046875 0.4189453125 0.3857421875
0 0.29093749999999996 0.3193359375 0.28015625 0.3037109375 0.27671875 0.3068359375 0.2890625 0.323828125 0.29093749999999996 0.3193359375
0 0.0865 0.1057796875 0.14534375 0.17024375 0.1596875 0.1853515625 0.1971203125 0.21910781250000003 0.2199921875 0.2357421875 0.24203281250000003 0.2513375 0.2453125 0.2451171875 0.1998234375 0.21182343750000002 0.16484375 0.1810546875 0.12600625000000001 0.14034843749999998 0.084628125 0.09486093749999999 0.0538546875 0.055356249999999996 0.047031250000000004 0.0484375 0.045121875 0.05509531250000001 0.0865 0.1057796875
0 0.04046875 0.0427734375 0.021249999999999998 0.0306640625 0.021249999999999998 0.0365234375 0.038125 0.046484375 0.04046875 0.0427734375
0 0.501825 0.37850937500000004 0.3997484375 0.3672734375 0.3988921875 0.3723578125 0.501825 0.383859375 0.501825 0.37850937500000004
0 0.50096875 0.3849296875 0.4260703125 0.3793109375 0.4260703125 0.3854640625 0.500540625 0.3908140625 0.50096875 0.3849296875
0 0.3211765625 0.298575 0.3268046875 0.315284375 0.33964531249999996 0.34540625 0.3465046875 0.35595937499999997 0.3509015625 0.35419999999999996 0.34578125000000004 0.34609375 0.33625 0.3255859375 0.32575 0.29615625 0.3211765625 0.298575
0 0.3385890625 0.32825625 0.35195781249999997 0.3531015625 0.3558265625 0.3509015625 0.34738437499999997 0.3346328125 0.33630312500000004 0.30736875 0.32575 0.2783484375 0.32156250000000003 0.2822265625 0.3385890625 0.32825625
0 0.27265625 0.1732421875 0.29453125 0.2287109375 0.30359375 0.2486328125 0.31124999999999997 0.2625 0.3178125 0.27265625 0.323125 0.2716796875 0.323125 0.2703125 0.315625 0.2580078125 0.30828125 0.2458984375 0.2975 0.219921875 0.28250000000000003 0.182421875 0.27546875000000004 0.1609375 0.27015625 0.1634765625 0.27265625 0.1732421875
0 0.29265625 0.2833984375 0.2971875 0.2814453125 0.27921874999999996 0.24140625 0.26453125 0.2029296875 0.26265625 0.2142578125 0.28234375 0.262109375 0.29265625 0.2833984375