1 0.833984375 0.18676718750000001 0.83203125 0.0012203125 0.8212890625 0 0.822265625 0.17944374999999999 0.8271484375 0.1879890625 0.833984375 0.18676718750000001
0 0.8624468750000001 0.16554375 0.8379125000000001 0.10389531249999999 0.8344078125 0.1145328125 0.852434375 0.1618203125 0.8579203124999999 0.1741625 0.8624468750000001 0.16554375
0 0.8601140624999999 0.0418265625 0.8694390625 0.078853125 0.8802218749999999 0.11922812499999999 0.889734375 0.1549625 0.8952203125 0.149478125 0.887540625 0.12204999999999999 0.8672453125 0.040454687499999996 0.8601140624999999 0.0418265625
0 0.76155625 0.074790625 0.8186359375000001 0.07135 0.8184250000000001 0.0637671875 0.7620578124999999 0.0660296875 0.76155625 0.074790625
0 0.2497609375 0.10581875 0.33442500000000003 0.10139218750000001 0.49699218749999996 0.09294375 0.6476140625 0.0840921875 0.6472078125 0.0772875 0.5755171875 0.081275 0.49407968750000003 0.0857015625 0.259740625 0.0981734375 0.17283125 0.098978125 0.017040625 0.09857656249999999 0.000625 0.09857656249999999 0 0.1066234375 0.2497609375 0.10581875
1 0.21752500000000002 0.4877625 0.22382343750000003 0.48706875 0.22265625 0.286865625 0.22640625 0.284765625 0.2431640625 0.283203125 0.24436874999999997 0.280775 0.24436874999999997 0.2769125 0.2412109375 0.27587968749999997 0.23162031249999998 0.2782828125 0.216796875 0.2819828125 0.21752500000000002 0.46738125 0.21752500000000002 0.4877625
0 0.708846875 0.006184375000000001 0.6961015625 0.027821875000000003 0.699715625 0.035907812500000004 0.713603125 0.0095125 0.708846875 0.006184375000000001
0 0.260440625 0.32351718749999997 0.2274609375 0.2917875 0.22505156249999997 0.29734531249999996 0.2571875 0.3275390625 0.260440625 0.32351718749999997
0 0.271628125 0.30988906250000003 0.2464296875 0.284209375 0.2425375 0.2874234375 0.267921875 0.31382656249999996 0.271628125 0.30988906250000003
0 0.264771875 0.3161421875 0.23679375 0.2871921875 0.2319765625 0.29066562500000004 0.26180781249999996 0.32054375 0.264771875 0.3161421875
0 0.1746875 0.2529296875 0.12453125000000001 0.22890625 0.12140625000000001 0.2341796875 0.17265625 0.2587890625 0.1746875 0.2529296875
0 0.1615625 0.2650390625 0.10984374999999999 0.243359375 0.05437499999999999 0.215625 0.05046874999999999 0.2208984375 0.060312500000000005 0.2259765625 0.1103125 0.251953125 0.159375 0.2705078125 0.1615625 0.2650390625