1 0.08391875 0 0.075 0.1201171875 0.0640625 0.4033203125 0.0640625 0.5068359375 0.071875 0.5126953125 0.0765625 0.5087890625 0.08125 0.3271484375 0.0989042015625 0.0916765859375 0.14921875 0.064453125 0.19296875 0.0625 0.2015625 0.0556640625 0.2033203125 0.046815625 0.18515625 0.041015625 0.14921875 0.048828125 0.09765625 0.080078125 0.10194218749999999 0 0.08391875 0
1 0.1898015625 0.140065625 0.1872359375 0.1230328125 0.177625 0.11328125 0.1624765625 0.10853593749999998 0.16149075156249998 0.12236113125 0.1668953953125 0.13165711875 0.1645173515625 0.157383221875 0.1323056765625 0.1519785796875 0.130576190625 0.1632202375 0.1303600046875 0.1718676671875 0.138142690625 0.172516225 0.1387912484375 0.1645173515625 0.16195625 0.1693015625 0.16305 0.186915625 0.17215625 0.1884765625 0.174029525 0.171002925 0.1880815984375 0.172948596875 0.18873015625 0.1861359265625 0.197593771875 0.1878654125 0.198242328125 0.1857035546875 0.1980261421875 0.1733809671875 0.20775450156250003 0.17381333906250002 0.20782656249999998 0.1700203125 0.20840305781250001 0.16257168125000002 0.17651406249999999 0.15955312500000002 0.17597519687500002 0.1400883625 0.1898015625 0.140065625
0 0 0.0719578125 0.0107328125 0.080090625 0.0743171875 0.126234375 0.075 0.1220703125 0.0751140625 0.11743125000000001 0 0.0615234375 0 0.0719578125
0 0 0.10780156249999999 0.061631250000000005 0.1468546875 0.0627015625 0.13883281249999999 0 0.098365625 0 0.10780156249999999
0 0 0.1297359375 0.050503125 0.158359375 0.0511453125 0.15086875 0 0.1201171875 0 0.1297359375
0 0.0601328125 0 0.0010937499999999999 0.060546875 0.0022765625 0.06321875 0.0042796875 0.0655375 0.06828125 0 0.0601328125 0
0 0.1173734375 0.06761875 0.10559687499999999 0.027446875 0.1008046875 0.0329359375 0.11298125 0.0708625 0.1173734375 0.06761875
0 0.13314375 0.0137234375 0.11997031250000001 0 0.11358125 0.0005 0.12096718749999999 0.011228125 0.1349390625 0.024203125 0.1622875 0.0474078125 0.1674765625 0.0416703125 0.13314375 0.0137234375
0 0.1062828125 0.091975 0.10211406249999999 0.09337656250000001 0.121190625 0.1404671875 0.1288859375 0.1534921875 0.1322515625 0.15028593750000002 0.124396875 0.135859375 0.1062828125 0.091975
0 0.12696093749999998 0.12243437500000001 0.1344953125 0.15228906250000002 0.13978593749999998 0.1504859375 0.122153125 0.080953125 0.1165421875 0.083959375 0.12696093749999998 0.12243437500000001
0 0.19621249999999998 0.1615078125 0.20150312499999998 0.1607046875 0.1946109375 0.11201406249999998 0.1880375 0.06271875 0.182746875 0.0625203125 0.1870765625 0.0961828125 0.19621249999999998 0.1615078125
0 0.192365625 0.16090625 0.19509062500000002 0.1603046875 0.19412968749999998 0.1571 0.19300781250000001 0.15449375 0.19028125 0.149484375 0.1894796875 0.14106875000000002 0.185953125 0.14146875 0.1865953125 0.1496859375 0.1888390625 0.15789999999999998 0.192365625 0.16090625
0 0.40908125 0.314303125 0.2736140625 0.2868921875 0.2731265625 0.29298437499999996 0.41054375 0.3207 0.40908125 0.314303125
0 0.39933593749999996 0.30699375 0.2689859375 0.278365625 0.2689859375 0.283846875 0.41005624999999996 0.3146078125 0.549178125 0.34110625 0.550153125 0.334709375 0.39933593749999996 0.30699375
0 0.25071875 0.2672203125 0.5156296874999999 0.319878125 0.51585625 0.31396562499999997 0.252296875 0.2615921875 0.2511703125 0.26497031249999997 0.25071875 0.2672203125
0 0.177709375 0 0.17887187499999999 0.0220453125 0.180615625 0.0428765625 0.1850734375 0.040696875 0.18313593749999998 0.0213171875 0.1819734375 0 0.177709375 0
0 0.40586406249999996 0.2710765625 0.5467734375 0.30575 0.5483484375 0.30085625 0.40429843749999994 0.26405625 0.257778125 0.2177046875 0.178675 0.18708750000000002 0.1779828125 0.192140625 0.27147031250000003 0.22893906249999998 0.40586406249999996 0.2710765625
0 0.26803750000000004 0.22082656250000002 0.4038609375 0.262565625 0.5491453125 0.29921875 0.55051875 0.29415468749999996 0.413115625 0.259465625 0.313840625 0.22872499999999998 0.25763125 0.2098609375 0.17959375 0.1821890625 0.1798203125 0.187265625 0.26803750000000004 0.22082656250000002
0 0.4375 0.24215781249999999 0.5575 0.2650296875 0.55796875 0.2591796875 0.48171875000000003 0.2439453125 0.38879687500000004 0.2239953125 0.19921875 0.179296875 0.1972171875 0.18531875 0.3075421875 0.213234375 0.4375 0.24215781249999999
0 0.344271875 0.1685515625 0.43091093750000004 0.18906875 0.43527343749999997 0.1825765625 0.27796875 0.145703125 0.27671875 0.15234375 0.344271875 0.1685515625
0 0.28214843749999996 0.1680328125 0.426546875 0.20335312499999997 0.42633906250000003 0.19737968749999998 0.28152499999999997 0.162578125 0.27984375 0.1669921875 0.28214843749999996 0.1680328125
0 0.426546875 0.1906265625 0.2838109375 0.15712500000000001 0.28214843749999996 0.16231875 0.4259234375 0.19711875 0.426546875 0.1906265625
0 0.18308125 0.02240625 0.2483296875 0.051984375000000006 0.379546875 0.10635937499999999 0.47969062500000004 0.145496875 0.5978375 0.18714999999999998 0.5997203125 0.1816625 0.4823203125 0.139521875 0.3917359375 0.1036703125 0.27605625 0.0573609375 0.183559375 0.014937500000000001 0.18308125 0.02240625
0 0.5076546875 0.12309062500000001 0.3649671875 0.073196875 0.183596875 0.008365625 0.18236406249999998 0.0119515625 0.182125 0.014937500000000001 0.2975671875 0.0573609375 0.505265625 0.12816875 0.5076546875 0.12309062500000001
0 0.17781249999999998 0.012890625 0.1484375 0 0.1353125 0.000390625 0.17828125 0.0203125 0.17781249999999998 0.012890625