1 0.51609375 0.2880765625 0.51893125 0.4508328125 0.5235953125 0.4501953125 0.5241328125 0.2880765625 0.51609375 0.2880765625
1 0.50078125 0.302734375 0.49921875 0.296875 0.466753125 0.29832187499999996 0.46769999999999995 0.3044296875 0.48125 0.3076171875 0.48394843749999994 0.45489375 0.490084375 0.4522125 0.490625 0.3056640625 0.50078125 0.302734375
0 0.5944046875 0 0.341334375 0.027664062499999996 0.2158390625 0.042309374999999996 0.051290625 0.06281250000000001 0 0.0684375 0 0.0781078125 0.0096328125 0.07745625 0.3407359375 0.0381125 0.6860515625 0 0.5944046875 0
0 0.55203125 0.157421875 0.588125 0.11640625 0.58515625 0.107421875 0.56578125 0.1318359375 0.546875 0.1533203125 0.55203125 0.157421875
0 0 0.0245515625 0.199740625 0.002315625 0.1556421875 0 0 0.016212499999999998 0 0.0245515625
0 0.5283671875 0.1505390625 0.5327953125 0.15238125 0.5478125 0.1056640625 0.56828125 0.0416015625 0.5640625 0.0400390625 0.5271609374999999 0.1481546875 0.5283671875 0.1505390625
0 0.5745312499999999 0.130078125 0.561875 0.1630859375 0.568125 0.1640625 0.58015625 0.1296875 0.5745312499999999 0.130078125
0 0.58203125 0.1658203125 0.58921875 0.1234375 0.5853125 0.1216796875 0.5759375 0.1638671875 0.58203125 0.1658203125
1 0.58984375 0.17211875000000001 0.58921875 0.18203125 0.5732421875 0.1684578125 0.5557546875 0.15985625 0.5302734375 0.153809375 0.5210859375 0.1562234375 0.51953125 0.16235312500000001 0.523784375 0.1658234375 0.5556640625 0.1684578125 0.5906328125 0.192553125 0.5917890625 0.45639375 0.6023531249999999 0.4556640625 0.59765625 0.0500484375 0.61713125 0.0363703125 0.619140625 0.028076562500000003 0.6173437500000001 0.016015625 0.6135937499999999 0.016015625 0.5683234374999999 0.0152515625 0.5665625000000001 0.0376953125 0.5810546875 0.036621875 0.587890625 0.0500484375 0.58984375 0.17211875000000001
0 0.62453125 0.09765625 0.5996875 0.0982421875 0.59984375 0.1046875 0.6260687500000001 0.10419687500000001 0.6435531250000001 0.1015484375 0.6732234375 0.09205624999999999 0.70859375 0.077734375 0.711875 0.0716796875 0.70890625 0.0712890625 0.686115625 0.080796875 0.6633328125 0.0891859375 0.640728125 0.0955875 0.62453125 0.09765625
0 0.6304359374999999 0.1656515625 0.6191265625 0.17600625 0.62263125 0.1817796875 0.63378125 0.1710296875 0.680290625 0.11886406249999999 0.675353125 0.1158765625 0.6304359374999999 0.1656515625
0 0.7626734374999999 0 0.7123828125 0.0720453125 0.6620921875 0.144196875 0.630615625 0.1872359375 0.6367671875 0.1899453125 0.7103921875 0.086378125 0.747296875 0.0340625 0.7720796875 0 0.7626734374999999 0
0 0.7084374999999999 0.0958984375 0.67875 0.1279296875 0.679459375 0.13454531249999999 0.7198 0.0933890625 0.752 0.0601484375 0.7434375 0.0599609375 0.7084374999999999 0.0958984375
0 0.759375 0.0412109375 0.7509375 0.0494140625 0.7278125 0.061328125 0.72265625 0.0689453125 0.72203125 0.0703125 0.75265625 0.055859375 0.78671875 0.0318359375 0.81875 0.0087890625 0.8303125 0.0001953125 0.82125 0 0.7759375000000001 0.033203125 0.8060937499999999 0.00078125 0.80015625 0 0.77390625 0.0265625 0.759375 0.0412109375