0 0.60426875 0.30567968749999996 0.5127921875 0.3161703125 0.41323125000000005 0.320353125 0.3488203125 0.32030156249999997 0.2400109375 0.316259375 0.240484375 0.32972812500000004 0.2563703125 0.32926875 0.382909375 0.329596875 0.4850390625 0.32515625 0.5382609375 0.3209078125 0.65059375 0.309003125 0.680484375 0.3083796875 0.69911875 0.3069828125 0.70005 0.29999375 0.6035296875 0.310709375 0.6981859375 0.295803125 0.6996765625 0.2895140625 0.60426875 0.30567968749999996
1 0.7015890625 0.18136406249999998 0.698209375 0.18260937500000002 0.6975625 0.19541718749999998 0.6993921875 0.5040015624999999 0.7094578125 0.503103125 0.708425 0.23629531250000002 0.7064328125 0.18234999999999998 0.7015890625 0.18136406249999998
1 0.2584375 0.2365234375 0.258125 0.2271484375 0.24375 0.2283203125 0.24171874999999998 0.21796875 0.26078125 0.216796875 0.25859375 0.203515625 0.2412109375 0.20263749999999997 0.23234375 0.2025390625 0.232421875 0.20874062499999999 0.23265625 0.4587890625 0.23953125000000003 0.460546875 0.24156249999999999 0.289453125 0.24937499999999999 0.2865234375 0.2496875 0.2708984375 0.24390625 0.2619140625 0.24375 0.2576171875 0.25984375000000004 0.2560546875 0.26046874999999997 0.2474609375 0.2421875 0.2466796875 0.24234375 0.2375 0.2584375 0.2365234375
0 0.22828125 0.191796875 0.2390625 0.201171875 0.24822187499999998 0.20171718749999998 0.22185156250000002 0.1734125 0.1865 0.131725 0.1364359375 0.063775 0.0950484375 0 0.08931093749999999 0.000403125 0.1009171875 0.0205546875 0.130703125 0.067 0.1814375 0.13829843749999998 0.19984375000000001 0.161328125 0.22828125 0.191796875
0 0.19175625000000002 0.1640953125 0.15416093749999998 0.11928281249999999 0.07022500000000001 0 0.0621984375 0.0007171875 0.140625 0.11596718749999999 0.1982421875 0.185546875 0.2272984375 0.2135390625 0.233984375 0.21903125 0.2350375 0.2117484375 0.19175625000000002 0.1640953125
0 0.185 0.1833984375 0.17346875 0.1697203125 0.12890625 0.11596718749999999 0.0419921875 0 0.035828125 0.0007171875 0.1220703125 0.1220703125 0.1787109375 0.1904296875 0.22914531249999998 0.23880625000000003 0.23265625 0.232421875 0.185 0.1833984375
0 0.1684375 0.3291015625 0.1595875 0.31982499999999997 0.0800234375 0.275078125 0.0756109375 0.2801109375 0.080625 0.2837890625 0.09265625 0.2919921875 0.145915625 0.322265625 0.181071875 0.34912187499999997 0.2102640625 0.3549484375 0.2172046875 0.355225 0.23112499999999997 0.35484218749999996 0.2327203125 0.3506109375 0.21359374999999997 0.351171875 0.2134375 0.3484375 0.2298625 0.3478046875 0.2321875 0.3478515625 0.23190312500000002 0.34218906250000003 0.20578124999999997 0.34375 0.18693125 0.341796875 0.1684375 0.3291015625
1 0.31640625 0.338134375 0.32671875 0.33359375 0.32890625 0.3287109375 0.3212890625 0.3271484375 0.29640625 0.328125 0.2975 0.3330078125 0.30859375 0.33569375 0.30859375 0.4504390625 0.315625 0.4525390625 0.31640625 0.338134375
1 0.3345875 0.384384375 0.33692968749999996 0.47649375000000005 0.34109687499999997 0.47584218749999996 0.33984375 0.3820796875 0.3490625 0.3771484375 0.35 0.3705078125 0.34859375 0.363671875 0.34546875 0.3634765625 0.3310546875 0.36377031249999997 0.3253125 0.363671875 0.3246921875 0.37429531250000003 0.32578125 0.3775390625 0.3345875 0.384384375
1 0.36328125 0.494384375 0.3640625 0.4080078125 0.37124999999999997 0.4044921875 0.36984374999999997 0.40078125 0.3646875 0.400390625 0.3525390625 0.400390625 0.35125 0.4033203125 0.357421875 0.4089359375 0.35812499999999997 0.4390625 0.35875 0.4931640625 0.36328125 0.494384375
1 0.36593749999999997 0.421875 0.366875 0.4896484375 0.37140625 0.49140625 0.3703125 0.422265625 0.36593749999999997 0.421875
0 0.263728125 0.27335937499999996 0.28718750000000004 0.3169921875 0.30078125 0.31796875 0.28484375 0.2896484375 0.27910625 0.277690625 0.2634765625 0.23671875 0.25890625 0.2416015625 0.2678125 0.2685546875 0.258125 0.258984375 0.2557140625 0.2625296875 0.25734375 0.265234375 0.2598296875 0.2676734375 0.263728125 0.27335937499999996
0 0.6720609375000001 0.217196875 0.655034375 0.29409375 0.66015625 0.2941890625 0.6763375 0.2205625 0.6720609375000001 0.217196875
0 0.4759796875 0.2183734375 0.4437421875 0.226865625 0.31837031250000003 0.24982812499999998 0.27130624999999997 0.2509546875 0.2728125 0.25859375 0.31566875 0.25725625 0.42421875 0.239453125 0.5103125000000001 0.2166015625 0.591303125 0.192165625 0.6066453125 0.18611093750000002 0.61298125 0.18334062499999998 0.609515625 0.17801406250000001 0.5826078125 0.186834375 0.554125 0.19597031250000002 0.4759796875 0.2183734375
0 0.5498000000000001 0.1791515625 0.5013140625 0.192446875 0.42972031250000003 0.20868437499999998 0.37717812500000003 0.21857968749999998 0.3066421875 0.22947812500000003 0.2640625 0.2314453125 0.26375000000000004 0.234375 0.2653125 0.238671875 0.301875 0.2373046875 0.3642703125 0.229221875 0.452528125 0.212246875 0.5239796875 0.194928125 0.589221875 0.1764109375 0.6034078125 0.17178125 0.607753125 0.17027187500000002 0.605 0.1640625 0.5962265625 0.166971875 0.5498000000000001 0.1791515625
0 0.5341546875 0.16533437499999998 0.46726875 0.183809375 0.42438906249999997 0.1937046875 0.36078125 0.2046875 0.33171875 0.208203125 0.31931875 0.2091140625 0.26232812499999997 0.21201562499999999 0.2625 0.2185546875 0.27921874999999996 0.2177734375 0.33187500000000003 0.215234375 0.42671875000000004 0.200390625 0.5390625 0.17265625 0.583203125 0.1589859375 0.5974578125 0.15383906249999998 0.5968 0.148228125 0.5947484375000001 0.148228125 0.564090625 0.1577515625 0.5341546875 0.16533437499999998
0 0.7880859375 0.3025015625 0.8026109375000001 0.30262968749999997 0.89269375 0.301790625 0.9478890625 0.30143749999999997 0.9484515625000001 0.29545468750000003 0.787109375 0.29395625000000003 0.7880859375 0.3025015625
0 0.2621875 0.394140625 0.2737328125 0.41076562499999997 0.2867796875 0.42531093750000004 0.2991546875 0.431484375 0.30939218749999997 0.43170937499999995 0.309375 0.426171875 0.3019171875 0.42665 0.2905890625 0.4204328125 0.27870625000000004 0.4073125 0.2635078125 0.3859015625 0.245546875 0.35240625 0.2411265625 0.3486078125 0.2400390625 0.35461875 0.2621875 0.394140625
0 0.737325 0.3020921875 0.7095015625000001 0.301478125 0.7089078125 0.30865 0.737596875 0.30865 0.737325 0.3020921875
0 0.7366078125 0.2898546875 0.7091062499999999 0.2891125 0.7085125 0.2952953125 0.7373984375 0.2965328125 0.7366078125 0.2898546875
0 0.189046875 0.3623796875 0.1892890625 0.3547796875 0.12828124999999999 0.3623046875 0.03609375 0.371484375 0.03520625 0.3777421875 0.048984375000000004 0.3771671875 0.12609375 0.369921875 0.189046875 0.3623796875
0 0.03609375 0.362109375 0.0354515625 0.3652875 0.035625000000000004 0.368359375 0.0750890625 0.3656859375 0.13234375 0.359375 0.18714843750000001 0.3544921875 0.1848515625 0.3493234375 0.17703125 0.3494140625 0.0764671875 0.358221875 0.03609375 0.362109375
0 0.23114062500000002 0.3404046875 0.21072656250000002 0.3342796875 0.194190625 0.32815625000000004 0.178471875 0.315396875 0.1735734375 0.316671875 0.17908437500000002 0.32534687500000004 0.1937828125 0.3353015625 0.215421875 0.3429546875 0.2321609375 0.34218906250000003 0.2313453125 0.34117031249999996 0.23114062500000002 0.3404046875
0 0.1903390625 0.32498125 0.2330859375 0.327390625 0.2324734375 0.321521875 0.1915265625 0.320034375 0.18776718750000002 0.320034375 0.1903390625 0.32498125
0 0.088125 0.2609375 0.15918749999999998 0.3062109375 0.1669453125 0.31641718750000003 0.23186093749999998 0.318459375 0.23216406250000002 0.3153453125 0.2325671875 0.31080312499999996 0.173571875 0.3069765625 0.1707125 0.3031484375 0.1533609375 0.2954921875 0.10538906249999999 0.2651265625 0.0884453125 0.2551765625 0.08687500000000001 0.2595703125 0.088125 0.2609375
0 0.09415781250000001 0.3262578125 0.046021875000000004 0.33032343750000004 0.046509375 0.335203125 0.0993609375 0.3305265625 0.1447328125 0.3226 0.13887812500000002 0.3181265625 0.09415781250000001 0.3262578125
1 0.0322265625 0.380859375 0.033203125 0.3796390625 0.03515625 0.377196875 0.03515625 0.357665625 0.037109375 0.355225 0.037109375 0.32836875 0.0361328125 0.3271484375 0.03125 0.32836875 0.03125 0.3479 0.029296875 0.3503421875 0.029296875 0.377196875 0.0322265625 0.380859375
0 0.19859374999999999 0.30859375 0.22484375 0.3021484375 0.23296875 0.2990234375 0.23171875000000003 0.294921875 0.19296875 0.3056640625 0.19859374999999999 0.30859375
0 0.22609374999999998 0.29375 0.14640625000000002 0.287890625 0.14953125 0.29375 0.2265625 0.298828125 0.22609374999999998 0.29375