1 0.693071875 0 0.6941437500000001 0.032121875 0.6941437500000001 0.0329765625 0.6944859375 0.05225 0.6963765625 0.1109515625 0.686884375 0.130725 0.68618125 0.1355578125 0.6877640625 0.14478437500000002 0.701121875 0.1469828125 0.702365625 0.5700296875 0.7160703125000001 0.572171875 0.7287484375 0.568746875 0.724609375 0.4650875 0.7157281249999999 0.3075 0.7153906250000001 0.2615796875 0.7123015625 0.1306234375 0.709840625 0 0.693071875 0
1 0.507628125 0.1877625 0.5059312499999999 0.19239062499999998 0.5074546875 0.2050890625 0.5263671875 0.2099609375 0.5322265625 0.20263749999999997 0.5390625 0.21118125000000001 0.541015625 0.299071875 0.5292484375 0.30283906250000003 0.5292484375 0.31130625 0.541015625 0.318603125 0.54296875 0.4406734375 0.55078125 0.4406734375 0.55078125 0.3308109375 0.5595046875 0.3172328125 0.5613109374999999 0.31469375 0.5608593749999999 0.3034046875 0.55078125 0.3015140625 0.5500203124999999 0.28590468750000003 0.55078125 0.20629843750000001 0.576284375 0.20128125 0.5770453125 0.1888984375 0.507628125 0.1877625
1 0.351875 0.296484375 0.35296875 0.3021484375 0.3375 0.3017578125 0.33734375 0.31328125 0.35203125 0.312890625 0.35125 0.3205078125 0.34109375000000003 0.322265625 0.341796875 0.325928125 0.351875 0.330078125 0.3515625 0.3503421875 0.350121875 0.5103046875 0.3552609375 0.5090703125 0.361328125 0.3137203125 0.37453125 0.3126953125 0.3740625 0.3013671875 0.35921875000000003 0.3013671875 0.359375 0.2958984375 0.37453125 0.296484375 0.37390625 0.28359375 0.33718750000000003 0.2845703125 0.33718750000000003 0.29765625 0.351875 0.296484375
0 0.641625 0.0020171875 0.6590625 0.014070312500000001 0.672346875 0.024759375 0.6939359375 0.0439546875 0.69549375 0.038390625 0.6759078125 0.020309374999999998 0.6625546875 0.0075125 0.6494921875 0 0.641625 0.0020171875
0 0.675771875 0 0.670846875 0.014731250000000001 0.675596875 0.0200078125 0.680696875 0 0.675771875 0
1 0.5074875 0.36598593749999997 0.5076859375 0.376859375 0.5114421874999999 0.3771078125 0.5167796874999999 0.433203125 0.523303125 0.434190625 0.51875625 0.36598593749999997 0.5074875 0.36598593749999997
0 0.5583078125000001 0.3403921875 0.5688109375 0.34466562500000003 0.5839531250000001 0.34497187500000004 0.5978734375 0.33764531249999996 0.621075 0.311390625 0.640125 0.285134375 0.651359375 0.26498125 0.67163125 0.230484375 0.6962984375 0.194765625 0.6933671875 0.18774375000000001 0.68481875 0.20087187499999998 0.64940625 0.2561265625 0.6743171875 0.21125312499999999 0.689215625 0.1819515625 0.6965421875 0.1740140625 0.6945890625 0.16454531249999998 0.6855515624999999 0.1761453125 0.657709375 0.228959375 0.6650359375 0.2130859375 0.6750499999999999 0.1880515625 0.688971875 0.14714218750000002 0.6840859375 0.1376734375 0.6762718750000001 0.1535484375 0.6708984375 0.1651609375 0.66259375 0.18285625 0.644765625 0.2323125 0.6281578125 0.2594828125 0.6027578124999999 0.2930640625 0.5863953125 0.30985625 0.5690546875 0.319625 0.5565984375 0.32023437499999996 0.5548890625 0.3260453125 0.5666125 0.324821875 0.5692984375 0.3300140625 0.5805328125 0.33306562500000003 0.5741828124999999 0.335203125 0.5595296875 0.335203125 0.551225 0.3306234375 0.55098125 0.3355078125 0.5583078125000001 0.3403921875
0 0.580759375 0.31140625 0.5676046875 0.2765265625 0.562821875 0.2780234375 0.576375 0.313896875 0.580759375 0.31140625
0 0.6220140625 0.1963109375 0.618228125 0.19456562500000002 0.6144406250000001 0.2020390625 0.6016859375 0.2291953125 0.593315625 0.24638437500000002 0.5897281249999999 0.251615625 0.5851437500000001 0.25784375000000004 0.5773703125 0.26706093750000004 0.5739828124999999 0.271046875 0.571790625 0.272790625 0.563021875 0.272790625 0.5506656249999999 0.263325 0.5492703125 0.2665625 0.5564453125 0.27378749999999996 0.561028125 0.2767765625 0.5656125000000001 0.277525 0.5686015624999999 0.2777734375 0.5733843750000001 0.277028125 0.5765734375 0.27528281250000003 0.5867375 0.26482031250000004 0.59929375 0.24713124999999997 0.6194234375 0.2022890625 0.6220140625 0.1963109375
0 0.634171875 0.1681578125 0.674828125 0.027154687500000003 0.6700453125 0.022171875 0.627125 0.166975 0.634171875 0.1681578125
0 0.5309062499999999 0.314790625 0.517971875 0.364765625 0.5222828125000001 0.3669703125 0.5375703125 0.3192015625 0.5309062499999999 0.314790625
0 0.469375 0.2568359375 0.43623593749999995 0.294140625 0.4386078125 0.2990125 0.4714734375 0.261953125 0.4865515625 0.24310625 0.5109375 0.20703125 0.5075578125 0.20287187499999998 0.469375 0.2568359375
0 0.53828125 0.2390625 0.5159374999999999 0.2671875 0.5075000000000001 0.2759765625 0.48796875 0.2939453125 0.49124999999999996 0.297265625 0.51125 0.2794921875 0.5232812499999999 0.266015625 0.5399734375 0.2439421875 0.53828125 0.2390625