1 0.12028749999999999 0.057604687499999994 0.1226296875 0.06932031250000001 0.1422421875 0.06586718750000001 0.1546546875 0.41072031249999996 0.1577796875 0.47385781250000003 0.165625 0.4736328125 0.17026406249999998 0.47286875000000006 0.1703125 0.3251953125 0.1638671875 0.32171875 0.1635625 0.3042046875 0.16143125 0.25356875 0.153125 0.0673828125 0.1546875 0.0576171875 0.17105781250000002 0.047515625 0.170015625 0.030918750000000002 0.12028749999999999 0.057604687499999994
0 0.24135468750000003 0.10056406250000001 0.173921875 0.0706234375 0.17418125 0.079084375 0.23953281249999997 0.107075 0.24135468750000003 0.10056406250000001
0 0.1718390625 0.0449125 0.169234375 0.050118750000000004 0.2502078125 0.0885234375 0.3041015625 0.11358125 0.308528125 0.109025 0.24473906250000002 0.079409375 0.1718390625 0.0449125
0 0.17105781250000002 0.030267187499999997 0.1709453125 0.038828125000000005 0.267390625 0.084290625 0.321025 0.1093515625 0.3258640625 0.1028828125 0.2736390625 0.0800609375 0.17105781250000002 0.030267187499999997
0 0.073403125 0.0089046875 0.034228125 0 0.025324999999999997 0.0027203125 0.071859375 0.01399375 0.073403125 0.0089046875
0 0.42111406249999994 0.14499062499999998 0.37951562499999997 0.12655624999999998 0.3759734375 0.1310625 0.42140000000000005 0.1514171875 0.42111406249999994 0.14499062499999998
0 0.5845312500000001 0.2106984375 0.5862453125 0.20605625 0.5525328125 0.19498593749999998 0.4451125 0.1535609375 0.4359703125 0.1574890625 0.49339374999999996 0.178915625 0.5479625 0.19927187500000001 0.5845312500000001 0.2106984375
0 0.54481875 0.20605625 0.5728171875 0.21534218749999998 0.5855984375000001 0.21913125 0.5868171875 0.2139140625 0.45939687500000004 0.1710609375 0.40054375000000003 0.14749062500000001 0.3622609375 0.1321328125 0.35511875000000004 0.134990625 0.397971875 0.1528453125 0.44196875 0.1699890625 0.49282343749999996 0.1885578125 0.54481875 0.20605625
0 0.418828125 0.1678453125 0.32740625 0.134278125 0.303121875 0.124634375 0.29569375 0.127490625 0.32055 0.1385625 0.371975 0.1578453125 0.4585390625 0.1874859375 0.516821875 0.20605625 0.5768171875 0.2239140625 0.5853875000000001 0.22676875000000002 0.5853875000000001 0.22069999999999998 0.5565328125 0.212484375 0.480134375 0.1878796875 0.418828125 0.1678453125
0 0.4607203125 0.261465625 0.365528125 0.2390234375 0.3615625 0.24372031249999998 0.452996875 0.26564062499999996 0.5030984375 0.2776421875 0.5705250000000001 0.291734375 0.57156875 0.286253125 0.4607203125 0.261465625
0 0.38556875 0.2904296875 0.42669375 0.3013890625 0.47408124999999995 0.3110421875 0.5275218749999999 0.320178125 0.5744921875 0.32774375 0.57574375 0.322525 0.5183359375000001 0.312871875 0.4356703125 0.294865625 0.38410781250000003 0.2823390625 0.38389843749999997 0.29016875 0.38556875 0.2904296875
0 0.42126562500000003 0.28495 0.5005921875 0.3034765625 0.5429703124999999 0.3115671875 0.5753265625 0.3165234375 0.5753265625 0.312871875 0.5271046875 0.3034765625 0.4747078125 0.29199375 0.3747140625 0.266684375 0.375340625 0.27320625 0.42126562500000003 0.28495
0 0.520425 0.30165000000000003 0.5734484375 0.3115671875 0.573865625 0.30634843749999996 0.5291921875 0.2972125 0.432121875 0.2750328125 0.3736703125 0.260159375 0.3740875 0.2651171875 0.44798593750000004 0.284428125 0.520425 0.30165000000000003