1 0.96875 0.6140140625 0.9775390625 0.6274421875 0.998046875 0.6262203125 1 0.0012203125 0.9755859375 0 0.9765625 0.3332515625 0.96875 0.6140140625
1 0.5546875 0.279540625 0.5498046875 0.283203125 0.5224609375 0.26611406249999997 0.50390625 0.269775 0.5068359375 0.27587968749999997 0.5380859375 0.2783203125 0.552734375 0.2917484375 0.5546875 0.4504390625 0.560546875 0.45288125 0.5625 0.20629843750000001 0.56640625 0.18188437500000001 0.5908203125 0.1782234375 0.5908203125 0.1611328125 0.5791015625 0.1684578125 0.5244140625 0.163575 0.5244140625 0.1782234375 0.5341796875 0.185546875 0.55078125 0.18432656249999999 0.5546875 0.279540625
1 0.5224609375 0.32470781249999997 0.5234375 0.45288125 0.529296875 0.45288125 0.529296875 0.3308109375 0.5224609375 0.32470781249999997
1 0.4794921875 0.3564453125 0.48033281250000004 0.4535046875 0.485528125 0.4517109375 0.486328125 0.3601078125 0.4794921875 0.3564453125
1 0.46875 0.3918453125 0.4690625 0.4552734375 0.47406249999999994 0.4548828125 0.475 0.3935546875 0.4765625 0.3869625 0.4638671875 0.3857421875 0.46875 0.3918453125
0 0.20140625 0.2958984375 0.2108921875 0.29485937500000003 0.2348453125 0.29225625 0.25625 0.290625 0.2572375 0.28314218750000003 0.1968328125 0.28900156250000003 0.20140625 0.2958984375
0 0.41847812500000003 0.256975 0.292653125 0.280359375 0.2921875 0.2853515625 0.452246875 0.258734375 0.5475390625000001 0.23855624999999997 0.5496234375 0.23107031249999999 0.41847812500000003 0.256975
0 0.5934171874999999 0 0.591796875 0.0036625 0.5665234375 0.07294062500000001 0.53125 0.15502968749999999 0.5322265625 0.1611328125 0.537109375 0.15991249999999999 0.5637796875000001 0.097865625 0.578046875 0.05785 0.6005859375 0 0.5934171874999999 0
0 0.700059375 0 0.640625 0.09399375 0.60915 0.14019375 0.5910796875 0.1623109375 0.5951375 0.169071875 0.611328125 0.15014687499999999 0.654296875 0.0866703125 0.7046328125 0.00274375 0.7041015625 0 0.700059375 0
0 0.760253125 0 0.7456046875 0.0183109375 0.64529375 0.155546875 0.5614328125 0.2631890625 0.563125 0.27109375 0.65196875 0.15878125 0.768065625 0 0.760253125 0
0 0.8154296875 0 0.7740625 0.055314062500000004 0.7099609375 0.1391609375 0.617390625 0.24500468749999998 0.5910546875 0.2725484375 0.563028125 0.298528125 0.5636703125 0.30441250000000003 0.5737281249999999 0.2990625 0.614525 0.26431875 0.6279296875 0.25146562499999997 0.6650390625 0.21484375 0.8305109375 0 0.8154296875 0
0 0.54203125 0.2490234375 0.551403125 0.2333203125 0.55125 0.2296875 0.5189421875 0.2609359375 0.5207453125 0.266571875 0.525253125 0.2654453125 0.54203125 0.2490234375
0 0.548246875 0.27840625 0.5523046875000001 0.2361390625 0.5467671875 0.23574531250000003 0.5401812500000001 0.26318593749999997 0.53796875 0.271484375 0.548246875 0.27840625
0 0.5617734375000001 0.23951875 0.59890625 0.2615234375 0.60234375 0.257421875 0.58546875 0.2462890625 0.562675 0.231065625 0.5617734375000001 0.23951875
0 0.636709375 0.3305734375 0.60055625 0.31718437499999996 0.565071875 0.3050484375 0.56071875 0.3092328125 0.6055765625 0.3259703125 0.6511046875 0.341871875 0.652778125 0.3360140625 0.636709375 0.3305734375
0 0.46526562499999996 0.402584375 0.3965296875 0.40681406249999996 0.34315625 0.41006875000000004 0.3427484375 0.41731875 0.3444578125 0.417228125 0.3908015625 0.41397500000000004 0.4681296875 0.408440625 0.46526562499999996 0.402584375
0 0.6851140625000001 0.24074843750000002 0.6526859375 0.22753593749999998 0.6478484375 0.2335828125 0.6768734375000001 0.24477968749999998 0.6851140625000001 0.24074843750000002
0 0.48409531250000004 0.3289859375 0.5256609375 0.318684375 0.5251234375 0.30972656249999997 0.47621250000000004 0.321146875 0.4808703125 0.3283140625 0.48409531250000004 0.3289859375