1 0.189778125 0.189859375 0.1959578125 0.1900625 0.197421875 0.1862015625 0.198071875 0.17258281250000002 0.1990484375 0.147984375 0.1998609375 0.1179 0.1998609375 0.11098749999999999 0.22531249999999997 0.1033203125 0.225 0.0974609375 0.20099999999999998 0.1010265625 0.20351249999999999 0.07596875 0.22405624999999998 0.06928125 0.2255546875 0.0623265625 0.1669921875 0.0634765625 0.1689453125 0.0708015625 0.191528125 0.07596875 0.189778125 0.189859375
0 0.17234375 0 0.2161234375 0.062203125000000005 0.223278125 0.061185937499999996 0.19351875000000002 0.019107812499999998 0.18587499999999998 0.00894375 0.1793703125 0 0.17234375 0
0 0.196609375 0.062609375 0.15009843750000001 0 0.14196875 0.00020312500000000002 0.184375 0.057421875 0.19046875000000002 0.06484375 0.196609375 0.062609375
0 0.104565625 0.00020312500000000002 0.163271875 0.063625 0.169125 0.06159218749999999 0.1146484375 0.00020312500000000002 0.104565625 0.00020312500000000002
0 0.07626875 0 0.0744796875 0.0008125000000000001 0.10017499999999999 0.0355734375 0.10651718750000001 0.035165625 0.0813109375 0 0.07626875 0
0 0.0492734375 0.00040625000000000004 0.079034375 0.0363875 0.0844 0.033946875 0.05703125 0 0.0492734375 0.00040625000000000004
0 0.00878125 0 0.071046875 0.067678125 0.0749515625 0.0634359375 0.0757546875 0.06205937500000001 0.01675 0 0.00878125 0
0 0.0234171875 0.028053125 0.000325 0.0028453124999999998 0.0001625 0.01280625 0.030409375 0.045735937500000004 0.0567546875 0.0731796875 0.061203125000000004 0.06714218749999999 0.0234171875 0.028053125
0 0.32283125 0.13335 0.32280312499999997 0.13131718750000002 0.23968906250000002 0.09287656250000001 0.20765625000000001 0.07734375 0.20455625 0.0860453125 0.26296875000000003 0.113671875 0.320625 0.13828125 0.32283125 0.13335
0 0.2606984375 0.1354046875 0.230625 0.124609375 0.23015625 0.133203125 0.2646734375 0.1454140625 0.3376890625 0.1695609375 0.3392515625 0.1627265625 0.2606984375 0.1354046875
0 0 0.0302546875 0.036875000000000005 0.065234375 0.040654687499999995 0.0605765625 0 0.020493749999999998 0 0.0302546875