1 0.2970609375 0.12265625 0.2919921875 0.1171875 0.2859375 0.1154296875 0.2705078125 0.126953125 0.2490234375 0.126953125 0.2412109375 0.1171875 0.236328125 0.12329062500000001 0.23781249999999998 0.1353515625 0.265 0.1419921875 0.27125 0.14609375 0.263671875 0.4724125 0.263671875 0.4968265625 0.271484375 0.50415 0.279296875 0.396728125 0.28500000000000003 0.1484375 0.296875 0.1361328125 0.3134765625 0.134278125 0.318359375 0.12817343750000001 0.3178125 0.11640625 0.313125 0.116015625 0.30874999999999997 0.115625 0.3056640625 0.1245125 0.2970609375 0.12265625
0 0.28337500000000004 0 0.2678453125 0.04515 0.239403125 0.1142921875 0.24184531250000002 0.1151640625 0.24306718749999998 0.11647343750000001 0.2462078125 0.1175640625 0.275390625 0.045165625 0.28895781249999997 0.0004359375 0.284421875 0 0.28337500000000004 0
0 0.359628125 0 0.32385625 0.0606359375 0.3111234375 0.081375 0.291015625 0.10864218750000001 0.2953234375 0.11475625 0.31744531249999997 0.08572031249999999 0.32944062500000004 0.0658703125 0.33537343750000004 0.055400000000000005 0.3673046875 0 0.359628125 0
0 0.3890625 0 0.359628125 0.0471125 0.312325 0.11352500000000001 0.31722656250000003 0.11647343750000001 0.318971875 0.11669218750000002 0.365059375 0.052490625 0.396875 0 0.3890625 0
0 0.4740265625 0 0.4362953125 0.054626562499999996 0.43271249999999994 0.059701562500000006 0.3762296875 0.1413734375 0.324534375 0.2095515625 0.28271562499999997 0.253225 0.2841765625 0.2608921875 0.3219078125 0.22119218749999997 0.3407734375 0.1982078125 0.3767578125 0.15126562500000001 0.4358171875 0.0695515625 0.4443 0.056725000000000005 0.48142968750000004 0 0.4740265625 0
0 0.27081093749999996 0.1635859375 0.2665625 0.16328125 0.2514421875 0.24690625000000002 0.24236875000000002 0.299034375 0.2474296875 0.2999078125 0.2632453125 0.21347812500000002 0.27081093749999996 0.1635859375
0 0.3006109375 0.2775640625 0.296728125 0.28274374999999996 0.366759375 0.3279546875 0.2891328125 0.27940468749999997 0.28423906250000003 0.2836234375 0.35874843749999996 0.330146875 0.2830078125 0.285821875 0.28195312499999997 0.291759375 0.367946875 0.3396890625 0.44610625 0.374259375 0.4685734375 0.3834421875 0.49500625 0.3912953125 0.5259140625 0.3946546875 0.5467109375 0.3958046875 0.5459546875 0.38709375 0.5371390625 0.38661406249999997 0.519053125 0.3849796875 0.49741093750000004 0.38227656250000003 0.4746671875 0.3770328125 0.4469078125 0.36674375000000003 0.401215625 0.3421953125 0.3266640625 0.29610156249999997 0.3006109375 0.2775640625
0 0.5320703124999999 0 0.49460468750000003 0.047596875 0.4781640625 0.06978593749999999 0.42609062499999995 0.13643906249999999 0.362003125 0.21467343749999998 0.35002187500000004 0.2260203125 0.3329625 0.2434625 0.29240625 0.277884375 0.289421875 0.2811640625 0.29314687500000003 0.284203125 0.3187140625 0.26449687499999996 0.3544203125 0.2288765625 0.3775234375 0.20465781249999998 0.44329999999999997 0.1237515625 0.47140468750000003 0.0904375 0.54174375 0 0.5320703124999999 0
0 0.51448125 0 0.44690312499999996 0.09087656250000001 0.3920828125 0.1635859375 0.3305046875 0.2322359375 0.304315625 0.254734375 0.2829828125 0.2656703125 0.28202812499999996 0.2713421875 0.29639375 0.2642953125 0.283221875 0.2755203125 0.2835796875 0.2806015625 0.31348125 0.2551328125 0.3340875 0.23850625 0.37060781249999997 0.1966421875 0.45213593750000003 0.0990390625 0.5248578125 0 0.51448125 0
0 0.34781249999999997 0.1546875 0.321203125 0.124746875 0.318446875 0.13261406250000002 0.34578125000000004 0.1630859375 0.34781249999999997 0.1546875
0 0.343675 0.173615625 0.3365625 0.166796875 0.306875 0.1341796875 0.30109375 0.1376953125 0.3096875 0.1470703125 0.33968750000000003 0.177734375 0.343125 0.1751953125 0.343675 0.173615625
0 0.327240625 0.198896875 0.287421875 0.16117187500000002 0.2852109375 0.168084375 0.323765625 0.204625 0.327240625 0.198896875