1 0.16953125 0 0.1703125 0.003125 0.16515625 0.0169921875 0.160625 0.0171875 0.160625 0.0259765625 0.1671875 0.0328125 0.16796875 0.091553125 0.15953124999999999 0.0927734375 0.16015625 0.11596718749999999 0.166015625 0.40649375 0.167771875 0.48662656249999997 0.1786109375 0.48175 0.1806640625 0 0.16953125 0
1 0.26609375 0.127734375 0.24703124999999998 0.1294921875 0.2453125 0.1228515625 0.2390625 0.1228515625 0.23828125 0.12817343750000001 0.2390625 0.137890625 0.26703125 0.1390625 0.270625 0.27578125 0.27384375 0.42879531249999997 0.282128125 0.4269671875 0.27671875 0.138671875 0.30546875 0.1375 0.30484374999999997 0.11953125 0.29921875 0.119140625 0.2990625 0.127734375 0.2880859375 0.126953125 0.2841796875 0.1196296875 0.27890625 0.1193359375 0.27609374999999997 0.127734375 0.26609375 0.127734375
0 0.1603125 0.118359375 0.12484375 0.0921875 0.10278593750000001 0.074946875 0.06115 0.0389984375 0.0190625 0 0.00828125 0.000390625 0.047343750000000004 0.036328125 0.0925734375 0.0782421875 0.1240625 0.1015625 0.16023437499999998 0.127075 0.1603125 0.118359375
0 0 0.0362578125 0.09468750000000001 0.1150390625 0.14656249999999998 0.1490234375 0.15984375 0.156640625 0.1617546875 0.14907187500000002 0.0899375 0.10130312500000001 0.00046875 0.0275390625 0 0.0362578125
0 0.23946406250000002 0.23379218750000003 0.25171875 0.2431640625 0.265625 0.25024375 0.26796875 0.244140625 0.25609375 0.23828125 0.2451171875 0.2294921875 0.2375 0.221484375 0.21484375 0.19165000000000001 0.1816359375 0.13165 0.1796875 0.1404296875 0.19609375 0.1712890625 0.2154953125 0.2049015625 0.23946406250000002 0.23379218750000003
0 0.1821875 0.162109375 0.18031250000000001 0.17109375 0.2128125 0.2236328125 0.24421875 0.2603515625 0.25230312499999996 0.2586703125 0.24909374999999997 0.25465781249999997 0.22265625 0.22582968750000001 0.1821875 0.162109375
0 0.2328859375 0.12684375 0.1845703125 0.026856249999999998 0.18132187500000002 0.0321171875 0.1862015625 0.0443140625 0.20655937500000002 0.09018437500000001 0.234578125 0.1452359375 0.26721875 0.19851093749999998 0.26849375000000003 0.19848749999999998 0.27 0.1931640625 0.2328859375 0.12684375
0 0.35171874999999997 0.0802734375 0.29515625 0.065625 0.27609374999999997 0.0599609375 0.18484375 0.0298828125 0.18275312500000002 0.0372375 0.2721171875 0.0663 0.36546875 0.090625 0.371875 0.0857421875 0.35171874999999997 0.0802734375
0 0.07334375 0.059710937500000005 0.0535765625 0.0708296875 0.0597375 0.07493125 0.0761828125 0.0655375 0.07334375 0.059710937500000005
0 0 0.1041015625 0.049375 0.0794921875 0.04546875 0.074609375 0 0.0955375 0 0.1041015625
0 0.1583921875 0.01865625 0.082359375 0.056004687500000004 0.08861875 0.06176875 0.16224375 0.0246734375 0.1583921875 0.01865625
1 0.3284375 0.390625 0.32765625 0.263671875 0.3232421875 0.263671875 0.32 0.26484375 0.3221921875 0.39326875 0.3284375 0.390625
0 0.144671875 0 0.1658015625 0.014728125 0.1691265625 0.0097421875 0.15454062500000001 0 0.144671875 0
0 0.2863296875 0.2359296875 0.28294687500000004 0.238678125 0.2805796875 0.24375156250000002 0.27838124999999997 0.2441765625 0.27821250000000003 0.2488265625 0.30391875 0.24903749999999997 0.3057796875 0.2439640625 0.2863296875 0.24290625000000002 0.29038906249999996 0.23931249999999998 0.2988453125 0.23487343749999998 0.31254375 0.23529687500000002 0.31322031250000004 0.2300125 0.293940625 0.2293765625 0.291234375 0.23191406250000002 0.2863296875 0.2359296875
0 0.037343749999999995 0.2607421875 0.16265625 0.2609375 0.16234375 0.254296875 0.1528125 0.254296875 0.03765625 0.2544921875 0.037343749999999995 0.2607421875
0 0.1616109375 0.23549375 0.02703125 0.2357421875 0.027284375 0.24182968749999997 0.1625 0.241796875 0.1616109375 0.23549375
0 0.11855625 0.1302421875 0.0740625 0.1471390625 0.0754703125 0.1531234375 0.121321875 0.13600625 0.11855625 0.1302421875
0 0.293390625 0.22790781249999997 0.28078125 0.205078125 0.27765625 0.2099609375 0.2896875 0.2330078125 0.293390625 0.22790781249999997
0 0.16140625 0.2451171875 0.0409375 0.2458984375 0.0415625 0.251953125 0.161875 0.251171875 0.16140625 0.2451171875
0 0.26140625 0.2623046875 0.25765625000000003 0.2591796875 0.21546875000000001 0.2599609375 0.21171875 0.258984375 0.206875 0.2568359375 0.20328125 0.256640625 0.1975 0.256640625 0.19265625 0.2587890625 0.18703125 0.259375 0.17921875 0.259375 0.17953125 0.2666015625 0.190625 0.2666015625 0.19296875 0.2662109375 0.1953125 0.2638671875 0.21078125 0.2634765625 0.2125 0.2650390625 0.216875 0.26640625 0.2571875 0.2666015625 0.26609375 0.269140625 0.2678125 0.2630859375 0.26140625 0.2623046875
0 0.224375 0.2390625 0.17984375 0.237890625 0.17984375 0.244921875 0.23046875 0.2451171875 0.224375 0.2390625
0 0.29671875000000003 0.2640625 0.2784375 0.2638671875 0.27875 0.2681640625 0.29625 0.268359375 0.29671875000000003 0.2640625