1 0.8427734375 0 0.86328125 0.37475625 0.8671875 0.592040625 0.8740234375 0.6103515625 0.892578125 0.6140140625 0.9150390625 0.6079109375 0.919921875 0.5896 0.904296875 0.482178125 0.88671875 0.0207515625 0.8837890625 0 0.8427734375 0
1 0.583971875 0.12887656249999999 0.5458984375 0.1293953125 0.5405515624999999 0.13965 0.5319328125 0.1404625 0.5285171875 0.1319265625 0.5238015625 0.1300984375 0.521484375 0.15258750000000001 0.521484375 0.18920937499999999 0.5419921875 0.192871875 0.5498046875 0.185546875 0.5546875 0.20141562500000001 0.5546875 0.2941890625 0.542828125 0.294546875 0.5433171875 0.302475 0.5485203125 0.30308437499999996 0.5546875 0.3039546875 0.5503890625000001 0.3408609375 0.5507015625 0.355153125 0.5569671875 0.3555453125 0.5575078125 0.5050515625 0.5731140625 0.5012578125 0.572265625 0.4675296875 0.56640625 0.3015140625 0.576165625 0.299628125 0.5758234375 0.293134375 0.5665609375 0.29338125000000004 0.564453125 0.2819828125 0.5625 0.18188437500000001 0.587890625 0.18432656249999999 0.5908203125 0.1293953125 0.583971875 0.12887656249999999
1 0.5234375 0.279540625 0.5404687499999999 0.2767578125 0.54 0.2666015625 0.501953125 0.267334375 0.501953125 0.2746578125 0.5154390624999999 0.27778125 0.515625 0.299071875 0.513671875 0.4797359375 0.51953125 0.48461875 0.5234375 0.279540625
1 0.54296875 0.3308109375 0.5380859375 0.32959062499999997 0.5361328125 0.3271484375 0.5244140625 0.3271484375 0.5234375 0.32836875 0.5234375 0.3430171875 0.525390625 0.345459375 0.525390625 0.3723140625 0.5263671875 0.37353593749999997 0.529296875 0.3723140625 0.529296875 0.3698734375 0.53125 0.36743125 0.53125 0.357665625 0.533203125 0.355225 0.533203125 0.3503421875 0.5361328125 0.34912187499999997 0.541015625 0.3430171875 0.541015625 0.3405765625 0.54296875 0.338134375 0.54296875 0.3308109375
1 0.4912109375 0.361328125 0.490234375 0.474853125 0.4921875 0.4772953125 0.4921875 0.482178125 0.494140625 0.482178125 0.49609375 0.4797359375 0.49653125 0.36175156249999996 0.4912109375 0.361328125
0 0.9161546875000001 0.10402031249999999 0.9990234375 0.09765625 1 0.084228125 0.888671875 0.091553125 0.8896484375 0.10498125 0.9161546875000001 0.10402031249999999
0 0.73936875 0 0.6522015624999999 0.1661484375 0.6369140625 0.1948484375 0.6034125 0.2505203125 0.5825234375 0.283528125 0.5799624999999999 0.28796093749999996 0.577990625 0.29338125000000004 0.5815234375 0.29588281250000004 0.5837703125 0.29463125 0.65614375 0.1781171875 0.663465625 0.165796875 0.753903125 0.0008312500000000001 0.7509765625 0 0.73936875 0
0 0.6127109374999999 0.2819953125 0.5901640625 0.316665625 0.594621875 0.32122656250000003 0.6096078125 0.3008453125 0.6246171875 0.277146875 0.655421875 0.2239453125 0.7184984375 0.08596875000000001 0.7322921874999999 0.050006249999999995 0.7289421875000001 0.04483125 0.6987921874999999 0.11298593750000001 0.67325625 0.16770625 0.6343453125 0.2467453125 0.6127109374999999 0.2819953125
0 0.65969375 0 0.6470578125 0.0307578125 0.623959375 0.089759375 0.5885374999999999 0.1645921875 0.588259375 0.179009375 0.5903140625 0.17583437500000001 0.593565625 0.1697359375 0.5977796875 0.1601671875 0.62276875 0.10810625 0.6429078125000001 0.060545312500000004 0.6670078125 0 0.65969375 0
0 0.641015625 0 0.5989687499999999 0.10364218750000001 0.5866718750000001 0.1314109375 0.5926218750000001 0.134384375 0.6025390625 0.1130640625 0.6394296875000001 0.0198453125 0.646965625 0 0.641015625 0
0 0.610478125 0 0.6029203125 0.02288125 0.5787390625 0.0962046875 0.5661296874999999 0.12725 0.5723609374999999 0.1298453125 0.5834984375000001 0.1006671875 0.5999078124999999 0.055493749999999994 0.617471875 0 0.610478125 0
0 0.5713796875 0 0.5642953125 0.035165625 0.5533984375000001 0.09106875 0.5441296875 0.12948593749999998 0.545303125 0.13091406249999998 0.5496671875 0.12942499999999998 0.5573015625 0.10346718749999999 0.56283125 0.07927656250000001 0.5683109375 0.055546874999999996 0.5782812500000001 0.0001953125 0.5738640625 0 0.5713796875 0
0 0.5117515625 0.2433046875 0.517046875 0.2126484375 0.520384375 0.19362812499999998 0.5146421875 0.1912359375 0.50924375 0.23006875 0.50366875 0.266296875 0.508128125 0.2656015625 0.5117515625 0.2433046875
0 0.5467187499999999 0.2048828125 0.540625 0.22421875 0.5300765625 0.253959375 0.52625 0.2650390625 0.532584375 0.2640625 0.5539015625 0.2021328125 0.54953125 0.1970703125 0.5467187499999999 0.2048828125
0 0.5750359375 0.29855312500000003 0.5662484375 0.310946875 0.5688921875 0.3129296875 0.5791734374999999 0.2987984375 0.5750359375 0.29855312500000003
0 0.5425500000000001 0.3381421875 0.5545 0.3147859375 0.5545 0.30500781250000003 0.54624375 0.32130312499999997 0.5425500000000001 0.32945156249999996 0.5425500000000001 0.3381421875
0 0.525384375 0.2832796875 0.5295124999999999 0.3251046875 0.53320625 0.32619375 0.5324203125 0.31893906250000004 0.52864375 0.2808359375 0.525384375 0.2832796875
0 0.5412453125 0.31723124999999996 0.541028125 0.27621875 0.537334375 0.2797484375 0.5384218749999999 0.32809374999999996 0.541028125 0.32782187500000004 0.5412453125 0.31723124999999996
0 0.6843046875 0 0.6569890625 0.071096875 0.617 0.166140625 0.5722765625 0.2638203125 0.564196875 0.28081875 0.567153125 0.2887 0.5826265625 0.257675 0.5984140625000001 0.2231734375 0.6499484375 0.1105234375 0.698103125 0 0.6843046875 0
0 0.5691265624999999 0.2735296875 0.5908109375 0.2224890625 0.644034375 0.09575937500000001 0.68120625 0.0010703125 0.6795921875000001 0 0.6747140625 0.00020312500000000002 0.6426265625 0.0816796875 0.6015125 0.18587343750000002 0.574759375 0.2509953125 0.5654671875 0.2735234375 0.5691265624999999 0.2735296875
0 0.5679859375 0.20099062499999998 0.5767671875 0.179953125 0.5709140625 0.178125 0.56268125 0.20487656250000003 0.5632296875 0.21653906250000002 0.580059375 0.1927578125 0.5743890625 0.1886421875 0.5679859375 0.20099062499999998
0 0.65565625 0.19155781249999998 0.683365625 0.13647499999999999 0.679946875 0.13647499999999999 0.6482890625 0.19088750000000002 0.5993625 0.27385625 0.5909078125 0.2853234375 0.5937781249999999 0.2887046875 0.610328125 0.2662203125 0.65565625 0.19155781249999998
0 0.542653125 0 0.526240625 0.1111484375 0.5247859375 0.12776875000000001 0.5299796875 0.12880625 0.549509375 0 0.542653125 0
0 0.52453125 0.2306640625 0.51625 0.2654296875 0.52078125 0.2654296875 0.5392187500000001 0.1943359375 0.53203125 0.19296875 0.52453125 0.2306640625
0 0.548125 0.244921875 0.5378125 0.265625 0.540625 0.2703125 0.5528125 0.2478515625 0.548125 0.244921875
0 0.5416171875 0.378059375 0.53691875 0.388240625 0.5402078125 0.39039375 0.5466296875000001 0.37531875000000003 0.5543046875 0.3502578125 0.5505453124999999 0.349084375 0.5416171875 0.378059375