1 0.148178125 0.1840328125 0.126953125 0.19653281250000001 0.13414062499999999 0.074975 0.1689453125 0.0708015625 0.1711953125 0.0514328125 0.1669921875 0.051270312500000005 0.1611328125 0.061035937500000005 0.1474609375 0.061035937500000005 0.1439296875 0.048748437500000005 0.13765 0.0504 0.1337890625 0.061035937500000005 0.0920421875 0.061554687500000003 0.0889015625 0.052259375 0.081796875 0.053498437499999996 0.080640625 0.069815625 0.1201171875 0.0732421875 0.123046875 0.0793453125 0.11328125 0.3015140625 0.111328125 0.482178125 0.1171875 0.4870609375 0.12195937500000001 0.482871875 0.1216921875 0.4526484375 0.12109375 0.3088375 0.126953125 0.20629843750000001 0.1533203125 0.1904296875 0.19133125 0.1923609375 0.193359375 0.18920937499999999 0.1826171875 0.1806640625 0.1611328125 0.1806640625 0.148178125 0.1840328125
1 0.21484375 0.23559531250000001 0.234375 0.22582968750000001 0.23435 0.2188484375 0.2197265625 0.21728593749999997 0.18696875 0.2153390625 0.1871546875 0.22789687500000003 0.203125 0.23803749999999999 0.2012078125 0.4153765625 0.20703125 0.4113765625 0.21484375 0.23559531250000001
1 0.2306546875 0.421375 0.2365140625 0.421375 0.2420359375 0.299521875 0.2530125 0.294871875 0.2535703125 0.2895234375 0.250221875 0.28929062499999997 0.22231562500000002 0.28650000000000003 0.2212 0.2965 0.22324687499999998 0.298359375 0.23143281249999997 0.298825 0.23161874999999998 0.31556875 0.2306546875 0.421375
0 0.099996875 0 0.1225484375 0.0344125 0.135434375 0.054546874999999995 0.139240625 0.048689062500000005 0.1169828125 0.015009375 0.10922812500000001 0.0033046875000000003 0.1070796875 0 0.099996875 0
0 0.1994453125 0.194759375 0.1956375 0.1889015625 0.1915375 0.1925625 0.19827343749999998 0.202446875 0.20208125 0.2090375 0.21203906250000001 0.216725 0.2202390625 0.2156265625 0.20676718749999998 0.205009375 0.1994453125 0.194759375
0 0.14292031249999998 0.18780312500000002 0.14760625 0.18487499999999998 0.1367703125 0.1705984375 0.13 0.156640625 0.12796875000000002 0.16328125 0.1315625 0.173828125 0.14292031249999998 0.18780312500000002
0 0.200759375 0.3123328125 0.18463125 0.3008984375 0.1608 0.27923437500000003 0.1263765625 0.238009375 0.12421093750000001 0.24553281249999998 0.13191406249999998 0.254259375 0.15237499999999998 0.2804375 0.16802187500000001 0.296084375 0.1892046875 0.3117296875 0.1969078125 0.31443906250000003 0.200759375 0.3123328125
0 0.050229687499999995 0.019028125 0.083040625 0.054753125 0.085915625 0.051584375 0.0416046875 0 0.033825 0.00021093750000000002 0.050229687499999995 0.019028125
0 0 0.0602515625 0.018434375 0.0794890625 0.053615625 0.1116984375 0.0849015625 0.134665625 0.1068875 0.1473515625 0.11906406249999998 0.1524234375 0.11990937500000001 0.1473515625 0.110946875 0.1437578125 0.0749234375 0.12029062500000001 0.0273984375 0.080334375 0 0.0530625 0 0.0602515625
0 0.153678125 0.0371796875 0.1639234375 0.0516390625 0.1683859375 0.048953125 0.1366578125 0 0.1317015625 0.0010328125 0.153678125 0.0371796875
0 0.043725 0.2097359375 0.0943921875 0.1780703125 0.11920468749999999 0.1622359375 0.11608125 0.158765625 0.0439 0.202578125 0.043725 0.2097359375
0 0.19171875 0.1833984375 0.16312500000000002 0.1150390625 0.15015625 0.0748046875 0.14609375 0.0759765625 0.14546874999999998 0.0771484375 0.16015625 0.125 0.18562499999999998 0.183984375 0.19171875 0.1833984375
0 0.21078125 0.1958984375 0.21865 0.20911718750000002 0.2261234375 0.21749999999999997 0.23014843749999997 0.21654374999999998 0.21984374999999998 0.198828125 0.21078125 0.1814453125 0.1998703125 0.1525859375 0.1753421875 0.0759328125 0.1690171875 0.0759328125 0.18760625 0.13390312499999998 0.203125 0.180078125 0.21078125 0.1958984375
0 0.09812499999999999 0.253515625 0.11609375 0.2453125 0.11515625 0.2392578125 0.09640625 0.2478515625 0.096875 0.252734375 0.09812499999999999 0.253515625
0 0.17859375 0.230859375 0.15171874999999999 0.1947265625 0.14484375 0.196484375 0.16453125 0.2240234375 0.1753125 0.236328125 0.20265624999999998 0.2671875 0.2034375 0.259375 0.17859375 0.230859375
0 0.1216515625 0.12950625 0.096365625 0.0707765625 0.0902296875 0.071653125 0.11867968749999999 0.13640625 0.1216515625 0.12950625