1 0.8870609375 0 0.885371875 0.08483437499999999 0.8828125 0.5634765625 0.9 0.5673828125 0.90625 0.5537109375 0.909375 0.4462890625 0.9115609375 0 0.8870609375 0
1 0.626421875 0.1144671875 0.622203125 0.12127812499999999 0.60831875 0.1184203125 0.58828125 0.111328125 0.58515625 0.119140625 0.57265625 0.11328125 0.56734375 0.1142578125 0.56640625 0.1291015625 0.594375 0.13203125 0.59375 0.1376953125 0.5939062500000001 0.14375 0.5690625 0.14140625 0.5690625 0.15078125 0.5709375 0.1576171875 0.59375 0.1591796875 0.5961421875 0.2338375 0.595134375 0.2388765625 0.59580625 0.24559375 0.591103125 0.44248750000000003 0.6015625 0.4384765625 0.6078125 0.1611328125 0.6316953125 0.160384375 0.634375 0.1494140625 0.63109375 0.1421875 0.6071875 0.1435546875 0.6079687500000001 0.132421875 0.6338046875 0.1322609375 0.6359375 0.1201171875 0.63046875 0.115234375 0.626421875 0.1144671875
0 1 0.0999703125 0.912125 0.0489296875 0.912125 0.058785937499999996 0.9985781250000001 0.107009375 1 0.0999703125
0 1 0.0904671875 0.9109984375 0.036609375 0.910434375 0.0471703125 0.9991406250000001 0.0989140625 1 0.0904671875
0 0.885825 0.06985156249999999 0.88358125 0.06401562499999999 0.8336015625 0.0751984375 0.7898625 0.08358125 0.7558578125000001 0.08715468750000001 0.709271875 0.0933234375 0.6336859375 0.0929390625 0.5404984374999999 0.08754062500000001 0.46060937500000004 0.0751984375 0.38255625000000004 0.057460937499999996 0.37947031249999996 0.0632453125 0.4151953125 0.07193125 0.4893015625 0.08676874999999999 0.5315671875 0.0933234375 0.58124375 0.0964109375 0.651584375 0.099109375 0.716984375 0.0983375 0.7737515625 0.09371093750000001 0.8166343749999999 0.08676874999999999 0.85550625 0.07751406250000001 0.885825 0.06985156249999999
0 0.4047828125 0.025837500000000003 0.3686875 0.0227515625 0.37103281250000003 0.0285015625 0.43039062499999997 0.03740625 0.49301874999999995 0.044734375 0.576625 0.054760937499999995 0.7185234375 0.058232812499999995 0.7931609374999999 0.058232812499999995 0.88540625 0.057460937499999996 0.885096875 0.0501328125 0.79346875 0.052832812500000007 0.84961875 0.04511875 0.8613421875 0.047434375 0.8721390625 0.04511875 0.8783093750000001 0.043190624999999996 0.8813953124999999 0.0339359375 0.8844796875000001 0.0285375 0.8844749999999999 0.0240875 0.8570484374999999 0.0335515625 0.819409375 0.0412640625 0.762334375 0.047434375 0.677803125 0.0501328125 0.573859375 0.045890625000000004 0.44519843750000004 0.027765625 0.37913593749999996 0.013425000000000001 0.3381453125 0.0023140625 0.3369109375 0.010028125 0.4047828125 0.025837500000000003
0 0.6204078125 0 0.6008625000000001 0.046915625 0.6060515625 0.047346875 0.6268078125 0.00021718750000000001 0.6204078125 0
0 0.64625 0 0.623125 0.04765625 0.6292187499999999 0.0478515625 0.6384375 0.0294921875 0.6520312500000001 0 0.64625 0
0 0.70375 0 0.67390625 0.0486328125 0.6760937499999999 0.0494140625 0.67890625 0.0498046875 0.7103125 0 0.70375 0
0 0.73984375 0 0.7084374999999999 0.04921875 0.71609375 0.048828125 0.74609375 0 0.73984375 0
0 0.70109375 0.0583984375 0.6771874999999999 0.09296875 0.68578125 0.093359375 0.709375 0.0591796875 0.70109375 0.0583984375
0 0.66578125 0.0580078125 0.64453125 0.0919921875 0.6509375000000001 0.092578125 0.673125 0.0587890625 0.66578125 0.0580078125
0 0.61875 0.057421875 0.6012500000000001 0.0904296875 0.6078125 0.09140625 0.6259375 0.057421875 0.61875 0.057421875
0 0.59765625 0.0552734375 0.5809375 0.089453125 0.58796875 0.0900390625 0.6025 0.05625 0.59765625 0.0552734375
0 0.5782812500000001 0.0962890625 0.57078125 0.113671875 0.57625 0.114453125 0.5840625 0.097265625 0.5782812500000001 0.0962890625
0 0.59578125 0.1125 0.604375 0.0970703125 0.59828125 0.0962890625 0.5912499999999999 0.111328125 0.59578125 0.1125
0 0.6392187500000001 0.099609375 0.63015625 0.1140625 0.6340625 0.11875 0.64671875 0.099609375 0.6392187500000001 0.099609375
0 0.63671875 0.1556640625 0.6075 0.1939453125 0.60828125 0.2001953125 0.6107812499999999 0.200390625 0.6371875 0.1654296875 0.6809375 0.0994140625 0.6740625 0.099609375 0.63671875 0.1556640625
0 0.59484375 0.196875 0.56875 0.21953125 0.573125 0.2236328125 0.5962500000000001 0.20234375 0.59484375 0.196875
0 0.5543750000000001 0.2126953125 0.5767187500000001 0.1615234375 0.5703125 0.1603515625 0.5443749999999999 0.2232421875 0.54875 0.22578125 0.5543750000000001 0.2126953125
0 0.5543750000000001 0.155859375 0.53 0.2224609375 0.5349999999999999 0.225390625 0.5465625000000001 0.1984375 0.55921875 0.1625 0.5701562499999999 0.1296875 0.5662499999999999 0.1267578125 0.5543750000000001 0.155859375
0 0.429259375 0.27558906250000004 0.447915625 0.2760609375 0.46619374999999996 0.274646875 0.48428281249999994 0.2711125 0.5042578125 0.265696875 0.50143125 0.2614578125 0.4805140625 0.2661671875 0.46309531249999997 0.26899843749999997 0.44942187499999997 0.2699359375 0.42944843749999995 0.269465625 0.429259375 0.27558906250000004