1 0.60546875 0.048828125 0.5730515625 0.05034999999999999 0.550890625 0.051228125 0.552121875 0.0705765625 0.59453125 0.068359375 0.6012500000000001 0.0876953125 0.6140625 0.5048828125 0.621875 0.5107421875 0.6234375 0.3662109375 0.6125 0.0810546875 0.62109375 0.064453125 0.66015625 0.060546875 0.66015625 0.04296875 0.6515 0.04199375 0.6451671875 0.0466109375 0.64165 0.0477109375 0.638659375 0.0466109375 0.60546875 0.048828125
1 0.546784375 0.21798437499999998 0.5879953125 0.2161015625 0.5865390625 0.20733125000000002 0.5521453125 0.20563125000000002 0.51579375 0.20458437499999998 0.513615625 0.2184046875 0.5372359375 0.2196609375 0.537571875 0.2326421875 0.5117734375 0.2357859375 0.5122765625000001 0.2429046875 0.5384609375 0.2448921875 0.5359375 0.2607421875 0.5342203125 0.2845734375 0.5097625 0.285203125 0.5087578125000001 0.2981859375 0.5382140625 0.30236718749999997 0.5421875 0.4111328125 0.5515625 0.4208984375 0.5493015625 0.301421875 0.5793265625 0.29296875 0.576603125 0.2839453125 0.5678921875 0.2845734375 0.551140625 0.28331875 0.5494656250000001 0.24269531249999998 0.578446875 0.2378796875 0.577440625 0.23285312500000002 0.5466171875 0.23285312500000002 0.546784375 0.21798437499999998
1 0.49301093749999997 0.3656109375 0.496875 0.3642578125 0.4984375 0.2861328125 0.5131140624999999 0.283528125 0.512778125 0.2709625 0.4739140625 0.2709625 0.47575625 0.28331875 0.4901640625 0.283528125 0.48999531249999995 0.3149375 0.4884875 0.3645640625 0.49301093749999997 0.3656109375
0 0.83393125 0 0.7438234375 0.0980734375 0.6715515625 0.1732515625 0.6179046875 0.22338125 0.6187671875 0.22912499999999997 0.64139375 0.213625 0.6605671875 0.200003125 0.6868609375 0.17527500000000001 0.72600625 0.138759375 0.7955578125 0.06980937499999999 0.852090625 0.0107078125 0.8627109374999999 0.000428125 0.852775 0 0.770890625 0.0856546875 0.66883125 0.18501406250000002 0.732859375 0.117775 0.8061796875 0.0398296875 0.8442093749999999 0 0.83393125 0
0 0.6442875 0.0622203125 0.6131546875 0.12510156249999999 0.6143859375 0.1343359375 0.6502687500000001 0.06265937499999999 0.6442875 0.0622203125
0 0.6784109375 0 0.6553687499999999 0.0378171875 0.6590625 0.04199375 0.6838640625 0.000659375 0.6784109375 0
0 0.591875 0.0482421875 0.61515625 0.00078125 0.60984375 0 0.58671875 0.0470703125 0.591875 0.0482421875
0 0.57609375 0 0.55359375 0.0494140625 0.55859375 0.0517578125 0.58265625 0 0.57609375 0
0 0.578125 0.069921875 0.55 0.1583984375 0.55515625 0.1583984375 0.58328125 0.0712890625 0.578125 0.069921875
0 0.52453125 0.1767578125 0.54609375 0.1005859375 0.5540625 0.071484375 0.55 0.0703125 0.52015625 0.175390625 0.52453125 0.1767578125
0 0.439246875 0.32199218749999997 0.324865625 0.3177515625 0.3250546875 0.3224625 0.4396234375 0.3271734375 0.439246875 0.32199218749999997
0 0.5285249999999999 0.3205921875 0.4985390625 0.321009375 0.4985390625 0.3249890625 0.529028125 0.3243609375 0.5285249999999999 0.3205921875
0 0.5778125000000001 0.2615234375 0.56080625 0.2864578125 0.5654984375 0.2873953125 0.5825781250000001 0.2639328125 0.5778125000000001 0.2615234375
0 0.52828125 0.2951171875 0.52453125 0.2966796875 0.5231250000000001 0.3 0.52125 0.3037109375 0.52265625 0.308203125 0.52609375 0.312109375 0.5326562499999999 0.3130859375 0.538125 0.3111328125 0.538125 0.3083984375 0.5298437500000001 0.308203125 0.52859375 0.30703125 0.526875 0.3046875 0.526875 0.3005859375 0.5287499999999999 0.2994140625 0.5314062500000001 0.29921875 0.5314062500000001 0.2951171875 0.52828125 0.2951171875
0 0.56375 0.2947265625 0.54953125 0.3119140625 0.55171875 0.3154296875 0.5689062500000001 0.2947265625 0.56375 0.2947265625