1 0.5791015625 0.163575 0.5691531249999999 0.163328125 0.568740625 0.1563828125 0.5618234375 0.1563671875 0.5617765625 0.15894375 0.5616671875 0.17239374999999998 0.5915625 0.17375000000000002 0.5901562499999999 0.18562499999999998 0.58296875 0.19578125 0.5825 0.20328125 0.59046875 0.20437500000000003 0.5874785218749999 0.510226928125 0.6009135828125001 0.509005559375 0.6003028984375 0.49526515781249997 0.6017187500000001 0.173125 0.6246875000000001 0.17390624999999998 0.6284375 0.17296875 0.6296484375 0.15946875 0.6216234375 0.1589546875 0.62 0.16453125 0.6018749999999999 0.16484375 0.5991640625 0.1582125 0.58890625 0.15859375 0.5873437499999999 0.15546875 0.57984375 0.1559375 0.5791015625 0.163575
1 0.84349375 0 0.8607671874999999 0.3586515625 0.86328125 0.3991703125 0.869140625 0.3991703125 0.8798625 0.39506874999999997 0.8786796875 0.34497187500000004 0.869140625 0.084228125 0.8639328125000001 0 0.84349375 0
1 0.5077994171875 0.46779288750000003 0.5133121265625 0.46763538125000004 0.5131546218749999 0.4616501515625 0.508744453125 0.4614926453125 0.51125 0.37 0.5237499999999999 0.36953125 0.5234375 0.364990625 0.5234375 0.36015625 0.51234375 0.3603125 0.5118750000000001 0.35531250000000003 0.52421875 0.35562499999999997 0.5234375 0.3479 0.4912109375 0.3466796875 0.49171875 0.35453125 0.5040625000000001 0.35578125 0.50390625 0.35953124999999997 0.490625 0.36015625 0.49124999999999996 0.36984374999999997 0.50390625 0.3698734375 0.5008691515625 0.508429440625 0.508429440625 0.5071693921875 0.5077994171875 0.46779288750000003
1 0.49796874999999996 0.40234375 0.49812500000000004 0.39453125 0.47468750000000004 0.39453125 0.47468750000000004 0.40234375 0.484375 0.4033203125 0.482283440625 0.5068543796875 0.48779615156249995 0.506696875 0.491103778125 0.40337292343750003 0.49796874999999996 0.40234375
1 0.45859375 0.4298828125 0.45796875000000004 0.443359375 0.45796875000000004 0.449609375 0.46312499999999995 0.4501953125 0.46453125 0.46875 0.469375 0.4697265625 0.4697265625 0.4296875 0.45859375 0.4298828125
0 0.472321875 0 0.3310296875 0.0317625 0.335778125 0.039478124999999996 0.5003437500000001 0 0.472321875 0
0 1 0.072021875 0.870003125 0.1326796875 0.8729812499999999 0.14215781249999998 0.9921218749999999 0.0859703125 1 0.0817875 1 0.072021875
0 0.98890625 0 0.9448437500000001 0.0275390625 0.9138703125 0.0474609375 0.86796875 0.0775390625 0.869140625 0.0817875 0.87109375 0.08203125 0.87421875 0.0826171875 0.875 0.0817875 0.9315625000000001 0.0453125 0.9984375 0 0.98890625 0
0 1 0.0354 0.8857421875 0.095215625 0.870003125 0.1160953125 0.8724390625 0.12421875 0.89139375 0.10458750000000001 0.9013671875 0.09765625 1 0.04603125 1 0.0354
0 0.64293125 0 0.597396875 0.095040625 0.570834375 0.146178125 0.57421875 0.14770468750000001 0.577903125 0.1473515625 0.6241015625 0.056984375 0.649375 0 0.64293125 0
0 0.673653125 0 0.6283140625 0.08423906249999999 0.6020515625 0.1297640625 0.5927859375 0.14417968750000001 0.600396875 0.14396875 0.608259375 0.1307359375 0.6392187500000001 0.07890625 0.6557359375 0.0473015625 0.6798437500000001 0 0.673653125 0
0 0.73485 0 0.649621875 0.1263578125 0.6413703125 0.1384 0.6484375 0.13793906250000001 0.65109375 0.1359375 0.69015625 0.0791015625 0.72596875 0.0252078125 0.7415390625 0 0.73485 0
0 0.39498125 0.17806249999999998 0.5546359375 0.158478125 0.7272734375 0.1345 0.7811140625 0.12578125 0.8201328125 0.12033281250000001 0.8218765625 0.11215781250000001 0.6082578125 0.14349218749999998 0.5977281249999999 0.1449359375 0.567278125 0.1492125 0.3938859375 0.17024375 0.39498125 0.17806249999999998
0 0.5765328125 0.1728109375 0.40582812500000004 0.189534375 0.40681874999999995 0.1960390625 0.576284375 0.1768375 0.5765328125 0.1728109375
0 0.5869140625 0.258478125 0.56984375 0.3038125 0.558440625 0.33042343750000003 0.53964375 0.37325624999999996 0.5455171875 0.3737453125 0.571825 0.31465156250000004 0.5921406250000001 0.261075 0.5869140625 0.258478125
0 0.5069125 0.3443828125 0.5265421875 0.2998609375 0.5443234375 0.246828125 0.5637078125 0.17858281250000002 0.5581703124999999 0.1783046875 0.5377140625 0.2459 0.536009375 0.2527640625 0.524459375 0.28518750000000004 0.5180234375 0.3024640625 0.5004703125 0.34283437499999997 0.5069125 0.3443828125
0 0.5820921875 0.17775000000000002 0.5774734375 0.175609375 0.5526718749999999 0.248503125 0.5496421875 0.2570234375 0.5378828125 0.285540625 0.5118671875 0.34283437499999997 0.5188046875000001 0.3443828125 0.55859375 0.2526859375 0.5820921875 0.17775000000000002
0 1 0.15397812500000002 0.9869109375 0.1525296875 0.8883640625 0.1347765625 0.8790890625 0.1387625 0.8941609375 0.143109375 1 0.16235312500000001 1 0.15397812500000002
0 1 0.13549843749999999 0.9874906250000001 0.134053125 0.910059375 0.124440625 0.903146875 0.12934218749999998 1 0.14463281249999999 1 0.13549843749999999
0 0.8759015625 0.2213671875 0.8936071625 0.2214055109375 0.9012293203124999 0.22122403125 0.9153847546874999 0.220861071875 0.9997109375000001 0.22094687500000001 0.9997046875000001 0.21425156250000002 0.8751218749999999 0.213428125 0.8759015625 0.2213671875
0 0.6754875 0.1598234375 0.6273703125 0.164915625 0.628371875 0.1721140625 0.66703125 0.1674328125 0.6746421875 0.1665875 0.679546875 0.158978125 0.6754875 0.1598234375
0 0.6860937500000001 0.164375 0.78953125 0.15078125 0.791221875 0.1452984375 0.72390625 0.1534375 0.68828125 0.15796875 0.6860937500000001 0.164375
0 0.816415625 0.1337640625 0.833609375 0.11524375 0.8490140625 0.101703125 0.8463218749999999 0.0912609375 0.7757029156249999 0.16488178281250002 0.7269171875 0.21263437500000001 0.6938640625 0.24368125 0.6812343750000001 0.25546250000000004 0.642959375 0.287959375 0.6350156250000001 0.29518125 0.6235 0.3023046875 0.6058890625 0.31443906250000003 0.5991484375 0.3195546875 0.5988734375 0.3235546875 0.600740625 0.32501718749999997 0.639765271875 0.3004201984375 0.6557515625 0.28838125 0.6988203125 0.2506296875 0.73378381875 0.21698123281249998 0.7561406703125 0.19502360937500002 0.816415625 0.1337640625
0 0.80285 0.1636828125 0.7657406250000001 0.20177968750000003 0.7073515625 0.25687187499999997 0.6457828125 0.30670156249999997 0.612359375 0.325021875 0.5997375 0.328953125 0.600834375 0.335803125 0.628034375 0.3261734375 0.6386265625 0.319253125 0.6827234375 0.289115625 0.74370625 0.235621875 0.811725 0.16893750000000002 0.8510500000000001 0.129625 0.849253125 0.11544375 0.80285 0.1636828125
0 0.8205203125 0.17040312500000002 0.7732515624999999 0.22019531250000002 0.733371875 0.25706406249999997 0.722596875 0.26713125 0.706228125 0.281915625 0.6478875000000001 0.3223953125 0.612359375 0.33747812499999996 0.6177921875 0.34023593750000003 0.6237015625 0.33911250000000004 0.6520984375000001 0.3282796875 0.700353125 0.2959640625 0.712303125 0.2864703125 0.732371875 0.27005625 0.771765625 0.234440625 0.78671875 0.221875 0.81015625 0.21875 0.8543749999999999 0.21671875 0.8515625 0.21078125 0.8065625000000001 0.21187499999999998 0.8 0.20625 0.8059375 0.2 0.8120312500000001 0.20046875000000003 0.81671875 0.195625 0.81953125 0.18453124999999998 0.8284375 0.18 0.8300000000000001 0.18812500000000001 0.8378125000000001 0.18843749999999998 0.83765625 0.17796875 0.8396874999999999 0.169375 0.84296875 0.1615625 0.852771875 0.1484203125 0.84859375 0.138671875 0.8205203125 0.17040312500000002
0 0.6193390625 0.1839234375 0.617478125 0.18920937499999999 0.625934375 0.1906890625 0.65299375 0.19428281249999999 0.6533328125 0.19343749999999998 0.6558703125 0.1885765625 0.6193390625 0.1839234375
0 0.644665625 0.20099375 0.6122093750000001 0.20037500000000003 0.610475 0.20595 0.642509375 0.2065453125 0.644665625 0.20099375
0 0.65046875 0.2095703125 0.72609375 0.2142578125 0.72921875 0.2078125 0.7108171875 0.2062578125 0.6560937499999999 0.203125 0.65046875 0.2095703125
0 0.6169171875 0.17312031249999998 0.6000703125 0.21678906250000002 0.6020515625 0.222671875 0.6233593749999999 0.174978125 0.6169171875 0.17312031249999998
0 0.5237828125 0.36224218750000003 0.5459375 0.36 0.5467187499999999 0.35515625 0.5351390625 0.35636718749999996 0.52535 0.3575921875 0.5237828125 0.36224218750000003
0 0.57875 0.34796875 0.5546875 0.35171874999999997 0.55335 0.35636718749999996 0.5779687499999999 0.35296875 0.57875 0.34796875
0 0.57375 0.35859375 0.5627484375 0.37467812500000003 0.5668609375 0.377859375 0.57875 0.3611328125 0.5889859375000001 0.34188125 0.58765625 0.3353515625 0.57375 0.35859375
0 0.6325109375 0.1479328125 0.6231984374999999 0.1591234375 0.626903125 0.16266562499999998 0.6430343749999999 0.14631875 0.6325109375 0.1479328125
0 0.49111874999999994 0.371540625 0.48258124999999996 0.3948859375 0.4882734375 0.39533125 0.4968109375 0.371540625 0.49111874999999994 0.371540625
0 0.4852484375 0.3704296875 0.475465625 0.395778125 0.48133593750000003 0.39533125 0.4905859375 0.3704296875 0.4852484375 0.3704296875
0 0.39969062499999997 0.3855484375 0.462659375 0.37598750000000003 0.4896953125 0.3708734375 0.4882734375 0.3662046875 0.4560765625 0.3702078125 0.41712187500000003 0.3764328125 0.38877656250000003 0.3807578125 0.3714078125 0.3833265625 0.3718203125 0.38943906250000004 0.39969062499999997 0.3855484375
0 0.7026578125 0.36679531249999997 0.6506624999999999 0.34964531249999997 0.636459375 0.3490421875 0.6716046875 0.363184375 0.7260078125 0.379734375 0.7647625 0.388459375 0.7664484375 0.382440625 0.7026578125 0.36679531249999997
0 0.7818546875 0.3535546875 0.67449375 0.3460328125 0.6020375 0.34061718750000003 0.60155625 0.344228125 0.601075 0.34633437499999997 0.698084375 0.354459375 0.7825765625 0.360778125 0.7818546875 0.3535546875
0 0.73828125 0.2005859375 0.6654687499999999 0.191015625 0.66078125 0.197265625 0.733125 0.20625 0.73828125 0.2005859375
0 0.559375 0.3 0.55015625 0.3166015625 0.54484375 0.3259765625 0.5390625 0.3333984375 0.53640625 0.3369140625 0.5298437500000001 0.3421875 0.5240625 0.3451171875 0.52546875 0.349609375 0.5315624999999999 0.3482421875 0.53609375 0.3455078125 0.5426562500000001 0.3375 0.556875 0.3166015625 0.5715625 0.291015625 0.58859375 0.2546875 0.5901562499999999 0.2490234375 0.5871875 0.246875 0.5767187500000001 0.2685546875 0.559375 0.3
0 0.54484375 0.4220703125 0.53359375 0.4318359375 0.5259375000000001 0.4373046875 0.50890625 0.43984375 0.50890625 0.4447265625 0.53 0.4435546875 0.5375 0.4384765625 0.55265625 0.4224609375 0.56703125 0.4037109375 0.5890625 0.3650390625 0.5884375000000001 0.3513671875 0.5815625 0.36328125 0.5667187499999999 0.3923828125 0.55578125 0.4087890625 0.54484375 0.4220703125
1 0.4578125 0.4705078125 0.4571875 0.4765625 0.460625 0.4767578125 0.460625 0.4525390625 0.4534375 0.452734375 0.4534375 0.4708984375 0.4578125 0.4705078125
0 0.8811859375 0.36376718750000003 0.9284874999999999 0.36435625 0.9283312499999999 0.358678125 0.8788359375000001 0.3592640625 0.8788359375000001 0.3639625 0.8811859375 0.36376718750000003
0 0.632734375 0.21888437500000002 0.62326875 0.228915625 0.6148328125 0.23688906250000002 0.60989375 0.24126093750000002 0.5993999999999999 0.24820625000000002 0.6004296874999999 0.2533515625 0.6158609375 0.2433203125 0.63396875 0.22557187500000003 0.662159375 0.19367812499999998 0.7043421875 0.1378640625 0.6971390625 0.1378640625 0.6800609375 0.16075625 0.6617484375 0.1864765625 0.6506359374999999 0.19959375 0.6428171875 0.208853125 0.632734375 0.21888437500000002
0 0.7880890625 0 0.7691578125 0.0298359375 0.736440625 0.0820484375 0.7039296875 0.1275765625 0.710309375 0.12937656250000001 0.7333546875 0.09568125 0.763396875 0.0498984375 0.795290625 0 0.7880890625 0