1 0.1362171875 0.0630859375 0.1359375 0.0439453125 0.12666249999999998 0.0407296875 0.13125 0.4287109375 0.145528125 0.43241874999999996 0.1445484375 0.40669374999999997 0.13921875 0.24140625 0.1484375 0.2421875 0.14750000000000002 0.2318359375 0.145625 0.227734375 0.13953125 0.223828125 0.1377046875 0.1041390625 0.1439015625 0.09768281250000001 0.144590625 0.083053125 0.1362171875 0.0630859375
1 0.36875 0.424290625 0.3734375 0.42624375 0.3722328125 0.3438890625 0.3738796875 0.34028749999999997 0.375 0.32468125 0.384375 0.318821875 0.382521875 0.31353749999999997 0.35546875 0.3119859375 0.346875 0.318821875 0.355978125 0.3431171875 0.3640625 0.3442125 0.36875 0.424290625
1 0.3463828125 0.319615625 0.344628125 0.3149828125 0.3261 0.324734375 0.32490625 0.2795859375 0.31461875 0.27907187499999997 0.3294328125 0.46914999999999996 0.3364296875 0.4688921875 0.3282453125 0.33497187500000003 0.3463828125 0.319615625
1 0.6344531250000001 0.1561 0.6499859375 0.42679999999999996 0.65790625 0.4290859375 0.648159375 0.154959375 0.6344531250000001 0.1561
0 0.186934375 0.1927875 0.144934375 0.097253125 0.140459375 0.10069687499999999 0.16386875 0.15663906249999998 0.1833203125 0.19816562499999998 0.186934375 0.1927875
0 0.1253453125 0.078428125 0.11140625 0.0955078125 0.0874484375 0.12362187499999999 0.0428 0.16881718750000002 0.00032812499999999997 0.20475156249999998 0.0014171875 0.21047031249999998 0.04563125 0.17398906249999999 0.0852703125 0.1418640625 0.11206093749999999 0.117359375 0.12730625 0.10728750000000001 0.12734375 0.1005859375 0.10813906250000001 0.11354843750000002 0.0952890625 0.12498281250000001 0.11902968750000001 0.095034375 0.12795937500000001 0.082240625 0.1253453125 0.078428125
0 0.4318765625 0.2462890625 0.46937656250000004 0.2490234375 0.5092187499999999 0.2482421875 0.5375 0.24140625 0.5660937500000001 0.2294921875 0.58984375 0.2171875 0.6092187499999999 0.2029296875 0.62828125 0.1857421875 0.63609375 0.178515625 0.6340625 0.1736328125 0.62234375 0.1849609375 0.59921875 0.2037109375 0.57078125 0.2201171875 0.55390625 0.2275390625 0.532459375 0.23535937499999998 0.515625 0.2396484375 0.49674218750000004 0.24142812500000002 0.47406249999999994 0.2421875 0.4445546875 0.2412109375 0.4105703125 0.234709375 0.37359375 0.2220703125 0.3197171875 0.1980796875 0.2709375 0.1673828125 0.22765624999999998 0.135240625 0.1855234375 0.10056406250000001 0.1593421875 0.076721875 0.1371484375 0.058084375 0.13748906249999998 0.065228125 0.14859375 0.0759765625 0.1867125 0.11034531249999999 0.2420265625 0.15487656249999998 0.29452968749999997 0.19140625 0.32765468750000004 0.208984375 0.3637484375 0.224609375 0.39718749999999997 0.2361328125 0.4318765625 0.2462890625
0 0.8282453125 0.2659203125 0.71241875 0.257553125 0.712109375 0.26428281249999996 0.867059375 0.2752578125 0.9987828125 0.2826546875 0.9984921874999999 0.27537968749999997 0.8282453125 0.2659203125
0 0.62546875 0.2546875 0.59484375 0.2677734375 0.5423281249999999 0.2860671875 0.4773890625 0.301703125 0.429 0.3120515625 0.38411249999999997 0.3173390625 0.38403437500000004 0.3224359375 0.40953125 0.3208984375 0.44255625 0.3164703125 0.48676250000000004 0.307365625 0.545284375 0.292296875 0.58773125 0.2772265625 0.6168796875 0.26560937500000004 0.63195 0.2583890625 0.6407406250000001 0.2571328125 0.6392187500000001 0.2529296875 0.62546875 0.2546875
0 0.17874062500000001 0.3090421875 0.14353125 0.27561562500000003 0.141221875 0.2825875 0.17603125 0.3136734375 0.17874062500000001 0.3090421875
0 0.0857375 0.248678125 0.12130156249999999 0.2312125 0.11968749999999999 0.2263671875 0.10971093750000001 0.2308140625 0.08546875000000001 0.2423828125 0.0857375 0.248678125
0 0.12078124999999999 0.2314453125 0.103125 0.2501953125 0.10625 0.253515625 0.12421875 0.233203125 0.12078124999999999 0.2314453125
0 0.14937499999999998 0.2396484375 0.17328125 0.269921875 0.17984375 0.2677734375 0.1534375 0.2359375 0.14937499999999998 0.2396484375
0 0.7143046875 0.1767171875 0.648790625 0.165146875 0.648428125 0.16923125 0.707953125 0.179665625 0.7507828125 0.1878328125 0.7515078125 0.1837484375 0.7143046875 0.1767171875
0 0.7337234375 0.18624374999999999 0.648609375 0.17081875 0.648971875 0.1749 0.7331796875000001 0.1903265625 0.7337234375 0.18624374999999999
0 0.7017828125000001 0.1869234375 0.6475203125 0.1758078125 0.6477015625 0.18034531250000002 0.7010562499999999 0.1905546875 0.7017828125000001 0.1869234375