0 0 0.0191328125 0.060009375 0.0484859375 0.0629671875 0.049790625 0.0692296875 0.052834375 0.10359375 0.06640625 0.14750000000000002 0.080859375 0.148015625 0.072671875 0.099146875 0.0552265625 0.072359375 0.0463125 0.049746875 0.0347890625 0 0.0111953125 0 0.0191328125
0 0 0.0571640625 0.09136562499999999 0.093603125 0.1460625 0.1099546875 0.1465109375 0.1042875 0.0876140625 0.08544531250000001 0 0.0498046875 0 0.0571640625
0 0 0.17399375 0.0286453125 0.1796375 0.11875 0.192578125 0.1213109375 0.18289375000000002 0 0.145703125 0 0.153459375 0.04068125 0.16549375 0 0.155865625 0 0.17399375
0 0.2496875 0.2896484375 0.2575 0.287890625 0.438840625 0.24420625 0.486721875 0.229875 0.5860937500000001 0.2 0.586096875 0.19390156249999999 0.5828031250000001 0.19344531250000002 0.47185625 0.225678125 0.43218750000000006 0.2373046875 0.24874999999999997 0.2841796875 0.2496875 0.2896484375
1 0.15605 0.1301390625 0.15605 0.1145140625 0.1696875 0.1138671875 0.1703125 0.102734375 0.158071875 0.1009546875 0.15796875 0.083203125 0.17281249999999998 0.083984375 0.1740640625 0.070115625 0.14861249999999998 0.066853125 0.1482375 0.0754515625 0.140625 0.1865234375 0.121321875 0.18625624999999998 0.117825 0.1998203125 0.117825 0.20159375000000002 0.1194796875 0.205140625 0.12208125 0.206325 0.1386375 0.20661875 0.1373 0.26685781249999996 0.1451125 0.26881093749999996 0.1490390625 0.2664515625 0.15027656250000002 0.2104375 0.172934375 0.204253125 0.1757765625 0.190321875 0.171278125 0.1900625 0.15498125000000001 0.188775 0.15616406249999998 0.1464625 0.16841250000000002 0.14544375 0.1669828125 0.1314109375 0.15605 0.1301390625
1 0.255 0.2685546875 0.25390625 0.26171875 0.24125000000000002 0.26171875 0.2421875 0.3173828125 0.2484375 0.3193359375 0.24874999999999997 0.2986328125 0.2571875 0.2982421875 0.2571875 0.2921875 0.24874999999999997 0.29140625 0.2484375 0.2822265625 0.25421875 0.2814453125 0.25406249999999997 0.27734375 0.248125 0.2767578125 0.2484375 0.269140625 0.255 0.2685546875
1 0.3704265625 0.3280375 0.3703125 0.3447265625 0.3725 0.3458984375 0.37515624999999997 0.34453125 0.3809796875 0.3438671875 0.38156249999999997 0.3396484375 0.37578125 0.3396484375 0.3753125 0.3359375 0.3829140625 0.336171875 0.3829140625 0.33199375 0.37609375 0.3302734375 0.37429531250000003 0.32737656249999997 0.37200937500000003 0.32737656249999997 0.3704265625 0.3280375
1 0.4259375 0.3427734375 0.4265625 0.3564453125 0.43234374999999997 0.3564453125 0.43187499999999995 0.3427734375 0.4259375 0.3427734375
1 0.524046875 0.46952187500000003 0.5263703125 0.4708109375 0.5298437500000001 0.4705078125 0.54390625 0.265625 0.5371875 0.265625 0.5298437500000001 0.3591796875 0.524046875 0.46952187500000003
0 0.23875000000000002 0.264453125 0.24312499999999998 0.2625 0.24078125 0.258984375 0.23469062499999999 0.25144687499999996 0.2198015625 0.22840312499999998 0.2037296875 0.189665625 0.19140625 0.1525390625 0.17953125 0.1103515625 0.17324062499999998 0.0821296875 0.168040625 0.0845265625 0.1741859375 0.11318593749999999 0.18953124999999998 0.16484375 0.195 0.1798828125 0.20140625 0.2 0.20968749999999997 0.2193359375 0.217909375 0.23726562499999998 0.23171875000000003 0.2576171875 0.23875000000000002 0.264453125
0 0.1819859375 0.168625 0.18578125 0.18125 0.19171875 0.1970703125 0.2023109375 0.22328125000000001 0.2226375 0.2616859375 0.23937499999999998 0.2806640625 0.241071875 0.27468593750000003 0.23765624999999999 0.2712890625 0.22999999999999998 0.2619140625 0.21218750000000003 0.2306640625 0.1980578125 0.1972828125 0.1784375 0.1396484375 0.170878125 0.1148578125 0.16496875 0.11544687499999999 0.1819859375 0.168625
0 0.21696875000000002 0.26385625 0.19900625 0.22574375 0.1819890625 0.1846796875 0.17253593750000001 0.1589765625 0.16828125 0.1462734375 0.1628453125 0.14656875 0.17088125 0.172565625 0.1923890625 0.226925 0.21176875 0.26739999999999997 0.2283125 0.2880796875 0.23625 0.2982421875 0.2408390625 0.2954640625 0.23823906250000002 0.2919203125 0.21696875000000002 0.26385625
0 0.21803750000000002 0.30891562499999997 0.225940625 0.30689687499999996 0.224375 0.3046875 0.20828125000000003 0.283203125 0.193253125 0.2579546875 0.18562499999999998 0.2447265625 0.173125 0.2208984375 0.166875 0.207421875 0.1614625 0.2094609375 0.164875 0.2202375 0.17906249999999999 0.2482421875 0.19953125 0.2830078125 0.21803750000000002 0.30891562499999997
0 0.1558953125 0.2175421875 0.152303125 0.22248281250000002 0.1528125 0.2255859375 0.167209375 0.2516671875 0.178165625 0.26828124999999997 0.1844515625 0.26783125 0.18203125 0.262890625 0.1745734375 0.2505453125 0.1558953125 0.2175421875
0 0.32484375 0.3162109375 0.29625 0.297265625 0.29328125 0.3015625 0.323125 0.3203125 0.32484375 0.3162109375
0 0.3171875 0.3197265625 0.29500000000000004 0.3064453125 0.29359375 0.3125 0.3153125 0.3240234375 0.3171875 0.3197265625
0 0.44625000000000004 0.2296875 0.38487499999999997 0.2066515625 0.26346250000000004 0.159859375 0.1881875 0.13051718750000002 0.185759375 0.1365875 0.2909828125 0.176553125 0.38244531249999997 0.21196406250000002 0.43890312500000006 0.2337171875 0.44625000000000004 0.2296875
0 0.255 0.223046875 0.21449375 0.21550625 0.21793281250000002 0.222840625 0.3015046875 0.23928124999999997 0.37010312500000003 0.2524359375 0.3735421875 0.24560624999999997 0.255 0.223046875
0 0.5377125 0.267971875 0.407546875 0.2521171875 0.393125 0.256640625 0.537296875 0.2744703125 0.5377125 0.267971875
0 0.5378125 0.264453125 0.4625 0.2369140625 0.45578124999999997 0.2400390625 0.51640625 0.262109375 0.5340625 0.267578125 0.5378125 0.264453125
0 0 0.10203906250000001 0.07195312499999999 0.125125 0.113009375 0.13755625 0.143271875 0.141790625 0.14390624999999999 0.1346484375 0.12196875 0.1321484375 0.0753390625 0.1185109375 0 0.0936734375 0 0.10203906250000001
0 0.15046874999999998 0.2431640625 0.16578125 0.2658203125 0.173125 0.2638671875 0.1540625 0.2357421875 0.15046874999999998 0.2431640625
0 0.22312500000000002 0.29609375 0.2359375 0.3103515625 0.23890625000000001 0.3060546875 0.22999999999999998 0.295703125 0.21140625000000002 0.269140625 0.19343749999999998 0.233984375 0.17828125 0.2025390625 0.17234375 0.203515625 0.18687499999999999 0.237109375 0.20640624999999999 0.2724609375 0.22312500000000002 0.29609375
1 0.28828125 0.3044921875 0.28859375 0.29921875 0.29203125 0.29921875 0.2925 0.293359375 0.28140624999999997 0.29375 0.2821875 0.327734375 0.28828125 0.3279296875 0.28828125 0.321484375 0.29328125 0.3216796875 0.29328125 0.3134765625 0.288125 0.3138671875 0.28796875 0.3103515625 0.29281250000000003 0.3109375 0.29328125 0.3044921875 0.28828125 0.3044921875