1 0.1171875 0.17700156250000001 0.11405000000000001 0.130946875 0.1025046875 0.1312984375 0.103515625 0.2624515625 0.109375 0.4895015625 0.110671875 0.5220296875 0.1230625 0.5209734375 0.123046875 0.4406734375 0.1171875 0.17700156250000001
1 0.47617343749999996 0.17570468749999998 0.4746921875 0.1814671875 0.45461093750000003 0.18228906250000002 0.4536234375 0.20265781249999998 0.47535 0.2024515625 0.4771609375 0.21623593749999998 0.5240703124999999 0.23578281250000002 0.5237421875 0.213971875 0.509765625 0.21362343749999999 0.4960890625 0.2075953125 0.49477343749999997 0.20039375 0.5085984375 0.20059999999999997 0.5122203125 0.192371875 0.52291875 0.1909296875 0.5225890625 0.1864046875 0.52291875 0.17303125 0.47617343749999996 0.17570468749999998
1 0.51365625 0.244846875 0.5138171875 0.241228125 0.4970703125 0.234375 0.4556 0.216703125 0.45431406250000006 0.24565 0.4752203125 0.2464546875 0.47714999999999996 0.2542953125 0.4504546875 0.254696875 0.4533484375 0.27439843750000004 0.466796875 0.2771 0.4675015625 0.29590625 0.474609375 0.4602046875 0.47453124999999996 0.4673828125 0.5034375 0.4697265625 0.501953125 0.4406734375 0.5009375 0.3947265625 0.5 0.345459375 0.49918281249999996 0.2772125 0.5122093750000001 0.2733921875 0.5122093750000001 0.26434531250000004 0.498378125 0.26434531250000004 0.498046875 0.260009375 0.4970921875 0.2464546875 0.51365625 0.244846875
1 0.455078125 0.3234859375 0.456084375 0.40467812500000006 0.46484375 0.404053125 0.46484375 0.3161625 0.46364218749999997 0.3115875 0.4575296875 0.3113859375 0.455078125 0.3234859375
0 0 0.111042 0.0114764078125 0.10980130625 0.0217121234375 0.108250440625 0.037841128125 0.10638940156250001 0.2899265625 0.0766484375 0.5115375 0.0511859375 0.512771875 0.040896875 0.34154669531250004 0.0575398484375 0.2612370671875 0.06738623906249999 0 0.10131874999999999 0 0.111042
0 0.5583135296874999 0.1080193 0.6096291109374999 0.10391405312499999 0.5580569515625 0.11032850000000001 0.55857010625 0.11699952656249998 0.618352759375 0.1080193 0.71296875 0.0927734375 0.7122578125000001 0.08569687499999999 0.558446875 0.100053125 0.5583135296874999 0.10571009843750001 0.5583135296874999 0.1080193
0 0.1160671875 0.1505234375 0.15343437499999998 0.14713125 0.22171875000000002 0.14140625 0.3830640625 0.12495156249999999 0.48723124999999995 0.11434843750000001 0.517509375 0.1109515625 0.5244765625000001 0.1103890625 0.5244765625000001 0.1039296875 0.4945390625 0.10642343750000001 0.192578125 0.1353890625 0.11578437500000001 0.1443359375 0.1160671875 0.1505234375
0 0.6445031250000001 0.0636234375 0.655409375 0.066103125 0.6916 0.0634171875 0.694740625 0.0588734375 0.7111015625 0.0578390625 0.7098421874999999 0.0498953125 0.654253125 0.053295312500000004 0.5546625 0.063353125 0.556246875 0.0696890625 0.6445031250000001 0.0636234375
0 0.5186296875 0.0681703125 0.4814890625 0.07087656249999999 0.24274062500000002 0.0982453125 0.02640625 0.1283203125 0.0356359375 0.13480625 0.46881874999999995 0.0784 0.51729375 0.07452031249999999 0.5186296875 0.0681703125
0 0.64775625 0.0285515625 0.6658625 0.0018015625 0.6605125000000001 0.0005140625 0.64588125 0.0223890625 0.641875 0.0287109375 0.64775625 0.0285515625
0 0.5575249999999999 0.0813 0.5576296875 0.08950781249999999 0.6475500000000001 0.079478125 0.707634375 0.0735625 0.7086625 0.06558749999999999 0.6893203125 0.067903125 0.6494015625 0.0725328125 0.5575249999999999 0.0813
1 0.251353125 0.47007187500000003 0.2506453125 0.300040625 0.24919531250000002 0.2671640625 0.24215625 0.2682015625 0.245272184375 0.47042554062499997 0.251353125 0.47007187500000003
1 0.31801406249999997 0.3240375 0.31835086874999996 0.368056209375 0.32421875 0.36743125 0.3235546875 0.32253125 0.31801406249999997 0.3240375
0 0.06892343749999999 0.15543125 0.10430781250000001 0.1526171875 0.10425 0.1460125 0.06359375 0.1490234375 0.06892343749999999 0.15543125
0 1 0.0354 0.9990234375 0.0341796875 0.9599609375 0.0341796875 0.958984375 0.0354 0.958984375 0.042725 0.9599609375 0.0439453125 0.9731984375 0.045032812500000005 0.9838890625 0.0448046875 0.9989921875000001 0.0448046875 1 0.043796875 1 0.0354
0 0.8337187500000001 0.033329687499999996 0.8341640625 0.0388859375 0.8348140624999999 0.04089375 0.9120421875 0.04089375 0.8916703125 0.0294421875 0.8380984375 0.029199999999999997 0.8337187500000001 0.033329687499999996
0 0.7857140625000001 0.0971859375 0.9135375 0.1091265625 0.914525 0.1033609375 0.8921234374999999 0.1017140625 0.7870328125 0.0905953125 0.7857140625000001 0.0971859375
0 0.940103125 0.0802265625 0.8389125 0.0715625 0.8380625 0.07829375 0.938321875 0.08605625 0.940103125 0.0802265625
0 1 0.11226406250000001 0.9635796875 0.10822499999999999 0.9631484374999999 0.11549374999999999 1 0.11979999999999999 1 0.11226406250000001
0 1 0.0578953125 0.9603296875 0.05613125 0.9603296875 0.061921875 1 0.06343125 1 0.0578953125
0 0.9269015625 0.053615625 0.8346750000000001 0.050845312499999996 0.8354796875 0.059153124999999994 0.926096875 0.061165625 0.9269015625 0.053615625
0 0.8040671875 0.0503421875 0.782721875 0.0503421875 0.7823187500000001 0.05613125 0.803865625 0.056634375 0.8040671875 0.0503421875
0 0.543978125 0 0.5364265625 0.038093749999999996 0.538584375 0.03843125 0.5434375 0.03828125 0.5512609375 0 0.543978125 0
0 0.5587500000000001 0 0.550692846875 0.037700776562499996 0.5572305531249999 0.038354546875 0.5652078125 0 0.5587500000000001 0
0 0.5712171875000001 0 0.5628578125 0.035398437500000005 0.5682515625 0.0367453125 0.5771515625 0 0.5712171875000001 0
0 0.5271874999999999 0.1103515625 0.5210359375 0.1096078125 0.50900625 0.147703125 0.5 0.1759765625 0.5057968749999999 0.17543906250000002 0.5162234375 0.146365625 0.5271874999999999 0.1103515625
0 0.516490625 0.175103125 0.535471875 0.11729218749999999 0.5290625 0.1146484375 0.50953125 0.174609375 0.516490625 0.175103125
0 0.537878125 0.12197031250000001 0.5191640625 0.17276562499999998 0.5237421875 0.1781734375 0.526115625 0.17176093750000002 0.5445609375 0.12330937500000001 0.537878125 0.12197031250000001
0 0.37742343749999996 0.142328125 0.4715640625 0.130646875 0.515828125 0.12428125000000001 0.5162656250000001 0.11894843749999999 0.47766875000000003 0.1236265625 0.360134375 0.1380546875 0.3387359375 0.1401109375 0.22862187500000003 0.1473125 0.11521718750000001 0.15101562500000001 0.115740625 0.15719687499999999 0.2436296875 0.154 0.37742343749999996 0.142328125
0 0.2703125 0.2982125 0.2546875 0.2927734375 0.2529 0.2979375 0.2883546875 0.3108171875 0.2950609375 0.3117890625 0.32132031250000004 0.3169078125 0.35362499999999997 0.3194390625 0.39696875 0.31931875 0.41235156249999994 0.3189953125 0.43976875 0.315015625 0.45796875000000004 0.3126953125 0.46687500000000004 0.311328125 0.46671874999999996 0.3056640625 0.40612343749999996 0.31269375 0.36246875 0.31346875 0.3538015625 0.31346875 0.3308 0.3119515625 0.31120156250000003 0.30907968750000003 0.2903 0.305509375 0.2703125 0.2982125
0 0.0007171875 0.1632828125 0.030390624999999998 0.15955312500000002 0.055825 0.1728984375 0.103125 0.1908203125 0.103125 0.183203125 0.0889515625 0.17800156250000002 0.027564062499999997 0.1513109375 0.022854687500000002 0.1503296875 0.0215984375 0.14483437500000002 0.016259375 0.1454234375 0.0157890625 0.153078125 0.000403125 0.1556296875 0.0007171875 0.1632828125
0 0 0.14365624999999999 0.02065625 0.14365624999999999 0.029762499999999997 0.1446390625 0.0376125 0.1471890625 0.0449921875 0.1552359375 0.061545312500000005 0.1619078125 0.10480937500000001 0.17878750000000002 0.1043390625 0.1691703125 0.0654015625 0.15229375 0.017359375 0.1244234375 0.0002453125 0.11206093749999999 0 0.12108749999999999 0.012648437500000002 0.13050781250000001 0.01531875 0.13305781249999998 0.013590625 0.1348265625 0 0.134040625 0 0.14365624999999999
0 0.8018765625000001 0.032828125 0.7831812499999999 0.0325484375 0.782290625 0.03755625 0.802321875 0.037834374999999996 0.8018765625000001 0.032828125
0 0.800540625 0.025317187499999998 0.7738343750000001 0.0250375 0.7736109375 0.0292109375 0.8012078125000001 0.0303234375 0.800540625 0.025317187499999998
0 0.708846875 0.030601562500000002 0.5583984375 0.042007812500000005 0.5575078125 0.047015625 0.708625 0.037 0.708846875 0.030601562500000002
0 0.707734375 0.024203125 0.561589025 0.036393235937500004 0.5541796234375 0.0381366234375 0.5557050875 0.04271301875 0.563071875 0.0411734375 0.7081796875 0.030045312499999997 0.707734375 0.024203125
0 0.083596875 0.2282015625 0.103353125 0.2044203125 0.1000609375 0.1998484375 0.027073437500000002 0.28102187500000003 0.033840625 0.28536562499999996 0.083596875 0.2282015625
0 0.115315625 0.137109375 0.11546875000000001 0.1431640625 0.20515625 0.1314453125 0.34671875 0.1138671875 0.42906562499999995 0.102734375 0.5203156250000001 0.0919921875 0.519221875 0.086328125 0.490003125 0.0890625 0.390315625 0.1001953125 0.28422187499999996 0.1138671875 0.171253125 0.129296875 0.115315625 0.137109375
0 0.21680937500000003 0.2712171875 0.1707109375 0.23130625 0.13828125 0.1978515625 0.13471249999999999 0.1930265625 0.12819687500000002 0.1846796875 0.12461249999999999 0.1822359375 0.11679375 0.17348125 0.1157875 0.1912578125 0.1254375 0.20208750000000003 0.127996875 0.20528749999999998 0.1362671875 0.20528749999999998 0.1510359375 0.222025 0.182740625 0.2520546875 0.20890625 0.2744140625 0.2244875 0.2862703125 0.240103125 0.2974828125 0.2407546875 0.290559375 0.21680937500000003 0.2712171875
0 0.25094375 0.295590625 0.2504671875 0.3065234375 0.262234375 0.321234375 0.27988749999999996 0.34011718750000003 0.2945171875 0.3552265625 0.30215000000000003 0.3611890625 0.3175765625 0.36079062500000003 0.31694062500000003 0.3542328125 0.306921875 0.353634375 0.3016734375 0.3518453125 0.2838625 0.334353125 0.25094375 0.295590625
0 0.5123703125 0.287665625 0.5033640625 0.27600625 0.4999859375 0.281434375 0.5126906250000001 0.294903125 0.5240625 0.2998046875 0.525878125 0.2953046875 0.5123703125 0.287665625
0 0.5973437500000001 0.1109375 0.5640328125 0.165659375 0.5679078125 0.1711109375 0.60375 0.1119140625 0.5973437500000001 0.1109375