1 0.277559375 0.18676718750000001 0.2804890625 0.1416015625 0.320528125 0.13549843749999999 0.3195515625 0.126953125 0.2785359375 0.126953125 0.2795125 0.084228125 0.2883015625 0.0732421875 0.3215046875 0.06591875 0.322715625 0.0474078125 0.3144703125 0.0462296875 0.3088171875 0.058892187500000005 0.2980671875 0.05859375 0.295153125 0.0462296875 0.28714375 0.0456421875 0.2847796875 0.058520312500000005 0.277875 0.053665624999999995 0.2690046875 0.0559484375 0.24098437499999997 0.057710937500000004 0.238615625 0.047703125 0.2315484375 0.04888125 0.23107812499999997 0.0697890625 0.269746875 0.0769046875 0.269746875 0.12573281249999999 0.231490625 0.1256703125 0.22873125 0.13305625000000001 0.2316609375 0.14404375 0.2629109375 0.1416015625 0.26779375 0.14770468750000001 0.2638875 0.404053125 0.264534375 0.516521875 0.2774375 0.5160859375 0.277559375 0.45288125 0.277559375 0.20141562500000001 0.29185625000000004 0.1849265625 0.3039265625 0.17578125 0.3523984375 0.17579687500000002 0.353340625 0.1649 0.3390828125 0.163575 0.2972734375 0.1696125 0.277559375 0.18676718750000001
1 0.4130859375 0.25146562499999997 0.4013671875 0.2490234375 0.36828125 0.251171875 0.37 0.2609375 0.38984375 0.2609375 0.3876953125 0.2685546875 0.3728125 0.2705078125 0.373046875 0.2771 0.3857421875 0.27587968749999997 0.388671875 0.279540625 0.390625 0.4504390625 0.392578125 0.4650875 0.396484375 0.4650875 0.396484375 0.2819828125 0.3994140625 0.27587968749999997 0.4140625 0.2771 0.4130859375 0.2685546875 0.4021875 0.2697265625 0.4013671875 0.27099687499999997 0.3984375 0.267334375 0.4013671875 0.26123124999999997 0.4140625 0.25756875 0.4130859375 0.25146562499999997
1 0.412109375 0.3210453125 0.421875 0.3234859375 0.421875 0.3479 0.423828125 0.3503421875 0.424265625 0.4389390625 0.427253125 0.4389390625 0.4290109375 0.4389390625 0.4305921875 0.43916093749999996 0.4296875 0.3479 0.431640625 0.345459375 0.4296875 0.3234859375 0.431640625 0.318603125 0.4287109375 0.31494218749999997 0.4248046875 0.31494218749999997 0.4228515625 0.3173828125 0.4130859375 0.3173828125 0.412109375 0.3210453125
0 0 0.0707421875 0.14498906250000002 0.0811859375 0.269496875 0.088259375 0.2686875 0.0805125 0.1134578125 0.07209062499999999 0 0.06400625 0 0.0707421875
0 0.23341249999999997 0.14311093749999998 0.228196875 0.1408296875 0.17134375 0.1734296875 0.12309531250000001 0.20048593750000002 0.125703125 0.204725 0.182090625 0.174103125 0.1874421875 0.17135 0.23341249999999997 0.14311093749999998
0 0 0.0939765625 0.075109375 0.14180781250000002 0.14526406249999999 0.1861421875 0.2417578125 0.24091093749999998 0.2654828125 0.252953125 0.2678375 0.246453125 0.1815140625 0.1998359375 0.0915390625 0.1447421875 0 0.08555937500000001 0 0.0939765625
0 0 0.108071875 0.0473015625 0.1388109375 0.144253125 0.1963703125 0.1483265625 0.1987203125 0.24723437499999998 0.2539515625 0.2647 0.2633296875 0.26579687500000004 0.2560859375 0.1434375 0.189078125 0 0.1012203125 0 0.108071875
0 0.2673921875 0.18334999999999999 0.2527546875 0.1424296875 0.24693125 0.14459375000000002 0.2661328125 0.19062812499999998 0.2673921875 0.18334999999999999
0 0.1775796875 0.00043437500000000003 0.23094062499999998 0.0532734375 0.23111406250000002 0.052625 0.2337125 0.046778125 0.186415625 0 0.1775796875 0.00043437500000000003
0 0.28880625000000004 0.044178125 0.25346250000000003 0 0.24601406250000002 0.00065 0.284475 0.050025 0.28880625000000004 0.044178125
0 0.2758125 0 0.31375312499999997 0.0495921875 0.31756562499999996 0.045045312500000004 0.284821875 0 0.2758125 0
0 0.2801859375 0.0887171875 0.39334375 0.093703125 0.626515625 0.1003203125 0.6652640625 0.1011859375 0.664978125 0.096196875 0.507815625 0.0930578125 0.6655484375 0.0951296875 0.6655484375 0.091565625 0.4429390625 0.085865625 0.28075625 0.0808765625 0.2801859375 0.0887171875
0 0.5624609375 0.2153859375 0.406875 0.167578125 0.4015625 0.1658203125 0.3766578125 0.1568671875 0.3735125 0.16145625 0.40360625 0.172696875 0.4819984375 0.1982453125 0.5610937500000001 0.2216796875 0.5624609375 0.2153859375
0 0.4716890625 0.2180796875 0.3826078125 0.1714515625 0.32098125 0.1352375 0.319384375 0.14022812499999998 0.3822625 0.17840625000000002 0.4597125 0.218828125 0.5084187499999999 0.24178281250000003 0.5094171875 0.2390390625 0.5102156250000001 0.23679375 0.4716890625 0.2180796875
0 0.3478015625 0.31868124999999997 0.2796703125 0.2544640625 0.2788453125 0.264765625 0.31455937500000003 0.29807656250000003 0.34368125 0.324175 0.3478015625 0.31868124999999997
0 0.34285625 0.3231453125 0.28021875 0.26579687500000004 0.277746875 0.27575625000000004 0.3368125 0.32795312499999996 0.34285625 0.3231453125
0 0.3288234375 0.09234375 0.351840625 0.153725 0.3588546875 0.156465625 0.334084375 0.0898796875 0.3288234375 0.09234375
0 0.2783265625 0.2023875 0.2767359375 0.2123203125 0.28865625 0.242865625 0.3051453125 0.2748984375 0.3126953125 0.287315625 0.3172640625 0.2865703125 0.3166671875 0.2833421875 0.2968015625 0.2448515625 0.283490625 0.2160453125 0.2783265625 0.2023875
0 0.3038390625 0.090134375 0.31667968750000003 0.12668125 0.32359375 0.1261875 0.30877656249999996 0.08889843750000001 0.3038390625 0.090134375
0 0.319840625 0.06593281250000001 0.325371875 0.0817390625 0.3312984375 0.0827265625 0.32280312499999997 0.0605 0.319840625 0.06593281250000001
0 0.3273859375 0.2068390625 0.3058375 0.17545468749999998 0.301875 0.1796875 0.3156671875 0.2013671875 0.31859375 0.20546875 0.334171875 0.22825937500000001 0.3433015625 0.2377703125 0.3473140625 0.2333703125 0.3439109375 0.2294 0.3363953125 0.2202109375 0.3273859375 0.2068390625
0 0.34342968749999997 0.1755546875 0.341340625 0.17590937499999998 0.3503234375 0.1956234375 0.3630140625 0.2211984375 0.367290625 0.21857812499999998 0.346990625 0.17527500000000001 0.34342968749999997 0.1755546875
0 0.37765624999999997 0.2029296875 0.375 0.196875 0.368859375 0.1831703125 0.3605359375 0.1648265625 0.35681250000000003 0.1653734375 0.3725 0.20390625 0.37765624999999997 0.2029296875