1 0.5237265625 0 0.524478125 0.011265625 0.533740625 0.0131421875 0.5375 0.0869140625 0.5484375 0.4755859375 0.5493171875 0.49144531249999995 0.5616515625 0.4911171875 0.5462578125 0.01470625 0.5507640625 0.0093890625 0.5510140625 0 0.5237265625 0
1 0.4644953125 0.149821875 0.4633890625 0.159503125 0.45546875 0.16015625 0.450296875 0.153509375 0.44458125 0.15443125 0.44476562499999994 0.1682625 0.47421875 0.169921875 0.4765625 0.1767578125 0.47871718750000003 0.4983359375 0.48711562500000005 0.4983359375 0.484375 0.1748046875 0.48984375 0.16796875 0.5150203125 0.167109375 0.5140625 0.1591796875 0.5128078125 0.153509375 0.5085671875 0.15374062500000002 0.5081984375 0.1583515625 0.47265625 0.158203125 0.47039687499999994 0.1495921875 0.4644953125 0.149821875
1 0.475928125 0.235565625 0.47685000000000005 0.228190625 0.4335171875 0.2240421875 0.43499218749999996 0.23441406250000002 0.45625 0.2373046875 0.4598859375 0.43771250000000006 0.4659703125 0.4372515625 0.4625 0.2373046875 0.475928125 0.235565625
0 0.68291875 0 0.6140625 0.1044921875 0.5815046875000001 0.14581093750000002 0.551253125 0.1781828125 0.5515796875000001 0.1841703125 0.57018125 0.16789218749999998 0.5825921875 0.15424374999999999 0.6031093750000001 0.1306859375 0.622853125 0.104734375 0.6498390625 0.06501718749999999 0.6927125000000001 0 0.68291875 0
0 0.6476640625 0 0.5953125 0.0849609375 0.566875 0.12421875 0.5497296875 0.1447234375 0.55190625 0.1515234375 0.558653125 0.1452671875 0.569375 0.13359375 0.603125 0.0888671875 0.65745625 0 0.6476640625 0
0 0.53359375 0.068359375 0.5096859375 0.153428125 0.5151234375 0.15741875 0.5362375 0.077803125 0.53359375 0.068359375
1 0.4388640625 0.295496875 0.42503437499999996 0.29572656249999996 0.424296875 0.30171875 0.4407078125 0.30310156250000003 0.4396109375 0.3183984375 0.44276406250000006 0.3185953125 0.446240625 0.3185453125 0.44679375 0.264609375 0.45582968749999997 0.26553125 0.4556453125 0.2533140625 0.424665625 0.253084375 0.425403125 0.2623046875 0.43960156250000004 0.2634578125 0.4388640625 0.295496875
0 0.1978671875 0.044914062500000004 0.2574984375 0.0479078125 0.36808593749999996 0.0479078125 0.42477656250000007 0.044414062500000004 0.4756875 0.039423437500000005 0.5334375 0.032421875 0.5337671875 0.030690625 0.5331671874999999 0.026698437499999998 0.5018281250000001 0.02969375 0.444790625 0.035890624999999995 0.390484375 0.0410171875 0.3058234375 0.0422484375 0.2634875 0.0414203125 0.1976140625 0.0399234375 0.1978671875 0.044914062500000004
0 0.597140625 0.0808421875 0.5584749999999999 0.0485484375 0.5487656249999999 0.047681249999999994 0.5487656249999999 0.05418437499999999 0.5546609375 0.05418437499999999 0.5570890625 0.055700000000000006 0.5589953125 0.05786718749999999 0.5934999999999999 0.08539218750000001 0.597140625 0.0808421875
0 0.619334375 0.096228125 0.6051171875 0.08647656249999999 0.601821875 0.09124375 0.6160390625 0.101215625 0.619334375 0.096228125
0 0.42390625000000004 0.2462890625 0.40328125000000004 0.2576171875 0.4021875 0.26328125 0.43171875000000004 0.2486328125 0.4503125 0.2359375 0.445 0.234375 0.42390625000000004 0.2462890625
0 0.476875 0.273046875 0.46343750000000006 0.2619140625 0.46296875000000004 0.26875 0.4765625 0.2802734375 0.476875 0.273046875
0 0.49515624999999996 0.2783203125 0.5065625 0.253125 0.52109375 0.21640625 0.5376562500000001 0.165625 0.53421875 0.163671875 0.51625 0.21640625 0.49953125 0.2591796875 0.48546875 0.2861328125 0.48624999999999996 0.291796875 0.49515624999999996 0.2783203125
0 0.48484375 0.3046875 0.48640625000000004 0.309375 0.49609375 0.2958984375 0.51296875 0.260546875 0.5231250000000001 0.23671875 0.53953125 0.198828125 0.53734375 0.1896484375 0.51953125 0.2337890625 0.504375 0.2685546875 0.49328125 0.290625 0.48671875 0.30078125 0.48484375 0.3046875
0 0.4884375 0.2044921875 0.48531250000000004 0.2078125 0.48703124999999997 0.212890625 0.4928125 0.2078125 0.4984375 0.1984375 0.50578125 0.1828125 0.51109375 0.168359375 0.50625 0.167578125 0.50078125 0.181640625 0.49703125000000004 0.190625 0.49375 0.1970703125 0.4915625 0.2009765625 0.4884375 0.2044921875
0 0.506875 0.238671875 0.50890625 0.233203125 0.49984375 0.2267578125 0.49984375 0.224609375 0.5103125000000001 0.2294921875 0.51234375 0.2265625 0.4859375 0.2123046875 0.48531250000000004 0.21796875 0.4921875 0.2236328125 0.506875 0.238671875
0 0.54140625 0.2583984375 0.52125 0.241796875 0.52 0.2474609375 0.54015625 0.263671875 0.54140625 0.2583984375
0 0.540625 0.2404296875 0.52515625 0.23359375 0.5234375 0.2376953125 0.5403125 0.245703125 0.540625 0.2404296875
0 0.58078125 0.283203125 0.55703125 0.2669921875 0.55546875 0.2724609375 0.5795312499999999 0.2890625 0.58078125 0.283203125
0 0.65359375 0.2849609375 0.55515625 0.2482421875 0.5548437500000001 0.253125 0.65234375 0.290234375 0.65359375 0.2849609375
0 0.676021875 0.2047453125 0.583309375 0.1546546875 0.578853125 0.159240625 0.6411921875 0.19362812499999998 0.7078265625 0.2268234375 0.7582375 0.2502796875 0.8208953125 0.275525 0.848565625 0.2860609375 0.8504734375 0.2810921875 0.7846359374999999 0.2550375 0.676021875 0.2047453125
0 0.57578125 0.1505859375 0.5610937500000001 0.1419921875 0.55859375 0.146875 0.5734375 0.1544921875 0.57578125 0.1505859375
0 0.564375 0.139453125 0.5934375000000001 0.130859375 0.5935937499999999 0.1255859375 0.5689062500000001 0.133203125 0.5653125 0.137890625 0.564375 0.139453125
0 0.62765625 0.1103515625 0.61390625 0.115625 0.610625 0.121875 0.630625 0.1134765625 0.62765625 0.1103515625
0 0.7948375000000001 0 0.7802859375 0.0115359375 0.7311296875 0.048134375 0.680021875 0.0794125 0.635125 0.1051421875 0.63796875 0.1105375 0.6608484375 0.09848749999999999 0.7289921875 0.056342187499999995 0.7683875 0.0279484375 0.8046875 0 0.7948375000000001 0
0 0.7481015625 0.190284375 0.7898953125 0.216040625 0.8375265625000001 0.240828125 0.896821875 0.2680453125 0.922484375 0.2782515625 0.9230703124999999 0.273390625 0.8736890624999999 0.251275 0.835 0.232421875 0.7809375000000001 0.20390625 0.69055625 0.14751562499999998 0.62578125 0.1017578125 0.6221234375 0.106203125 0.6685875 0.140225 0.7481015625 0.190284375
0 0.451734375 0.15397812500000002 0.46783906249999996 0.0409671875 0.46296875000000004 0.0408203125 0.447496875 0.151859375 0.451734375 0.15397812500000002
0 0.48783750000000003 0.038140625 0.46687500000000004 0.1490234375 0.4715625 0.150390625 0.4920765625 0.0406125 0.48783750000000003 0.038140625