1 0.69421875 0 0.6951562499999999 0.0134765625 0.70078125 0.0171875 0.7023046875000001 0.03001875 0.6938109375 0.05674375 0.6964453125000001 0.061228125 0.6996875 0.06171875 0.70565 0.047428125 0.712221875 0.1568578125 0.5636328125000001 0.126953125 0.5206640625000001 0.126953125 0.5113531250000001 0.130328125 0.5118750000000001 0.13549843749999999 0.5120953125 0.13980625 0.523946875 0.14131093749999998 0.5620203125 0.1347203125 0.7169531250000001 0.16723593750000001 0.71385 0.1678421875 0.7150000000000001 0.20874062499999999 0.7325781250000001 0.435790625 0.7306250000000001 0.4895015625 0.7345312500000001 0.5090328125 0.7403906250000001 0.511475 0.7482031250000001 0.4968265625 0.7482031250000001 0.4504390625 0.7267187500000001 0.16967812499999999 0.72833125 0.13645625 0.7310875 0.1319515625 0.73603125 0.12815156249999998 0.74174375 0.11997500000000001 0.74161875 0.11172656249999999 0.7228125000000001 0.11352500000000001 0.7159 0 0.69421875 0
1 0.4913890625 0.23290000000000002 0.4821890625 0.23290000000000002 0.4827640625 0.24943125 0.505859375 0.25024375 0.5144453125 0.4039578125 0.5208421875 0.4062421875 0.5181296875 0.24799375 0.53796875 0.24583750000000001 0.53710625 0.23864999999999997 0.5205078125 0.2392578125 0.5181296875 0.2300234375 0.504903125 0.231821875 0.5048828125 0.2392578125 0.4934015625 0.23793125 0.4913890625 0.23290000000000002
0 1 0.07944218750000001 0.902628125 0.064796875 0.719771875 0.037859375 0.7188218749999999 0.04071875 0.719771875 0.04543125 0.878690625 0.0685921875 1 0.0845671875 1 0.07944218750000001
0 0.5783890625 0.1480375 0.5716671875 0.163040625 0.5768015625 0.1664796875 0.5836703125 0.1496390625 0.5783890625 0.1480375
0 0 0.1439234375 0.043459375 0.138984375 0.37890625 0.0927828125 0.44859375 0.0818453125 0.60164375 0.0581109375 0.66140625 0.0490234375 0.699325 0.0418328125 0.6982406250000001 0.0355 0.6598437500000001 0.0408203125 0.6442187500000001 0.0431640625 0.60671875 0.04921875 0.53328125 0.0619234375 0.3521875 0.089853125 0.176715625 0.11240468749999999 0.0448125 0.13111875 0 0.1361265625 0 0.1439234375
0 0.3941578125 0.1789703125 0.59103125 0.1454375 0.5884703124999999 0.1400359375 0.564784375 0.14403749999999998 0.5225265625 0.15139687500000001 0.27316406249999997 0.1875328125 0.1185953125 0.208025 0.0085078125 0.22426249999999998 0.0136140625 0.23039218749999998 0.3941578125 0.1789703125
0 0.60200625 0.136571875 0.711940625 0.1308703125 0.7112625 0.1240234375 0.6014640625000001 0.13069375 0.60200625 0.136571875
0 1 0.032946875 0.9084859375000001 0.0237953125 0.7635156249999999 0.004759375 0.7254421875 0 0.7254421875 0.005124999999999999 0.736278125 0.006954687499999999 0.7793296875 0.0128125 0.8651406250000001 0.0241625 0.9995687500000001 0.038439062499999996 1 0.038439062499999996 1 0.0373421875 1 0.032946875
0 1 0.0244078125 0.86870625 0.0084484375 0.799609375 0 0.7978578125 0.00406875 0.871959375 0.0134578125 1 0.029103125 1 0.0244078125
0 1 0.0165859375 0.9718484374999999 0.0131421875 0.8910406249999999 0.0036687499999999997 0.85366875 0 0.8459234375 0.003128125 0.8564390625 0.00438125 0.9177734375 0.011890625 1 0.022218750000000002 1 0.0165859375
0 0.9449046875 0.0015640625 0.9521656249999999 0.003128125 0.9717828125000001 0.0062125 0.99973125 0.0097015625 0.9998437499999999 0.0034421875 0.948584375 0 0.9449046875 0.0015640625
0 0 0.03794375 0.0782296875 0.030539062500000002 0.1419 0.021903125000000002 0.2383921875 0.011414062499999999 0.29472343749999996 0.00385 0.29194375 0 0.22481874999999998 0.0067875 0.0940234375 0.02344375 0 0.033625 0 0.03794375
0 0.41022187499999996 0 0.357609375 0.0031015625 0.301203125 0.009590625 0.26430312499999997 0.0144984375 0.1120390625 0.0314640625 0 0.0456546875 0 0.0524421875 0.059228125 0.0441109375 0.16805781250000001 0.0330078125 0.3127109375 0.014665624999999998 0.36031562500000003 0.009025 0.41822499999999996 0.0045 0.4186515625 0 0.41022187499999996 0
0 0.0005015625000000001 0.0876453125 0.187728125 0.06693906250000001 0.326759375 0.049840625 0.394028125 0.0424703125 0.5461171874999999 0.021765625 0.626965625 0.010529687499999999 0.626334375 0.0050015625 0.428159375 0.031176562499999998 0.24796093749999998 0.051881250000000004 0 0.08137187500000001 0.0005015625000000001 0.0876453125
0 0 0.07713281250000001 0.04865 0.071078125 0.20864687499999998 0.0507671875 0.42938593750000004 0.025189062499999998 0.49991562500000003 0.0181015625 0.5419140625 0.012310937499999999 0.59421875 0.0056640625 0.6105390625 0.003421875 0.6088765625 0 0.37815625 0.0267625 0.5775546874999999 0.0007921875 0.5597078125 0 0.440321875 0.014593749999999999 0 0.068815625 0 0.07713281250000001
0 0.0533234375 0.1899515625 0.0818640625 0.21373437499999998 0.0846171875 0.2084140625 0.010765625 0.14332499999999998 0.0042562500000000005 0.145828125 0.0533234375 0.1899515625
0 0.619190625 0.056753125 0.6137640625 0.056303124999999996 0.6056234375 0.07846093750000001 0.5875343749999999 0.1302421875 0.5935046875000001 0.1313734375 0.6124984375 0.10039374999999999 0.6384375 0.0548828125 0.63348125 0.0526859375 0.6105078125000001 0.0936109375 0.6276921875 0.056303124999999996 0.6220859375 0.055398437499999995 0.6000171875 0.104690625 0.619190625 0.056753125
0 0.6321875 0 0.61671875 0.0462890625 0.6224999999999999 0.046875 0.6384375 0 0.6321875 0
0 0.64453125 0 0.6292187499999999 0.04453125 0.6346875 0.044140625 0.65109375 0 0.64453125 0
0 0.661875 0 0.6421875 0.0421875 0.6503125 0.0419921875 0.66453125 0.0095703125 0.66890625 0 0.661875 0
0 1 0.1495546875 0.8954437499999999 0.13794375 0.745725 0.1177640625 0.74528125 0.12495156249999999 0.8556374999999999 0.13987812500000002 0.9666546874999999 0.1531484375 1 0.1570171875 1 0.1495546875
0 0.09755 0.2191953125 0.0897484375 0.22195468749999997 0.1880953125 0.3004671875 0.2434671875 0.343340625 0.24553281249999998 0.3366234375 0.18602968749999998 0.28961875 0.09755 0.2191953125
1 0.2861328125 0.3759765625 0.2890625 0.37475625 0.291015625 0.3723140625 0.291015625 0.286865625 0.2880859375 0.283203125 0.2861328125 0.283203125 0.28515625 0.28930625 0.283203125 0.2917484375 0.283203125 0.3015140625 0.28515625 0.3039546875 0.28515625 0.37475625 0.2861328125 0.3759765625