1 0.201909375 0 0.20361875000000002 0.0078328125 0.2361946671875 0.006575575 0.25250209375 0.0052604609375 0.2509765625 0.0341796875 0.201340625 0.0345296875 0.201340625 0.043071874999999996 0.2059470203125 0.05050041875 0.20874375 0.0662109375 0.21928125 0.06656875 0.2236328125 0.0463875 0.22909304531250002 0.045239957812499995 0.24092908125 0.057865062499999995 0.2421875 0.10375937500000001 0.251953125 0.12084999999999999 0.248046875 0.4968265625 0.2475671875 0.5272265625 0.262853125 0.524353125 0.263671875 0.4870609375 0.26361249999999997 0.18499062500000002 0.2920265625 0.1591078125 0.3121875 0.153515625 0.32437499999999997 0.15703125 0.3482046875 0.1560859375 0.34780937500000003 0.14228593750000001 0.33145156249999996 0.141859375 0.30838437500000004 0.145534375 0.2864320625 0.1546575328125 0.2639984375 0.1772828125 0.263671875 0.0744625 0.265625 0.0573734375 0.2841796875 0.0439453125 0.302721875 0.04200625 0.30443125000000004 0.059446874999999996 0.3121203125 0.0580234375 0.31247134062500004 0.029458578125000003 0.2685546875 0.0317390625 0.2679796875 0.014595312499999999 0.284496875 0 0.201909375 0
0 0.2396671875 0.1072578125 0.205078125 0.08878749999999999 0.14424375 0.050546875000000005 0.065340625 0 0.0520265625 0.000309375 0.13784375 0.055853125 0.20065312500000002 0.0935296875 0.23671875 0.11328125 0.2396671875 0.1072578125
0 0 0.035040625 0.0980078125 0.10169687499999999 0.15301875 0.1398984375 0.1947515625 0.17124999999999999 0.19706875 0.1644 0.16524375 0.1406890625 0.125196875 0.1101265625 0.04025625 0.052690625000000005 0 0.024501562499999997 0 0.035040625
0 0.0819890625 0.12567187500000002 0.0006328125 0.07456093750000001 0 0.08035624999999999 0.07843750000000001 0.1306640625 0.0819890625 0.12567187500000002
0 0.10122656249999999 0.1235296875 0.06999375 0.0824859375 0.065028125 0.0824859375 0.081365625 0.1071109375 0.095459375 0.1249296875 0.10122656249999999 0.1235296875
0 0 0.067871875 0.04203125 0.0984375 0.0696734375 0.116521875 0.0740625 0.110546875 0 0.0608640625 0 0.067871875
0 0.17921875 0.1794921875 0.113125 0.137890625 0.11156250000000001 0.14453125 0.1771875 0.1857421875 0.17921875 0.1794921875
0 0.16265625 0.1609375 0.181875 0.181640625 0.18640625 0.1771484375 0.14390624999999999 0.1328125 0.1371875 0.1328125 0.16265625 0.1609375
0 0.2506515625 0.1341453125 0.1440828125 0.1227125 0.153228125 0.1308796875 0.2512109375 0.14114218750000002 0.2506515625 0.1341453125
0 0.23690625 0.1189453125 0.1346734375 0.11034375 0.134790625 0.11610000000000001 0.2364671875 0.12482968750000001 0.23690625 0.1189453125
0 0.296578125 0.0277796875 0.286275 0.004040625 0.28102187500000003 0.0058078125000000005 0.29031562499999997 0.029798437500000004 0.296578125 0.0277796875
0 0.302071875 0.06061562499999999 0.3331828125 0.14034843749999998 0.3399625 0.14013124999999998 0.3086765625 0.0597453125 0.302071875 0.06061562499999999
0 0.31163124999999997 0 0.33465625 0.073003125 0.360296875 0.147734375 0.36625 0.1455078125 0.34562499999999996 0.087890625 0.31684531250000003 0 0.31163124999999997 0
0 0.265365625 0.1431484375 0.315525 0.14568281249999998 0.315525 0.141303125 0.2640734375 0.137615625 0.26359374999999996 0.14296875 0.265365625 0.1431484375
0 0.3288015625 0.12839375 0.264996875 0.12055625 0.2646875 0.1271484375 0.3299078125 0.1353109375 0.3288015625 0.12839375
1 0.39973121875 0.28085628125 0.40030090625000003 0.29073087656249996 0.4149229046875 0.291300565625 0.4154925921875 0.296427759375 0.4012503875 0.2966176546875 0.4014402828125 0.30497308125 0.414353215625 0.305162978125 0.4140625 0.325928125 0.416015625 0.32836875 0.41418297031250007 0.4360791203125 0.42040608593749995 0.4344657203125 0.4204265625 0.41515781250000006 0.421875 0.32836875 0.423828125 0.325928125 0.423828125 0.3112796875 0.4244203125 0.3042265625 0.43030448593750004 0.30383370625 0.4386599125 0.303643809375 0.43771043125000003 0.296427759375 0.426696459375 0.29699744687499996 0.4257469796875 0.2909207734375 0.4339125109375 0.29111066874999997 0.4390397046875 0.2909207734375 0.43751093750000003 0.28093124999999997 0.39973121875 0.28085628125
0 0.9374218750000001 0.17667968750000002 0.91046875 0.17647812499999999 0.910778125 0.1820921875 0.9384359375000001 0.1820921875 0.9374218750000001 0.17667968750000002
0 0.9384359375000001 0.1607171875 0.9099875000000001 0.16043593750000001 0.909934375 0.16599375 0.9386468750000001 0.16652187499999999 0.9384359375000001 0.1607171875
0 1 0.1758765625 0.9500968750000001 0.17527500000000001 0.9499359374999999 0.1814921875 1 0.1814921875 1 0.1758765625
0 1 0.162684375 0.9495609375 0.1617390625 0.9495609375 0.16764218749999998 1 0.16835 1 0.162684375
0 0.621875 0.20390625 0.5895312500000001 0.19921875 0.58828125 0.2029296875 0.621875 0.2076171875 0.621875 0.20390625
0 0.592725 0.18184687500000002 0.72715625 0.1959484375 0.7929625 0.20153125 0.7927015625 0.1969546875 0.5936640625 0.176265625 0.592725 0.18184687500000002
0 0.83046875 0.205859375 0.8625 0.20703125 0.86265625 0.2033203125 0.82984375 0.2013671875 0.8300000000000001 0.203515625 0.83046875 0.205859375
0 0.8264374999999999 0.1802765625 0.89140625 0.180859375 0.8915078125000001 0.1749828125 0.77925 0.1737796875 0.7150578125 0.1716125 0.5967890625 0.16559531249999998 0.5963359374999999 0.17065 0.7178375 0.1771484375 0.8264374999999999 0.1802765625
0 0.8908703125 0.16075625 0.7022328124999999 0.15312187500000002 0.59979375 0.1499921875 0.59979375 0.15432656250000001 0.6014437499999999 0.155046875 0.7418140625 0.15986093750000002 0.8910031249999999 0.16587812500000002 0.8908703125 0.16075625
0 0.41925156250000006 0.2492578125 0.4986328125 0.254009375 0.5551984375 0.25787343749999997 0.5554359375 0.25163437499999997 0.41925156250000006 0.2430171875 0.41925156250000006 0.2492578125
0 0.5575 0.2965421875 0.5575 0.290865625 0.5039328125 0.282796875 0.416421875 0.263103125 0.41405156249999997 0.267603125 0.4464546875 0.2757234375 0.5128296875 0.2905484375 0.5575 0.2965421875
0 0.5348640625 0.19285000000000002 0.5521921875 0.195459375 0.5526093750000001 0.1933703125 0.5519828125 0.190240625 0.5367437500000001 0.187109375 0.44417656250000004 0.167303125 0.39832968750000003 0.155271875 0.3974953125 0.1602296875 0.4304796875 0.17066874999999998 0.49937343749999996 0.1858046875 0.5348640625 0.19285000000000002
0 0.38882812499999997 0.3407234375 0.37256093749999997 0.3328203125 0.35211875 0.3172828125 0.328078125 0.29221718750000003 0.2936203125 0.2472546875 0.2696109375 0.2136625 0.26669375 0.220059375 0.29710000000000003 0.2631296875 0.3204453125 0.2942046875 0.33794843750000003 0.3128265625 0.3480296875 0.3221890625 0.3651796875 0.33597343749999997 0.3845140625 0.344825 0.387715625 0.34529375 0.38882812499999997 0.3407234375
0 0.27859375000000003 0.1607421875 0.271875 0.1427734375 0.26703125 0.144140625 0.275625 0.164453125 0.27859375000000003 0.1607421875
0 0.33765625 0.2904296875 0.34710312499999996 0.300821875 0.3479078125 0.2942921875 0.3271828125 0.26637343750000003 0.309475 0.2293984375 0.2905609375 0.18739531250000002 0.28150624999999996 0.1685296875 0.27768281250000004 0.17204999999999998 0.3010234375 0.2233609375 0.3231578125 0.270640625 0.33765625 0.2904296875
0 0.368125 0.234765625 0.31421875 0.2318359375 0.31453125000000004 0.237890625 0.368125 0.241015625 0.368125 0.234765625
0 0.3719546875 0.250796875 0.3218078125 0.248084375 0.321171875 0.2543890625 0.3711875 0.2565453125 0.3719546875 0.250796875
0 0.34974375 0.1535 0.53583125 0.16766875 0.5351234375 0.15999375 0.34738125000000003 0.1455296875 0.3471453125 0.1532046875 0.34974375 0.1535
0 0.3742609375 0.1781359375 0.38504062499999997 0.20231249999999998 0.3993578125 0.2270828125 0.40718750000000004 0.237109375 0.415625 0.237890625 0.40528437500000003 0.22375625000000002 0.3871875 0.1919921875 0.3698234375 0.1551515625 0.364115625 0.1557453125 0.3742609375 0.1781359375
0 0.3478828125 0.1553828125 0.340625 0.1548828125 0.36390625 0.2041015625 0.389421875 0.2365140625 0.39671875 0.234375 0.37234375000000003 0.2037109375 0.3478828125 0.1553828125
0 0.3211453125 0.1968015625 0.35203125 0.2337890625 0.35375 0.2341796875 0.3608765625 0.23430468750000003 0.328125 0.1953125 0.30171875 0.157421875 0.2954265625 0.1588828125 0.3211453125 0.1968015625
1 0.39164801875 0.43923988124999996 0.397105621875 0.43975965156249996 0.3986649375 0.270025690625 0.4054219703125 0.27028557656249996 0.405162084375 0.2765228375 0.41139934531250005 0.276003065625 0.41165923125 0.26716694531249996 0.4150377484375 0.26716694531249996 0.41581740624999997 0.2611895703125 0.3994445953125 0.2611895703125 0.399184709375 0.2515737921875 0.41945580781249997 0.2510540203125 0.41945580781249997 0.234941096875 0.412179003125 0.234941096875 0.41165923125 0.24273767343750002 0.40490219843749997 0.24273767343750002 0.40490219843749997 0.23702018281249998 0.3968457359375 0.23753995468750003 0.3968457359375 0.242997559375 0.37599421093749996 0.243636653125 0.3765746375 0.23650041093750002 0.368258290625 0.23598064062500002 0.3691579515625 0.252371871875 0.390088703125 0.2531331078125 0.3898288171875 0.26222485156249997 0.370077490625 0.2627446234375 0.3703373765625 0.2752191453125 0.37735429531250003 0.2746993734375 0.37761418125 0.26820222656250003 0.38774973125 0.268981884375 0.3869700734375 0.2962699015625 0.39112824687500003 0.29652978750000003 0.3895689328125 0.4389472484375 0.39164801875 0.43923988124999996