1 0.23883125 0.1210859375 0.239665625 0.1041234375 0.199790625 0.10490625 0.189353125 0.11273437500000001 0.17724375 0.11351718749999999 0.1726515625 0.106471875 0.16534374999999998 0.10855937499999999 0.166015625 0.11596718749999999 0.16638906250000002 0.12343437500000001 0.1865234375 0.1245125 0.197265625 0.13305625000000001 0.18914375 0.140134375 0.165553125 0.142484375 0.166015625 0.15502968749999999 0.1689453125 0.1611328125 0.1860125 0.15944687500000002 0.1953125 0.16235312500000001 0.198196875 0.49625624999999995 0.205115625 0.496 0.21022968749999998 0.15996875 0.239665625 0.1563140625 0.2405015625 0.1437890625 0.227140625 0.14300625 0.221503125 0.137265625 0.2158671875 0.1370046875 0.2099609375 0.14404375 0.208984375 0.13305625000000001 0.2197265625 0.1220703125 0.23883125 0.1210859375
1 0.305 0.3150390625 0.302734375 0.3210453125 0.29093749999999996 0.3228515625 0.29140625 0.3263671875 0.29171874999999997 0.33046875 0.3021875 0.3306640625 0.3021875 0.3380859375 0.2921875 0.33828125 0.29109375000000004 0.34453125 0.29125 0.345703125 0.3040625 0.3470703125 0.305 0.353125 0.3046875 0.4699703125 0.310546875 0.4724125 0.310546875 0.3332515625 0.32156250000000003 0.328125 0.32296874999999997 0.3216796875 0.31140625 0.3208984375 0.31062500000000004 0.3138671875 0.322265625 0.3112796875 0.32265625 0.305078125 0.2880859375 0.3076171875 0.28886406249999996 0.311925 0.305 0.3150390625
1 0.3359375 0.3405765625 0.33578125000000003 0.3375 0.3115234375 0.3369140625 0.310546875 0.3430171875 0.3193359375 0.34423906249999997 0.32078125 0.3578125 0.326171875 0.357665625 0.326171875 0.345459375 0.3359375 0.3405765625
0 0.1577640625 0 0.170575 0.030340625 0.20630781250000002 0.10871718749999999 0.2143984375 0.10703125 0.1665296875 0 0.1577640625 0
0 0.1349515625 0 0.13349375000000002 0.003371875 0.1523703125 0.0387671875 0.1955203125 0.11124375 0.20091406250000002 0.1078734375 0.178665625 0.0691046875 0.14023593750000002 0 0.1349515625 0
0 0.0957375 0 0.13205625000000001 0.05653125 0.1669265625 0.111834375 0.1711546875 0.10781875 0.13343750000000001 0.041796875 0.1109375 0 0.1075 0 0.11296874999999999 0.0173828125 0.10015624999999999 0 0.0957375 0
0 0.1917203125 0.1363140625 0.18186093750000001 0.1255703125 0.17501093750000002 0.1262015625 0.1912984375 0.14326875 0.1917203125 0.1363140625
0 0.075625 0 0.12593749999999998 0.0748046875 0.16421875 0.1244140625 0.16625 0.1169921875 0.1395609375 0.0817484375 0.10824062500000001 0.035515625 0.0890625 0.0080078125 0.0840625 0 0.075625 0
0 0.05796875 0 0.056406250000000005 0.000390625 0.09984375 0.0626953125 0.14212031249999998 0.11828749999999999 0.14440625 0.121584375 0.1509375 0.129296875 0.16578125 0.14609375 0.16703125000000002 0.1443359375 0.168125 0.1400390625 0.16312500000000002 0.1341796875 0.0934578125 0.04346875 0.06343750000000001 0 0.05796875 0
0 0.0242046875 0 0.0662765625 0.066275 0.10140625 0.1173828125 0.1187203125 0.13975625 0.15890625 0.1869140625 0.18734375 0.208984375 0.19479531249999998 0.21251562499999999 0.19468749999999999 0.2060546875 0.1936421875 0.2045921875 0.16828125 0.1849609375 0.1384140625 0.152140625 0.10390625 0.1083984375 0.068125 0.055078125 0.0484109375 0.0237734375 0.032850000000000004 0 0.0242046875 0
0 0 0.024609375 0.0651234375 0.10661875000000001 0.1757765625 0.23845156250000002 0.19479531249999998 0.255740625 0.19671875 0.248828125 0.16578125 0.2109375 0.0173125 0.019739062499999998 0.00288125 0 0 0.0043921875 0.013507812499999999 0.0225921875 0.10203124999999999 0.141796875 0 0.017937500000000002 0 0.024609375
0 0 0.0475921875 0.021718750000000002 0.0763671875 0.060512500000000004 0.121746875 0.15171874999999999 0.2263671875 0.18890625 0.26640625 0.193125 0.2595703125 0.1678125 0.23203125 0.08203125 0.13359375 0.028437499999999998 0.0716796875 0.016712499999999998 0.0569125 0 0.0374609375 0 0.04610625 0 0.0475921875
0 0.08609375 0.17285 0.03125 0.1089828125 0.0004203125 0.068765625 0 0.07949062500000001 0.01921875 0.10468593749999999 0.022343750000000002 0.10820156249999999 0.07015468750000001 0.16745937500000002 0.10443125 0.20631093749999999 0.113246875 0.20475781249999997 0.08609375 0.17285
0 0.093125 0.21015625 0.03078125 0.140625 0.02996875 0.152003125 0.075625 0.2029296875 0.08703125 0.2154296875 0.093125 0.21015625
0 0 0.112109375 0.0044937499999999995 0.1193046875 0.01095 0.11958593749999999 0.00015625 0.1048828125 0 0.112109375
0 0.24890625000000002 0.1974609375 0.22828125 0.1552734375 0.22203124999999999 0.1576171875 0.2534375 0.2228515625 0.259375 0.219140625 0.24890625000000002 0.1974609375
0 0.2104984375 0.18601718750000001 0.23484375000000002 0.22890625 0.2403125 0.2236328125 0.21375000000000002 0.1802734375 0.2104984375 0.18601718750000001
0 0.23421875 0.2755859375 0.2277359375 0.2611296875 0.21240781250000002 0.23047187500000002 0.2071875 0.233984375 0.22531249999999997 0.275390625 0.228125 0.28046875 0.23474218750000003 0.29014375000000003 0.24393906250000003 0.3005453125 0.24744375000000002 0.2956171875 0.23421875 0.2755859375
0 0.19365625 0.17742968750000002 0.1737796875 0.1629171875 0.17184531249999999 0.1701734375 0.193171875 0.1886875 0.19365625 0.17742968750000002
0 0.5293796875 0.3110625 0.5298390625 0.30474843749999997 0.46218750000000003 0.295703125 0.3939359375 0.2823671875 0.3227703125 0.2622796875 0.282825 0.2473578125 0.27328125000000003 0.243359375 0.272725 0.251375 0.277315625 0.2536703125 0.31175 0.266871875 0.3507765625 0.278921875 0.389803125 0.290975 0.426075 0.296140625 0.4578125 0.302734375 0.507340625 0.30876562500000004 0.5293796875 0.3110625
0 0.636628125 0.327371875 0.6782812500000001 0.327734375 0.68234375 0.3275390625 0.68203125 0.3212890625 0.636628125 0.3207671875 0.636628125 0.327371875
0 0.516646875 0.3531640625 0.48930468749999995 0.3452375 0.48772031250000003 0.35266875 0.5170312499999999 0.3599609375 0.516646875 0.3531640625
0 0.49124999999999996 0.31796875 0.47907500000000003 0.3163140625 0.48046875 0.32265625 0.4830375 0.32275468749999997 0.4921875 0.3240234375 0.495625 0.32421875 0.50296875 0.3240234375 0.51234375 0.32421875 0.5181250000000001 0.32421875 0.52625 0.324609375 0.529375 0.3244140625 0.5278140625 0.31978125 0.506875 0.3185546875 0.49124999999999996 0.31796875
0 0.3935671875 0.3120390625 0.37610156250000004 0.30413437499999996 0.28953125 0.263671875 0.28953125 0.2666015625 0.28907812499999996 0.2691296875 0.29931562500000003 0.275528125 0.3372578125 0.29359375 0.3715625 0.308203125 0.38421875 0.3125 0.39375 0.3150390625 0.39687968749999997 0.31392031249999997 0.39640624999999996 0.313671875 0.3935671875 0.3120390625
0 0.23796875 0.2615234375 0.24046875 0.259765625 0.22749999999999998 0.2408203125 0.21640625 0.22421875 0.21125 0.2259765625 0.2365625 0.262109375 0.23671875 0.262109375 0.23796875 0.2615234375
1 0.2896875 0.2591796875 0.2724609375 0.2587890625 0.267578125 0.24292031249999999 0.2724609375 0.234375 0.289375 0.2322265625 0.2880859375 0.224609375 0.24046875 0.22421875 0.2403125 0.233984375 0.259765625 0.23803749999999999 0.259765625 0.25756875 0.24015625 0.26015625 0.24 0.2701171875 0.26171875 0.2746578125 0.26171875 0.474853125 0.267578125 0.4797359375 0.26953125 0.325928125 0.27480000000000004 0.3215296875 0.29093749999999996 0.3138671875 0.2846875 0.3095703125 0.2822265625 0.31005937499999997 0.26953125 0.3161625 0.267578125 0.2746578125 0.2724609375 0.2685546875 0.28984375 0.2677734375 0.2896875 0.2591796875
0 0.27 0.28984375 0.26921875 0.2955078125 0.3390625 0.30703125 0.3740625 0.311328125 0.36609375 0.3060546875 0.31328125 0.2970703125 0.27 0.28984375
0 0.18772968750000002 0 0.21952500000000003 0.0799125 0.2311953125 0.10570312500000001 0.2355921875 0.1029546875 0.22172343749999998 0.068071875 0.1960171875 0 0.18772968750000002 0
0 0.25801875 0.157821875 0.2416875 0.11974218750000001 0.23581406249999998 0.122953125 0.2517796875 0.1619515625 0.26953125 0.2 0.28109375000000003 0.2244140625 0.28703124999999996 0.222265625 0.25801875 0.157821875
0 0.28609375 0.232421875 0.29031250000000003 0.25 0.29640625 0.2509765625 0.29093749999999996 0.2318359375 0.28609375 0.232421875
0 0.20953125 0.2140625 0.2090625 0.2203125 0.209375 0.220703125 0.23796875 0.2373046875 0.24015625 0.23828125 0.23953125000000003 0.23046875 0.20953125 0.2140625
0 0.25906250000000003 0.2552734375 0.2459375 0.234375 0.23921874999999998 0.2345703125 0.254375 0.2587890625 0.25906250000000003 0.2552734375
0 0.63078125 0.3064453125 0.578125 0.3068359375 0.5790625 0.311328125 0.6309375 0.311328125 0.63078125 0.3064453125
0 0.63015625 0.321875 0.6071875 0.3220703125 0.6078125 0.32734375 0.63015625 0.32734375 0.63015625 0.321875
0 0.68671875 0.3025390625 0.63671875 0.3048828125 0.6370312499999999 0.3111328125 0.6871875000000001 0.308984375 0.68671875 0.3025390625