1 0.8388843749999999 0 0.83984375 0.015625 0.8006109374999999 0.0188765625 0.8013921875 0.028314062499999997 0.83828125 0.02734375 0.8409203125 0.0467671875 0.861709375 0.4139125 0.86875 0.4130859375 0.878690625 0.41021718749999997 0.8753546875 0.35500937499999996 0.8628453125 0.11825937500000001 0.8580703125 0.028712500000000002 0.8955703125 0.0283015625 0.8959171874999999 0.0142578125 0.8930390625 0.014645312499999999 0.8836656250000001 0.015621874999999999 0.868825 0.016273437499999998 0.8555468749999999 0.017248437499999998 0.85390625 0 0.8388843749999999 0
1 0.633434375 0.1647796875 0.6332203125 0.1500671875 0.61524375 0.15167187499999998 0.6178125 0.1610328125 0.626371875 0.1613015625 0.626371875 0.18029375 0.61695625 0.180828125 0.6171703125 0.188853125 0.6274421875 0.1872484375 0.6291546875 0.2509125 0.6279921875000001 0.259059375 0.61671875 0.259375 0.61796875 0.2962890625 0.631875 0.300390625 0.6360625 0.45270312500000004 0.642571875 0.4543296875 0.6392187500000001 0.3 0.650625 0.29609375 0.6515625 0.2666015625 0.64765625 0.2578125 0.6390625 0.2587890625 0.6345046875 0.1805609375 0.6340765625 0.1733375 0.6413515624999999 0.1714671875 0.6415656249999999 0.16665000000000002 0.633434375 0.1647796875
1 0.5855406249999999 0.2987953125 0.5741078125 0.2990140625 0.574459375 0.306490625 0.5790328125 0.3075890625 0.579384375 0.316825 0.5748109375 0.3185828125 0.574459375 0.32539843749999997 0.580790625 0.325178125 0.5805765625 0.3640640625 0.5743703124999999 0.3656703125 0.575 0.3798828125 0.5747984374999999 0.39241875 0.582503125 0.3934890625 0.58485625 0.45421093749999997 0.59020625 0.4528734375 0.589778125 0.394290625 0.5966265625 0.38920937499999997 0.5949140625 0.3635296875 0.587475 0.3649734375 0.58606875 0.3357328125 0.58606875 0.31594375 0.592225 0.31462500000000004 0.5913453125 0.30846874999999996 0.5853640625 0.30846874999999996 0.5855406249999999 0.2987953125
1 0.5608140625 0.43173593749999994 0.5585093750000001 0.36303125 0.56400625 0.3621453125 0.56400625 0.3588203125 0.5586875 0.3588203125 0.5576234375 0.351284375 0.54964375 0.351728125 0.549290625 0.3577125 0.5539 0.35815625 0.5562046875 0.43107187500000005 0.5608140625 0.43173593749999994
1 0.5520609375000001 0.362 0.5507593749999999 0.33458125 0.5433250000000001 0.33458125 0.543696875 0.3489875 0.5476 0.3524734375 0.550015625 0.4170671875 0.5535484375 0.41636875 0.5520609375000001 0.362
0 0.88195 0.14015 0.8642109375 0.1404328125 0.8642109375 0.1449828125 0.881721875 0.1449828125 0.88195 0.14015
0 0.8651203125 0.1321890625 0.9017359375 0.09921250000000001 0.952678125 0.0500328125 0.9488125000000001 0.045484375 0.86375625 0.1253671875 0.8651203125 0.1321890625
0 0.997709375 0.0006484374999999999 0.96228125 0.033484375 0.9648734375 0.0393171875 1 0.0045375 0.997709375 0.0006484374999999999
0 0.8814 0.0386703125 0.882090625 0.029164062499999997 0.8770796875 0.028946875 0.8760421875000001 0.038453125 0.8743140625000001 0.0423421875 0.8736218750000001 0.043853125 0.8722406250000001 0.0462296875 0.8667093749999999 0.0481734375 0.8594515625 0.0481734375 0.859796875 0.0550875 0.88381875 0.053790625 0.887621875 0.0486078125 0.8933249999999999 0.042125 0.8943609374999999 0.029381249999999998 0.88935 0.029381249999999998 0.8874484375 0.03715625 0.8839921875 0.0423421875 0.881053125 0.0457984375 0.879671875 0.046446875 0.8814 0.0386703125
0 0.8388843749999999 0.0403984375 0.836465625 0.0358609375 0.7980984375 0.1019671875 0.7647437499999999 0.1548921875 0.7699281250000001 0.1564046875 0.7953328125 0.1192484375 0.819528125 0.07949843749999999 0.8400953124999999 0.0427734375 0.8388843749999999 0.0403984375
0 0.79256875 0.09526875 0.82920625 0.0311078125 0.8226390625000001 0.0283015625 0.7493624999999999 0.15402968749999998 0.7542015625 0.1572703125 0.79256875 0.09526875
0 0.805821875 0 0.7871578125 0.0376875 0.748271875 0.110490625 0.7650359375 0.07808593750000001 0.8020203125 0.0003375 0.7945890624999999 0 0.7736765625 0.043321874999999996 0.724421875 0.14453125 0.7005734375 0.1886015625 0.6711921875 0.2341828125 0.649071875 0.25989062500000004 0.6528734375 0.26377968749999997 0.6727484375 0.244553125 0.6981531249999999 0.21776562500000002 0.731215625 0.1734703125 0.7645703125 0.11665624999999999 0.8134796874999999 0.0298125 0.8065140625 0.0295953125 0.7933796875 0.051846875 0.7343265625 0.15338125 0.71578125 0.18386249999999998 0.6871453125 0.22035 0.7111156249999999 0.185540625 0.74758125 0.127115625 0.7923421875 0.037809375 0.803975 0.0160859375 0.812615625 0 0.805821875 0
0 0.821775 0 0.8133078125000001 0.01576875 0.81935625 0.017065625 0.8288609375 0 0.821775 0
0 0.65154375 0.2899125 0.6639875 0.28235 0.6790234374999999 0.2719796875 0.7006265625 0.2501625 0.7075390625 0.24044062500000002 0.7037375 0.2384953125 0.6868000000000001 0.25599375 0.672975 0.268740625 0.6624328125 0.27586875 0.650334375 0.28364687499999997 0.65154375 0.2899125
0 0.6569015625 0.26593125 0.6505078125 0.26830937499999996 0.6505078125 0.27370937500000003 0.658803125 0.271765625 0.6703828125 0.2629078125 0.6914671875 0.242384375 0.7120328125000001 0.2173265625 0.7308703125 0.190753125 0.7262046875 0.1881625 0.7040828125 0.21783125 0.67435625 0.2503796875 0.6593218750000001 0.2631234375 0.6569015625 0.26593125
0 0.7785703125000001 0 0.76370625 0.033546875 0.7405484375 0.0808578125 0.7187718750000001 0.12540625 0.688528125 0.1842359375 0.673146875 0.2090796875 0.65258125 0.238459375 0.64463125 0.2490453125 0.639965625 0.2557421875 0.641865625 0.2570375 0.6437671875000001 0.2581171875 0.655865625 0.2432109375 0.6728015625 0.2196640625 0.6909484375 0.19244531250000002 0.7063296875 0.16328125 0.732771875 0.110365625 0.763534375 0.0478046875 0.7792609374999999 0.013671875 0.7847906250000001 0 0.7785703125000001 0
0 0.76370625 0 0.746078125 0.039146875 0.705984375 0.1252046875 0.6738390625 0.18653124999999998 0.6501625 0.22474375000000002 0.63771875 0.2411625 0.638409375 0.2503421875 0.6524078125 0.2313296875 0.6665796875 0.2114546875 0.6928484375 0.1660890625 0.7255125 0.10142500000000002 0.7412390624999999 0.0681578125 0.7702734375 0 0.76370625 0
0 0.707884375 0 0.690775 0.046024999999999996 0.66156875 0.11688281250000002 0.637890625 0.16063906249999998 0.6363359375 0.163015625 0.641865625 0.1697984375 0.6539640624999999 0.1572703125 0.6700359375 0.13717812499999998 0.6918124999999999 0.10153281249999999 0.7217109374999999 0.036528125 0.7374375 0.0000203125 0.7303515625 0 0.720328125 0.024215624999999998 0.7040828125 0.0605078125 0.6852453125 0.099175 0.6648515625 0.1335625 0.6480875 0.156678125 0.6565562500000001 0.1419890625 0.673146875 0.10742343750000001 0.700971875 0.038896875 0.7165265625 0 0.707884375 0
0 0.6916390625 0 0.6698640625000001 0.0595296875 0.6536187499999999 0.09560625 0.6410015625 0.120234375 0.6223375 0.15026250000000002 0.62976875 0.15026250000000002 0.6368546875 0.13989218750000001 0.6477421875 0.1215296875 0.6608765625 0.094525 0.6719375000000001 0.0697765625 0.6876640625 0.028515625 0.6975156250000001 0 0.6916390625 0
0 0.6021062500000001 0.23560781249999999 0.5936484375 0.26656875 0.5868015625 0.2851953125 0.5809624999999999 0.29752968750000003 0.5866 0.2990390625 0.5962671875 0.276384375 0.6021062500000001 0.2539828125 0.6077453125 0.23233437499999998 0.6141890625 0.1965890625 0.619425 0.16135 0.6160015624999999 0.158834375 0.6087515625 0.20363906250000002 0.6021062500000001 0.23560781249999999
0 0.6019046875 0.278903125 0.6065359375 0.2632953125 0.61116875 0.24265468750000002 0.6147921875 0.22830625000000002 0.6184171875 0.2069125 0.6212375 0.188534375 0.6166046875 0.18803281249999998 0.61298125 0.2096796875 0.6063359375 0.241396875 0.5944546875000001 0.2859484375 0.5870031250000001 0.3065921875 0.587809375 0.30734531249999997 0.5920375 0.3068421875 0.5958640625 0.2972765625 0.6019046875 0.278903125
0 0.59284375 0.312884375 0.5994890625 0.3068421875 0.6056250000000001 0.297265625 0.6141890625 0.276384375 0.6178140625 0.2637984375 0.6135843750000001 0.2632953125 0.607140625 0.281671875 0.6011 0.2950125 0.597475 0.3030671875 0.5922390625 0.3081015625 0.59284375 0.312884375
0 0.6147921875 0.2582609375 0.6198265625 0.258009375 0.6246875000000001 0.24296875 0.6286875000000001 0.22453125 0.626471875 0.22000000000000003 0.62043125 0.2411453125 0.6147921875 0.2582609375
0 0.5984234374999999 0.3415546875 0.616253125 0.2826921875 0.6129578125 0.2807546875 0.5951296875 0.3405859375 0.5984234374999999 0.3415546875
0 0.6026875 0.3425234375 0.617996875 0.292865625 0.618578125 0.28826406250000003 0.615671875 0.2865671875 0.59861875 0.3413125 0.6026875 0.3425234375
0 0.617803125 0.2965 0.60365625 0.3430078125 0.6067578124999999 0.34397812499999997 0.620903125 0.2977109375 0.617803125 0.2965
0 0.5971703125000001 0.384790625 0.60453125 0.3826671875 0.611703125 0.3753546875 0.6169875 0.36403125 0.618309375 0.3595484375 0.6149125 0.358603125 0.61 0.369140625 0.6066078125 0.3744125 0.60234375 0.3787109375 0.5965625 0.3810546875 0.5971703125000001 0.384790625
0 0.5959375 0.378125 0.60234375 0.37421875 0.6059375 0.3712890625 0.60984375 0.3658203125 0.6128125 0.3591796875 0.609375 0.35859375 0.60546875 0.3646484375 0.6001562500000001 0.3701171875 0.5971875 0.372265625 0.5953125 0.3736328125 0.5959375 0.378125
0 0.6245093749999999 0.2978921875 0.6078421875 0.34266406250000003 0.6138703125 0.3442171875 0.6282328125000001 0.3012171875 0.6245093749999999 0.2978921875