1 0.8127509875 0.167290865625 0.84046875 0.1640625 0.8423437500000001 0.15625 0.835625 0.155859375 0.8330078125 0.155859375 0.8125 0.15463906249999998 0.8125 0.09604531250000001 0.8138905718749999 0.082050015625 0.8300000000000001 0.0806640625 0.8300000000000001 0.073046875 0.821639740625 0.0724775140625 0.8141184890625001 0.07338918125 0.8135937500000001 0.0470703125 0.83078125 0.04765625 0.8304171874999999 0.039240625 0.8279687499999999 0.039453125 0.819375 0.0384765625 0.81328125 0.0388671875 0.8127509875 0.029173339062499998 0.8132068218749999 0.017321670312500002 0.830078125 0.015478125 0.8291015625 0.009375 0.8290625 0.007421875 0.8145312499999999 0.0072265625 0.8120312500000001 0.0046875 0.8045312499999999 0.0046875 0.8046875 0.013037499999999999 0.8004434859374999 0.15521127968749998 0.7775000000000001 0.15625 0.77734375 0.16328125 0.7982812499999999 0.1658203125 0.7990759859375001 0.1925896203125 0.77719598125 0.1941850375 0.7776518140625 0.2030737890625 0.7986201515625 0.205580871875 0.7986201515625 0.2188000421875 0.79884806875 0.23133546093750001 0.7881359828125001 0.23179129375000002 0.77671875 0.2322265625 0.7734375 0.25961875 0.77734375 0.2815921875 0.798828125 0.29868125 0.798828125 0.45493125 0.806640625 0.4573734375 0.810546875 0.29868125 0.8310546875 0.2852546875 0.837890625 0.269384375 0.8384375000000001 0.2345703125 0.8129687499999999 0.2322265625 0.813125 0.20546875 0.8418749999999999 0.2021484375 0.84109375 0.19453125 0.8127509875 0.194412953125 0.8127509875 0.167290865625
1 0.744140625 0.17700156250000001 0.7581515624999999 0.17075 0.75935 0.1668984375 0.7579796875 0.1617640625 0.7529296875 0.163575 0.7255859375 0.166015625 0.7126171875 0.165615625 0.7175812500000001 0.2321625 0.716796875 0.2648921875 0.7265625 0.3112796875 0.736328125 0.325928125 0.73828125 0.3479 0.748565625 0.3492046875 0.74609375 0.25756875 0.7614516265625 0.25092395624999997 0.7602046875 0.24392968750000002 0.7470703125 0.24658281249999997 0.74593326875 0.233827459375 0.74593326875 0.2159418953125 0.7685532484375 0.2122595734375 0.7680796875 0.20413125000000001 0.744140625 0.20385781249999999 0.744140625 0.17700156250000001
0 0.9635281250000001 0 0.8975421875 0.06919062499999999 0.8598437499999999 0.1044921875 0.8114062499999999 0.1419921875 0.8129687499999999 0.1494140625 0.83203125 0.13549843749999999 0.8359343750000001 0.1329125 0.8679890625000001 0.107696875 0.9050484375 0.07388281249999999 0.971971875 0 0.9635281250000001 0
0 0.89484375 0 0.86533125 0.0355734375 0.82890625 0.0701171875 0.8292296875 0.0735390625 0.83203125 0.0769046875 0.8708031249999999 0.041828125 0.8837828125 0.0256046875 0.9 0.0060546875 0.904421875 0 0.89484375 0
0 0.86484375 0 0.8528125 0.012109375 0.8364062499999999 0.029296875 0.829765625 0.0354 0.833671875 0.0402828125 0.8735937500000001 0 0.86484375 0
0 1 0.14038124999999999 0.96692826875 0.1641536734375 0.9169921875 0.1977546875 0.89234375 0.2109375 0.8826562499999999 0.2154296875 0.84140625 0.233203125 0.8423437500000001 0.240234375 0.9 0.2158203125 0.9209375 0.2048828125 0.96546875 0.173828125 1 0.1478515625 1 0.14038124999999999
0 1 0.016796875 0.9534375 0.0658203125 0.9074859375000001 0.1093375 0.8887875 0.126265625 0.8715859375000001 0.1403375 0.8501562500000001 0.157421875 0.8115625 0.1845703125 0.81578125 0.1892578125 0.8692187499999999 0.153515625 0.91734375 0.12265625 0.9315625000000001 0.11328125 0.9365625 0.1095703125 0.95796875 0.0919921875 0.9946468749999999 0.061568750000000005 1 0.056640625 1 0.0509765625 1 0.0482421875 0.9615625 0.0798828125 0.9298437500000001 0.1046875 0.905 0.123046875 0.9081250000000001 0.119921875 0.95078125 0.0791015625 0.97421875 0.0552734375 1 0.025390625 1 0.016796875
0 0.91046875 0.1609375 0.9689062500000001 0.107421875 1 0.0761625 0.9996875 0.0662109375 0.91703125 0.14609375 0.8996875 0.1625 0.8682812500000001 0.185546875 0.8110414 0.22275080625000002 0.8119201015625 0.2286820421875 0.83155625 0.21871718750000002 0.8661125000000001 0.1981953125 0.8844078124999999 0.1856859375 0.9099999999999999 0.1724609375 0.9595312500000001 0.137890625 1 0.106640625 0.9996875 0.0970703125 0.97578125 0.1166015625 0.90984375 0.1646484375 0.903125 0.1681640625 0.91046875 0.1609375
0 0.9058441609375001 0.25065003125 0.83953125 0.2495185296875 0.8390625 0.25674509218749997 0.9058078125 0.2578919671875 0.9058441609375001 0.25065003125
0 0.81328125 0.1291015625 0.8290625 0.083984375 0.8265171875 0.08243906250000001 0.8234375 0.0810546875 0.8126359375 0.11492187499999999 0.81328125 0.1291015625
0 0.78078125 0.1650390625 0.75586875 0.20207812500000003 0.7595703125 0.20670625 0.7854859375000001 0.1696859375 0.78078125 0.1650390625
0 0.7805500000000001 0.20439218750000002 0.7581249999999999 0.2412109375 0.7620390625 0.24604374999999998 0.7824 0.21287656250000003 0.7805500000000001 0.20439218750000002
1 0.4804921875 0.34181093749999997 0.48015625 0.35046875 0.48859375 0.3509375 0.48828125 0.4209203125 0.486328125 0.42336093750000003 0.486328125 0.43312656250000003 0.4892578125 0.43678906250000005 0.4921875 0.43556875 0.494140625 0.43312656250000003 0.494140625 0.3720921875 0.49609375 0.36965 0.4965625 0.35140625000000003 0.50328125 0.34968750000000004 0.50296875 0.34734375 0.501953125 0.3427953125 0.495446875 0.33224062499999996 0.48672343749999997 0.331796875 0.4871875 0.3415625 0.4804921875 0.34181093749999997
0 0.8351124999999999 0 0.8290531250000001 0.0101640625 0.83125 0.0158203125 0.8417203125 0.0005859375 0.8351124999999999 0
0 0.5296875 0.361875 0.5549999999999999 0.3623046875 0.5546875 0.358203125 0.51359375 0.3580078125 0.51328125 0.361875 0.5296875 0.361875
0 0.7727015625 0.15063593749999998 0.7918734374999999 0.1151171875 0.8021437499999999 0.0896546875 0.7996875 0.0794921875 0.7887921875 0.1086984375 0.78125 0.1224609375 0.775625 0.132421875 0.7574671875 0.160265625 0.7612328125000001 0.1658296875 0.7727015625 0.15063593749999998
0 0.7913593750000001 0.1544890625 0.8015625 0.13046875 0.7987203125 0.12175 0.7848546875 0.152990625 0.7913593750000001 0.1544890625
0 0.9425000000000001 0.180078125 0.90109375 0.17734375 0.8926562499999999 0.183203125 0.9346875000000001 0.1859375 0.9425000000000001 0.180078125
0 0.8807812500000001 0.1751953125 0.84109375 0.1720703125 0.83625 0.177734375 0.8751562500000001 0.180859375 0.8807812500000001 0.1751953125
0 1 0.1830078125 0.9546875 0.1818359375 0.94859375 0.1880859375 1 0.1888671875 1 0.1830078125
0 0.8817187499999999 0.2134765625 0.8451562499999999 0.2111328125 0.8371875 0.216796875 0.8740625 0.219140625 0.8817187499999999 0.2134765625
0 0.9434374999999999 0.2166015625 0.8943749999999999 0.215625 0.88734375 0.221484375 0.9432812500000001 0.2228515625 0.9434374999999999 0.2166015625
0 0.76125 0.2556640625 0.75890625 0.259765625 0.75546875 0.26015625 0.7542187499999999 0.26015625 0.7540625000000001 0.2556640625 0.7490625 0.25859375 0.74953125 0.2640625 0.75125 0.2658203125 0.755625 0.2658203125 0.75984375 0.2658203125 0.76296875 0.2634765625 0.76515625 0.2603515625 0.77078125 0.2525390625 0.77171875 0.25078125 0.7665625 0.2498046875 0.76125 0.2556640625
0 0.8265625 0.046875 0.81671875 0.06953125 0.8215625 0.0712890625 0.83109375 0.0486328125 0.8265625 0.046875
0 0.8223437499999999 0.03984375 0.83125 0.016015625 0.8296875 0.0158203125 0.8260937500000001 0.015234375 0.8171875 0.0380859375 0.8223437499999999 0.03984375