0 0.28160625 0 0.273721875 0.0770890625 0.2804796875 0.0763875 0.2861328125 0 0.28160625 0
0 0.2497859375 0 0.2458421875 0.08166562499999999 0.25372812499999997 0.07885 0.2568359375 0 0.2497859375 0
0 0.2216796875 0 0.223053125 0.077928125 0.228515625 0.0769046875 0.2275390625 0 0.2216796875 0
0 0.2119140625 0 0.21739999999999998 0.0760328125 0.2230328125 0.07532968749999999 0.21824531249999998 0 0.2119140625 0
0 0.19290000000000002 0.0010562500000000001 0.2055734375 0.12989062499999998 0.2114859375 0.1260203125 0.19937812500000002 0 0.19290000000000002 0.0010562500000000001
0 0.1596703125 0 0.1909296875 0.17424375 0.19559375 0.16967812499999999 0.164740625 0 0.1596703125 0
1 0.21875 0.23315468749999999 0.23301875 0.2345203125 0.2325734375 0.25455 0.23828125 0.25756875 0.240234375 0.23315468749999999 0.2501546875 0.2328515625 0.2506 0.22394843749999999 0.240234375 0.22338906249999999 0.240040625 0.19684531249999998 0.2408078125 0.191678125 0.23524375000000003 0.191678125 0.234375 0.22338906249999999 0.2205546875 0.2272875 0.21875 0.23315468749999999
0 0.45285156249999997 0.24707343750000002 0.3915359375 0.22678125 0.391715625 0.23478906249999998 0.451275 0.2535765625 0.45285156249999997 0.24707343750000002
0 0.39213125 0.335803125 0.3557828125 0.336103125 0.31967500000000004 0.33700625 0.321840625 0.3433234375 0.3983890625 0.34151875 0.473253125 0.32737656249999997 0.5257296874999999 0.31353437500000003 0.5413734375 0.3055640625 0.53704375 0.3015 0.5197109375 0.3084203125 0.47710468749999996 0.31985625 0.45327343750000004 0.325571875 0.42149843750000004 0.33068749999999997 0.39213125 0.335803125
0 0.286634375 0.325884375 0.2940421875 0.32536875 0.3502453125 0.32522656250000004 0.4547171875 0.31589999999999996 0.507675 0.3056703125 0.505028125 0.30085625 0.47758593749999995 0.3050671875 0.43618281249999996 0.3119890625 0.3509671875 0.3189078125 0.2866953125 0.3201109375 0.286634375 0.325884375
0 0.7516640625 0.1462109375 0.7169734375 0.17695624999999998 0.67535 0.2135484375 0.6449328125 0.2349890625 0.6476765624999999 0.2392765625 0.648253125 0.23850625 0.68496875 0.213675 0.7719453125 0.1380625 0.8483609375000001 0.06500937500000001 0.910684375 0.0003765625 0.901515625 0 0.8888390625 0.014178125 0.8571140625 0.0451421875 0.831834375 0.0703484375 0.7604265625 0.137790625 0.7516640625 0.1462109375
0 0.8599109374999999 0.0443109375 0.839784375 0.0368765625 0.8324671875 0.042309374999999996 0.85465 0.04945625 0.8599109374999999 0.0443109375
0 0.7971578125 0.0824953125 0.87411875 0.0002375 0.863296875 0.0002375 0.8229859375 0.0452734375 0.7527421875 0.1209609375 0.752621875 0.12445781250000001 0.7555015625 0.12861562499999998 0.786509375 0.0949828125 0.7971578125 0.0824953125
0 0.4726390625 0.243221875 0.3811734375 0.209784375 0.381390625 0.216796875 0.47069687499999996 0.248884375 0.4726390625 0.243221875
0 0.4955046875 0.2459171875 0.3820375 0.20007812500000002 0.3794484375 0.20520156250000002 0.4955046875 0.25158125 0.4955046875 0.2459171875