1 0.9028124999999999 0 0.8989062499999999 0.0087890625 0.8934374999999999 0.01015625 0.89140625 0.025390625 0.9090624999999999 0.030078125 0.9284375 0.02734375 0.9328078124999999 0.5305640625 0.946875 0.5283203125 0.9486015625 0.34116562500000003 0.9442187499999999 0 0.9249078125000001 0 0.9028124999999999 0
1 0.5775375 0.09736875 0.5953421875 0.0893015625 0.5942296875 0.06927187500000001 0.55083125 0.06982812499999999 0.5510531249999999 0.0884671875 0.56440625 0.0951421875 0.5673 0.098203125 0.5714046875000001 0.45726875 0.578125 0.4560546875 0.5775375 0.09736875
1 0.509540625 0.29975625 0.509375 0.4482421875 0.515625 0.4521484375 0.5152421875 0.3015375 0.509540625 0.29975625
1 0.4945015625 0.3129359375 0.49296875 0.306640625 0.4623984375 0.3069515625 0.46211718749999997 0.31434375000000003 0.475 0.3173828125 0.478125 0.4482421875 0.484375 0.4501953125 0.4859375 0.3173828125 0.4945015625 0.3129359375
0 0.5536625 0.0273109375 0.7518828125 0.0205546875 0.7557109375 0.014640624999999999 0.43495625000000004 0.02336875 0.00045 0.0504 0 0.0585640625 0.1234375 0.0517578125 0.4468953125 0.0323796875 0.5536625 0.0273109375
0 0 0.140646875 0.5264078125 0.0867203125 0.550284375 0.0841875 0.551184375 0.0768671875 0.5424 0.0774296875 0.0639109375 0.1269328125 0 0.13208124999999998 0 0.140646875
0 0 0.1813265625 0.37841874999999997 0.1427515625 0.550734375 0.12135312499999999 0.5685296875 0.1199453125 0.5671781250000001 0.1109359375 0.39283437499999996 0.1292359375 0 0.17485 0 0.1813265625
0 0.5370046875 0.1947109375 0.5678546875 0.1591765625 0.5655015624999999 0.1494625 0.561671875 0.154303125 0.52795625 0.19350625 0.5370046875 0.1947109375
0 0.8067890625 0 0.75078125 0.064453125 0.7332984375 0.08375 0.742571875 0.0889671875 0.8169906250000001 0 0.8067890625 0
0 1 0.071790625 0.9437765625000001 0.0621015625 0.943953125 0.06870937499999999 0.9999765625 0.0797203125 1 0.071790625
0 1 0.0427234375 0.9421921875000001 0.035234375 0.9432484375 0.046024999999999996 1 0.057257812500000005 1 0.0508703125 0.9881734375000001 0.0502109375 0.987996875 0.04756875 1 0.048889062500000004 1 0.0427234375
0 0.9998015625000001 0.017396875 0.9437765625000001 0.0110125 0.9441296875 0.0167359375 1 0.0235640625 0.9998015625000001 0.017396875
0 0.9730421874999999 0.05243125 0.9617640625 0.0638078125 0.9665125 0.0650453125 0.9781859374999999 0.053914062500000005 0.9732406250000001 0.052184375000000005 0.9730421874999999 0.05243125
0 0.537396875 0.12218437499999998 0.5105640625000001 0.1886640625 0.5160671875 0.190521875 0.526628125 0.166446875 0.5440234375 0.12321875 0.537396875 0.12218437499999998
0 0.134890625 0.09336875 0.135871875 0.100975 0.242 0.092946875 0.40856562500000004 0.07985 0.54929375 0.0701328125 0.6957828125 0.06252656250000001 0.7157250000000001 0.061682812499999996 0.7160624999999999 0.05619062500000001 0.6241296875 0.0599921875 0.481159375 0.06801874999999999 0.265821875 0.082384375 0.134890625 0.09336875
0 0.59315625 0.0439859375 0.6097578125 0.027475 0.6021015625 0.0268578125 0.5662921875 0.060196875000000004 0.5662921875 0.062359374999999995 0.5732078125 0.06266875 0.59315625 0.0439859375
0 0.6414718749999999 0.0469015625 0.6740703124999999 0.0243671875 0.6666624999999999 0.0225140625 0.6120828125 0.058325 0.6123296875 0.058940625 0.616528125 0.0617203125 0.6414718749999999 0.0469015625
0 0.768628125 0 0.7226375 0.052459374999999996 0.7183171875000001 0.0582671875 0.7267109375 0.0589375 0.7776359375 0 0.768628125 0
0 0.794690625 0.0129359375 0.766875 0.0130859375 0.76 0.0205078125 0.789515625 0.0206 0.794690625 0.0129359375
0 0.7574296875 0.056034375000000004 0.59490625 0.0714390625 0.595621875 0.08036875 0.7502859374999999 0.06451718749999999 0.7574296875 0.056034375000000004
0 0.710459375 0.0683125 0.6926 0.0939859375 0.69849375 0.0955484375 0.71778125 0.0683125 0.710459375 0.0683125
0 0.782790625 0.11251562500000001 0.7915421874999999 0.112740625 0.827553125 0.10738125000000001 0.82701875 0.09711093750000001 0.84595 0.08840624999999999 0.8641187499999999 0.083940625 0.898409375 0.076575 0.9098390625 0.07233125 0.9146625 0.06920625 0.9262703125 0.06920625 0.9259140625000001 0.05380312499999999 0.9196624999999999 0.060278125 0.8476874999999999 0.07389375000000001 0.8246484374999999 0.083271875 0.8230421874999999 0.0792515625 0.7851781250000001 0.08081406249999999 0.7799328125 0.08751250000000001 0.741421875 0.08929843750000001 0.6983140624999999 0.09465625 0.655540625 0.0957734375 0.654290625 0.099121875 0.5761078125 0.10849843749999999 0.5761078125 0.11809687499999999 0.577715625 0.11809687499999999 0.578296875 0.11809687499999999 0.6545578125 0.11028281250000001 0.6552718750000001 0.112740625 0.6956359375 0.109390625 0.6990296875 0.10425625000000001 0.7434999999999999 0.10314062500000001 0.7454640625 0.10314062500000001 0.75314375 0.1080515625 0.7572515625 0.10961406250000001 0.7810046875000001 0.10782812500000001 0.782790625 0.11251562500000001
0 0.5779687499999999 0.144140625 0.5775 0.1478515625 0.57765625 0.14921875 0.5928125 0.1498046875 0.615625 0.149609375 0.6235937500000001 0.1486328125 0.6375 0.1455078125 0.6634375 0.1380859375 0.66359375 0.1318359375 0.6440625 0.1373046875 0.62375 0.1421875 0.61109375 0.1435546875 0.5779687499999999 0.144140625
0 0.6889062499999999 0.110546875 0.68171875 0.1107421875 0.6604687499999999 0.1416015625 0.62265625 0.1970703125 0.629375 0.1986328125 0.6603125000000001 0.1513671875 0.6889062499999999 0.110546875
0 0.6756249999999999 0.1431640625 0.64015625 0.1810546875 0.641875 0.1853515625 0.6798437500000001 0.14765625 0.71265625 0.1138671875 0.72421875 0.104296875 0.714375 0.1044921875 0.703125 0.1134765625 0.678125 0.125 0.6795312499999999 0.13125 0.6978125000000001 0.121484375 0.6876562500000001 0.13203125 0.6756249999999999 0.1431640625
0 0.778125 0.0607421875 0.74390625 0.0876953125 0.7509375 0.0888671875 0.785625 0.0625 0.778125 0.0607421875
0 0.8074999999999999 0.0462890625 0.8384375000000001 0.0181640625 0.8306250000000001 0.01796875 0.79796875 0.04609375 0.8074999999999999 0.0462890625
0 0.85125 0 0.8393750000000001 0.011328125 0.84703125 0.01171875 0.8590625 0 0.85125 0
0 0.9256249999999999 0.0310546875 0.89609375 0.0322265625 0.820625 0.0443359375 0.7728125 0.0521484375 0.765625 0.0609375 0.78578125 0.06015625 0.7896875 0.061328125 0.8009375000000001 0.062109375 0.8099999999999999 0.0619140625 0.81765625 0.061328125 0.8196875 0.0611328125 0.8324999999999999 0.050390625 0.8959374999999999 0.0396484375 0.92578125 0.0376953125 0.9256249999999999 0.0310546875
0 0.8946875000000001 0.0111328125 0.80625 0.012109375 0.8003125000000001 0.0189453125 0.8928125 0.0162109375 0.8946875000000001 0.0111328125
0 0.98921875 0.0416015625 1 0.0302734375 0.99828125 0.0251953125 0.98265625 0.0396484375 0.98921875 0.0416015625