1 0.337871875 0.20067343750000002 0.3154296875 0.20236562500000002 0.30381874999999997 0.20495468749999998 0.2827015625 0.2220765625 0.279296875 0.21823437499999998 0.28200156249999997 0.1178609375 0.326003125 0.1170484375 0.32556875 0.1078359375 0.2822265625 0.10715 0.28125 0.06686718750000001 0.2919921875 0.05588125000000001 0.3212890625 0.05588125000000001 0.3268703125 0.0555453125 0.326171875 0.049778125 0.32556875 0.034681250000000004 0.318628125 0.03544375 0.3168984375 0.0447078125 0.2969578125 0.0455203125 0.2958734375 0.03793125 0.2919921875 0.038790625 0.2744140625 0.038790625 0.2685546875 0.046115625 0.236265625 0.046060937499999996 0.23648125000000003 0.034681250000000004 0.22412656250000002 0.034681250000000004 0.22369374999999997 0.058253124999999996 0.26921249999999997 0.057710937500000004 0.2685546875 0.10715 0.223909375 0.10621093749999999 0.22434375 0.11325624999999999 0.2245609375 0.1170484375 0.267578125 0.1181375 0.26953125 0.45260937500000004 0.2724609375 0.4635953125 0.279296875 0.46237500000000004 0.28079062499999996 0.2894703125 0.288171875 0.2833203125 0.2906328125 0.2611046875 0.2827046875 0.25358593749999997 0.279296875 0.23776562499999998 0.3095703125 0.21213125000000002 0.3470046875 0.20994687500000003 0.35309218750000004 0.208759375 0.3536625 0.2035265625 0.337871875 0.20067343750000002
1 0.380859375 0.23071250000000001 0.391359375 0.22932812500000002 0.3954328125 0.2295703125 0.403965625 0.227146875 0.403771875 0.20775156250000001 0.397759375 0.208478125 0.3964015625 0.21550937499999998 0.3886453125 0.216721875 0.384959375 0.20750937500000002 0.3795296875 0.208478125 0.37332343749999997 0.21478281250000003 0.3535421875 0.2174484375 0.34908125 0.21138906249999997 0.3438453125 0.21187343749999998 0.34326406249999997 0.2232671875 0.351021875 0.22690312499999998 0.3665359375 0.22617500000000001 0.3665359375 0.2579328125 0.3525734375 0.2593859375 0.351021875 0.2523578125 0.34481562499999996 0.25332656249999996 0.34617343749999996 0.2669015625 0.3642578125 0.26611406249999997 0.3700265625 0.2688421875 0.37109375 0.2771 0.37109375 0.416259375 0.373046875 0.4479984375 0.380859375 0.4504390625 0.384765625 0.44555625 0.37890625 0.2771 0.3803046875 0.267871875 0.38568125000000003 0.266040625 0.403253125 0.26492031250000003 0.4022203125 0.253084375 0.397759375 0.2528421875 0.3958203125 0.2562359375 0.3805 0.258175 0.380859375 0.23071250000000001
1 0.42842812500000005 0.301534375 0.44155468750000004 0.29868125 0.44140625 0.2941890625 0.42348125000000003 0.2944015625 0.4039703125 0.2947296875 0.4046875 0.30078125 0.419921875 0.3015140625 0.421875 0.4406734375 0.427734375 0.4406734375 0.42842812500000005 0.301534375
1 0.5984140625000001 0.2782234375 0.59765625 0.357665625 0.603515625 0.357665625 0.605184375 0.2778828125 0.5984140625000001 0.2782234375
0 0 0.053198437499999994 0.034362500000000004 0.073296875 0.070303125 0.10442968749999999 0.11380781250000001 0.13832031250000001 0.13997500000000002 0.156053125 0.14530156249999998 0.16390625 0.180328125 0.1966421875 0.22635468749999998 0.2372328125 0.2645015625 0.26875781249999997 0.2646875 0.2688421875 0.2673453125 0.2621953125 0.20586406249999997 0.21004062499999998 0.155421875 0.163146875 0.149746875 0.154871875 0.13934375000000002 0.1497484375 0.0737703125 0.0985171875 0.034678125 0.0658109375 0 0.04689375 0 0.053198437499999994
0 0.268865625 0.1570921875 0.1698609375 0.1558796875 0.17277343750000002 0.1619453125 0.26813750000000003 0.16285624999999998 0.268865625 0.1570921875
0 0.1900015625 0.17893125000000001 0.267409375 0.1944 0.268865625 0.19258124999999998 0.268865625 0.18803125 0.1892734375 0.17165312500000002 0.1900015625 0.17893125000000001
0 0.07740781249999999 0.078896875 0.0002 0.009475 0 0.01899375 0.067459375 0.0781421875 0.0662453125 0.0784453125 0.04440625 0.0635828125 0.0009703125 0.0405296875 0 0.0453828125 0.0393109375 0.07025624999999999 0.059634374999999996 0.08202343749999999 0.078621875 0.091790625 0.10288749999999999 0.10877812499999999 0.160640625 0.16155625 0.1801015625 0.17850625 0.2018703125 0.20808749999999998 0.2067234375 0.21294062500000002 0.20817968750000002 0.211728125 0.204296875 0.20202187500000002 0.2358421875 0.2281078125 0.26811562499999997 0.2548 0.26884375 0.24933906249999999 0.267653125 0.24724218750000002 0.25042343749999996 0.2317734375 0.19606874999999999 0.1853625 0.1858859375 0.171775 0.1663390625 0.1563171875 0.099246875 0.097703125 0.26738125 0.137634375 0.2679125 0.1309859375 0.125940625 0.098915625 0.093665625 0.088603125 0.07740781249999999 0.078896875
0 0.1313484375 0.0996921875 0.2689765625 0.106384375 0.268621875 0.09973593750000001 0.16276875 0.095525 0.12841875 0.0944 0.1313484375 0.0996921875
0 0.283984375 0.197803125 0.3246546875 0.2046859375 0.3251875 0.199578125 0.280609375 0.1904765625 0.2798984375 0.1964703125 0.283984375 0.197803125
0 0.9965390624999999 0.2367734375 0.9394671875 0.23615781249999998 0.9396875 0.2419921875 0.9959374999999999 0.2427734375 0.9965390624999999 0.2367734375
0 0.9928484375 0.1980296875 0.95398125 0.19710468750000001 0.900353125 0.194953125 0.82065 0.185728125 0.8201578125 0.1912640625 0.9040437499999999 0.20048906249999998 0.9938328125 0.2035640625 0.9928484375 0.1980296875
0 0.9924531249999999 0.175515625 0.825728125 0.1740203125 0.8255703125 0.1789625 0.9924531249999999 0.180596875 0.9924531249999999 0.175515625
0 0.9716374999999999 0.139646875 0.825803125 0.14795468750000002 0.8250359375 0.153021875 0.9721875000000001 0.1447265625 0.9716374999999999 0.139646875
0 0.94359375 0.1302734375 0.82578125 0.1416015625 0.82735625 0.14581875 0.9442187499999999 0.1349609375 0.94359375 0.1302734375
0 0.9665625 0.124609375 0.82421875 0.1244140625 0.8240624999999999 0.128125 0.96703125 0.1291015625 0.9665625 0.124609375
0 0.9887499999999999 0.093359375 0.82296875 0.087890625 0.8231249999999999 0.0939453125 0.98890625 0.09921875 0.9887499999999999 0.093359375
0 0.8521875 0.2355546875 0.7778343750000001 0.2304515625 0.702415625 0.22266249999999999 0.6111953125 0.21030625 0.5222781249999999 0.194190625 0.46160468750000005 0.1826421875 0.382746875 0.164915625 0.3740609375 0.1682203125 0.43067656249999997 0.18155468749999998 0.4978640625 0.1958171875 0.5459015625 0.20464687499999998 0.6228296875 0.2177515625 0.7083234375 0.228125 0.7743140625 0.2349859375 0.852221875 0.239871875 0.92015625 0.2421875 0.9200875 0.2374359375 0.8521875 0.2355546875
0 0.7978828124999999 0.1502734375 0.5717296875 0.15630468749999998 0.49235468750000005 0.1575828125 0.3905703125 0.15928437499999998 0.281109375 0.15949843749999998 0.2810921875 0.164821875 0.37189218749999997 0.164184375 0.4929 0.16333124999999998 0.58829375 0.164184375 0.6133359375 0.1669515625 0.667959375 0.1700125 0.6672781249999999 0.16596875 0.61350625 0.162265625 0.6138078124999999 0.1597109375 0.7976953124999999 0.155446875 0.7978828124999999 0.1502734375
0 0.40018906249999997 0.15736875 0.51581875 0.155665625 0.6091203125 0.15460000000000002 0.608096875 0.1505546875 0.607415625 0.14949062500000002 0.5685749999999999 0.14949062500000002 0.4138515625 0.1520453125 0.2804375 0.152896875 0.28076875 0.158859375 0.40018906249999997 0.15736875
0 0.6739015625 0.1632078125 0.6733374999999999 0.1679109375 0.74200625 0.180375 0.7662765625 0.1843734375 0.8118046874999999 0.1890765625 0.8116171874999999 0.18319687499999998 0.76383125 0.17896406250000002 0.7636421875 0.1768484375 0.8040921875 0.17778906249999998 0.8029624999999999 0.17096875 0.7335406250000001 0.1707328125 0.6739015625 0.1632078125
0 0.7961171874999999 0.1424296875 0.6288375 0.1482578125 0.6308890625 0.1526875 0.796490625 0.1470921875 0.7961171874999999 0.1424296875
0 0.31939687499999997 0.14935 0.2812578125 0.1389578125 0.2799921875 0.1437015625 0.3165046875 0.1525140625 0.31939687499999997 0.14935
0 0.33307031249999997 0.1986640625 0.3215390625 0.16503125000000002 0.3160234375 0.1664921875 0.327721875 0.199290625 0.33307031249999997 0.1986640625
0 0.337815625 0.13453125 0.28216406250000003 0.12722031250000002 0.28182968750000004 0.132234375 0.33975468750000004 0.1399625 0.450834375 0.15145312500000002 0.451503125 0.1470671875 0.337815625 0.13453125
0 0.36589062499999997 0.13265 0.457146875 0.14184375 0.54781875 0.149571875 0.5494687500000001 0.14581249999999998 0.489471875 0.13975312499999998 0.37496406250000003 0.12951718750000002 0.2869484375 0.119490625 0.2844421875 0.12450468750000002 0.28600781249999996 0.12513125 0.36589062499999997 0.13265
0 0.18734062499999998 0 0.1850015625 0.003759375 0.18600468750000002 0.009609375 0.1890125 0.014204687499999999 0.20188125 0.0158765625 0.21107187500000002 0.0202640625 0.2423234375 0.03300625 0.2692296875 0.045331250000000003 0.2722375 0.04031875 0.2135796875 0.016712499999999998 0.21725625 0.0158765625 0.249509375 0.0202640625 0.31410312500000004 0.0313359375 0.3727625 0.0407359375 0.48947812500000004 0.0597453125 0.563553125 0.06768437499999999 0.6569812500000001 0.0797984375 0.7583015625 0.08773906249999999 0.8039249999999999 0.0896171875 0.803590625 0.0835609375 0.7547906249999999 0.0818890625 0.674209375 0.075296875 0.6167812500000001 0.0684921875 0.554828125 0.06120625 0.47327343749999995 0.050135937500000005 0.36776718750000004 0.0348875 0.21204843750000002 0.0089828125 0.20770312500000002 0.00689375 0.20168750000000002 0.003759375 0.196171875 0 0.19199375000000002 0 0.18734062499999998 0
0 0.29868125 0.00040625000000000004 0.31135625 0.024984375 0.31639375 0.024984375 0.30306875 0 0.29868125 0.00040625000000000004
0 0.79964375 0.1279859375 0.799403125 0.1231796875 0.5760562499999999 0.11633906249999999 0.4744296875 0.11264531250000001 0.371890625 0.1111953125 0.37172499999999997 0.1145078125 0.370896875 0.11554374999999999 0.679340625 0.12560625 0.79964375 0.1279859375
0 0.4726078125 0.11347343750000001 0.4803921875 0.1109859375 0.4245671875 0.0938 0.3101015625 0.056115625 0.29983125 0.05818593749999999 0.359134375 0.0786859375 0.45521406249999996 0.108915625 0.4726078125 0.11347343750000001
0 0.50254375 0.12278906249999999 0.5690609375 0.1416953125 0.6165499999999999 0.1536890625 0.6211046875 0.15084375 0.5077609375 0.11969531250000001 0.50254375 0.12278906249999999
0 0.282115625 0.01886875 0.2717109375 0 0.26661250000000003 0.00025625 0.27681093749999997 0.019378125 0.282115625 0.01886875