1 0.2284640625 0 0.2256578125 0.0621265625 0.1763578125 0.05911875 0.1771875 0.0728515625 0.224609375 0.0769046875 0.20703125 0.4309078125 0.2075546875 0.4521078125 0.22290625 0.45287499999999997 0.2340625 0.2244140625 0.24953124999999998 0.2232421875 0.25671875 0.2216796875 0.25546875 0.209375 0.25406249999999997 0.2 0.2503125 0.1962890625 0.23625 0.1970703125 0.23828125 0.14526406249999999 0.2641171875 0.11922812499999999 0.290903125 0.1142203125 0.3284515625 0.112834375 0.3277921875 0.10089062499999998 0.3161890625 0.101390625 0.2841796875 0.10498125 0.262234375 0.1103625 0.23828125 0.13061562499999999 0.2431640625 0.078125 0.2869828125 0.0791609375 0.2900734375 0.0769984375 0.29195000000000004 0.075290625 0.29219375 0.066634375 0.2421875 0.06225625 0.2451171875 0 0.2284640625 0
1 0.3080078125 0.24343750000000003 0.3231078125 0.24864375 0.32421875 0.2771 0.3073109375 0.27675 0.3077125 0.284278125 0.32421875 0.286865625 0.31640625 0.40649375 0.31581875 0.416578125 0.315709375 0.42295625000000003 0.32421875 0.4211421875 0.33404375000000003 0.2896515625 0.351228125 0.2893265625 0.3524734375 0.282771875 0.3363875 0.2795625 0.339771875 0.24864375 0.3569546875 0.249946875 0.3564078125 0.2374515625 0.342578125 0.23544218749999998 0.30857812500000004 0.232925 0.3080078125 0.24343750000000003
0 0.095725 0 0.11802187500000001 0.031432812500000004 0.13284218750000001 0.050189062500000006 0.142478125 0.0691171875 0.1711578125 0.1107015625 0.21944687499999999 0.17309375 0.22048593749999998 0.1634703125 0.1969828125 0.13097343749999998 0.1548671875 0.0651015625 0.13830625000000002 0.03835 0.112825 0 0.1069578125 0 0.131465625 0.035275 0.12523125 0.0297578125 0.104621875 0 0.095725 0
0 0.20868906250000002 0 0.1906234375 0.024715624999999998 0.158415625 0.0694359375 0.1620171875 0.072990625 0.1988203125 0.0218453125 0.2146515625 0 0.20868906250000002 0
0 0.16984375000000002 0.08828125 0.18375 0.0740234375 0.17828125 0.071875 0.16734374999999999 0.084375 0.16890624999999998 0.0875 0.16984375000000002 0.08828125
0 0.18693125 0.072515625 0.1838125 0.08109374999999999 0.17258281250000002 0.091490625 0.17328125 0.0943359375 0.17445468749999998 0.0951296875 0.18921875 0.08109374999999999 0.19015625 0.07265625 0.18693125 0.072515625
0 0.22646093750000001 0.023454687499999998 0.1976140625 0.059399999999999994 0.2036484375 0.060248437499999995 0.22640625 0.0330078125 0.22640625 0.02734375 0.22646093750000001 0.023454687499999998
0 0.13367500000000002 0.1402 0.103003125 0.1816859375 0.08560625 0.2045765625 0.0911 0.20715 0.1323015625 0.1513578125 0.1678953125 0.1084484375 0.165034375 0.1032890625 0.13367500000000002 0.1402
0 0.109375 0.1381859375 0.08349375 0.1775796875 0.0667203125 0.20373281250000003 0.0709578125 0.20629375 0.11421875 0.14306093749999998 0.1302421875 0.1256078125 0.1614203125 0.09880781250000001 0.1584859375 0.09465 0.13484374999999998 0.1138671875 0.1387234375 0.1078578125 0.15359375 0.086825 0.15078750000000002 0.0816703125 0.130896875 0.10932656249999999 0.109375 0.1381859375
0 0.3153125 0.0978515625 0.289375 0.0779296875 0.2828125 0.0802734375 0.31078125 0.1029296875 0.3153125 0.0978515625
0 0.878140625 0.0807265625 0.7486390625 0.055859375 0.6440953125 0.035678125 0.5379734375 0.015070312499999999 0.46504218750000004 0.000625 0.46125 0.0044046875 0.5082312499999999 0.014471875 0.577025 0.027475 0.7027703125 0.0526453125 0.7997546875 0.07068125 0.9078890625 0.091234375 0.9521515624999999 0.0995875 1 0.11004218750000001 0.9999953125 0.1051578125 0.9547874999999999 0.0947484375 0.878140625 0.0807265625
0 1 0.1328609375 0.9345625 0.12153125000000001 0.8439234375 0.1057140625 0.7412875 0.08505 0.6818500000000001 0.075634375 0.5610906250000001 0.050684375000000004 0.42023124999999995 0.022353124999999998 0.307946875 0 0.2979265625 0.0023734374999999997 0.4130453125 0.026296874999999997 0.5526765625000001 0.05406875 0.65205625 0.07428749999999999 0.74703125 0.0927265625 0.8588453125 0.114865625 0.9574921875 0.13174999999999998 0.999971875 0.13819375 1 0.1328609375
0 1 0.1441390625 0.881346875 0.12347656250000001 0.8191578125 0.1119234375 0.658125 0.08081875 0.47116718750000003 0.0428828125 0.337928125 0.01644375 0.267578125 0.0011140625 0.24927031249999998 0.000225 0.24904687499999997 0.00438125 0.2691328125 0.006603125 0.3032578125 0.014379687499999998 0.369378125 0.028375 0.4737984375 0.048815625 0.6085421875 0.0768109375 0.6997546875 0.09436093749999999 0.7818265625 0.11089062499999999 0.8740484374999999 0.127696875 0.964353125 0.1430265625 1 0.14925 1 0.1441390625
0 0.770453125 0.309928125 0.7926984375 0.315203125 0.794971875 0.31053593749999997 0.7709406249999999 0.30465 0.770290625 0.307896875 0.770453125 0.309928125
0 0.806175 0.3005890625 0.7740265625 0.295515625 0.7733765625 0.2993734375 0.8052015625 0.30505625 0.806175 0.3005890625
0 0.25593750000000004 0.2094859375 0.27296875 0.209765625 0.28098125 0.2111609375 0.3398625 0.2219140625 0.39049375 0.23110781249999998 0.43170937499999995 0.2373203125 0.5570906250000001 0.264321875 0.6134859374999999 0.2774671875 0.695690625 0.29514999999999997 0.73105625 0.3011234375 0.7346890625 0.2975390625 0.621896875 0.2729265625 0.6748515625 0.282721875 0.737365625 0.29443125000000003 0.7390859375 0.2898921875 0.6188390625 0.268146875 0.5532921875000001 0.2569828125 0.3980890625 0.22257031249999998 0.298871875 0.1981953125 0.267709375 0.193178125 0.2459171875 0.18576874999999998 0.237121875 0.1786015625 0.236625 0.1824125 0.23625 0.189453125 0.24943749999999998 0.194671875 0.2903484375 0.20303437500000002 0.3140546875 0.20829375 0.3784796875 0.224303125 0.2802171875 0.20470625 0.25484375 0.202734375 0.25593750000000004 0.2094859375
0 0.29390625 0.2416015625 0.300334375 0.245378125 0.3011625 0.239165625 0.25890625 0.214453125 0.2579265625 0.220321875 0.29390625 0.2416015625
0 0.26875 0.2625 0.255625 0.225 0.24874999999999997 0.225390625 0.2609375 0.26328125 0.26875 0.2625
0 0.21812499999999999 0.1814453125 0.19734374999999998 0.2146484375 0.20234375 0.2166015625 0.22015625 0.1873046875 0.21812499999999999 0.1814453125
0 0.558125 0.242578125 0.505 0.21484375 0.4311453125 0.172321875 0.3796875 0.1412109375 0.32923125 0.10718749999999999 0.326928125 0.11346562499999999 0.37109375 0.14296875 0.4296875 0.178515625 0.49203125 0.2154296875 0.5621875000000001 0.251953125 0.5830375 0.2617828125 0.5847109374999999 0.261521875 0.5871875 0.2578125 0.558125 0.242578125
0 0.5488921875 0.2560796875 0.55296875 0.251953125 0.47781250000000003 0.20859375 0.4183796875 0.1721921875 0.4166140625 0.17704843750000002 0.46578125000000004 0.2087890625 0.50890625 0.23359375 0.5488921875 0.2560796875