1 0.28578125 0.3421875 0.288125 0.3375 0.28796875 0.3345703125 0.28296875 0.33203125 0.283546875 0.32254062499999997 0.2952765625 0.32125312500000003 0.294921875 0.2917484375 0.2936296875 0.285759375 0.2860171875 0.28524375 0.28457656249999996 0.27778437500000003 0.281284375 0.277271875 0.26646875 0.27495625 0.264821875 0.289103125 0.275521875 0.2909046875 0.275390625 0.3820796875 0.28210625 0.38504375 0.28210625 0.3786109375 0.3583984375 0.361328125 0.38087499999999996 0.3652359375 0.3856078125 0.35957812499999997 0.38210937500000003 0.3552046875 0.3751140625 0.35469062500000004 0.3427734375 0.3564453125 0.28251875000000004 0.3706390625 0.28171875 0.3462890625 0.28578125 0.3421875
0 0.20024531250000002 0.382646875 0.232040625 0.3651 0.2704328125 0.342690625 0.274490625 0.3412109375 0.274321875 0.3369828125 0.26485156249999997 0.3386734375 0.23500000000000001 0.3564453125 0.1779203125 0.386453125 0.18011875 0.3919484375 0.20024531250000002 0.382646875
0 0.20125 0.4177734375 0.1840625 0.4259765625 0.1859375 0.4302734375 0.2034375 0.4220703125 0.20125 0.4177734375
0 0.34249999999999997 0.3509765625 0.28734375 0.3359375 0.28546875 0.3419921875 0.3415625 0.3568359375 0.34249999999999997 0.3509765625
0 0.32921875 0.3568359375 0.2834375 0.355859375 0.28312499999999996 0.3611328125 0.32890625 0.3611328125 0.32921875 0.3568359375
0 0.3803125 0.43828125 0.34125 0.4251953125 0.33953125 0.4302734375 0.378125 0.442578125 0.3803125 0.43828125
0 0.38765625 0.4359375 0.34671875 0.41953125 0.3440625 0.4240234375 0.3853125 0.440625 0.38765625 0.4359375
0 0.44125 0.38125 0.340625 0.39296875 0.3421875 0.398046875 0.4415625 0.3873046875 0.44125 0.38125
0 0.31203125 0.38984375 0.3728125 0.3849609375 0.43953125000000004 0.3779296875 0.43937499999999996 0.3724609375 0.31171875 0.3841796875 0.31203125 0.38984375
0 0.4884375 0.378125 0.46921875 0.3779296875 0.469375 0.3833984375 0.48859375 0.3833984375 0.4884375 0.378125
0 0.48109375 0.3697265625 0.46234374999999994 0.3697265625 0.46218750000000003 0.373828125 0.48109375 0.3736328125 0.48109375 0.3697265625