1 0.2174953125 0.32640625 0.21684062499999998 0.32013437499999997 0.18455468749999998 0.316590625 0.1847734375 0.3244984375 0.1954625 0.32749843749999996 0.19140625 0.482178125 0.197265625 0.48461875 0.204625 0.3299515625 0.2174953125 0.32640625
1 0.2619984375 0.434390625 0.264615625 0.42075625 0.2628703125 0.41203124999999996 0.2587890625 0.41259843749999997 0.255859375 0.4187015625 0.25390625 0.4968265625 0.259765625 0.4968265625 0.26025312500000003 0.4523890625 0.2619984375 0.434390625
0 0.7775000000000001 0 0.73515625 0.03984375 0.73875 0.045703125 0.7865624999999999 0 0.7775000000000001 0
0 0.636265625 0.2614765625 0.63501875 0.25524375 0.60203125 0.2822265625 0.578828125 0.3024078125 0.580753125 0.30962812500000003 0.6115625 0.283203125 0.636265625 0.2614765625
0 0.47525312499999994 0.19693750000000002 0.501875 0.1775390625 0.4999921875 0.171709375 0.47395156250000003 0.191240625 0.47525312499999994 0.19693750000000002
1 0.52890625 0.1783203125 0.521484375 0.3430171875 0.4345703125 0.31494218749999997 0.4175765625 0.314315625 0.4133265625 0.3171421875 0.415515625 0.3256515625 0.4404296875 0.322265625 0.5202921875000001 0.35228125 0.515625 0.501709375 0.51495 0.5143734375 0.525390625 0.513915625 0.537109375 0.18920937499999999 0.5419921875 0.18310625 0.5646875 0.1841796875 0.565625 0.1693359375 0.51734375 0.165625 0.5114062500000001 0.1580078125 0.505625 0.1580078125 0.5009375 0.1705078125 0.5001562500000001 0.1763671875 0.52890625 0.1783203125
1 0.2650109375 0.4534140625 0.2676703125 0.452659375 0.2723609375 0.45251562500000003 0.27399687500000003 0.42893749999999997 0.27857656249999996 0.4278453125 0.27923125 0.415846875 0.264396875 0.4139390625 0.26330624999999996 0.42539218749999996 0.266796875 0.4259375 0.2650109375 0.4534140625
0 0.21731562499999998 0.32835000000000003 0.251025 0.32969375 0.28328125000000004 0.32578125 0.29640625 0.3232421875 0.310084375 0.318934375 0.3098359375 0.3131078125 0.28258125 0.31983125 0.27359374999999997 0.3212890625 0.25425156250000003 0.32341875 0.218390625 0.322746875 0.21731562499999998 0.32835000000000003
0 0.25665 0.2724609375 0.3218296875 0.2799953125 0.3218296875 0.274721875 0.24401718749999998 0.2651515625 0.13254375000000002 0.24984531250000003 0.0042484375 0.23285312500000002 0.005 0.2380859375 0.1209375 0.2537109375 0.25665 0.2724609375
0 0.12021875 0.26328125 0.2288125 0.278125 0.3203640625 0.289453125 0.32270781249999997 0.2849609375 0.2856765625 0.279296875 0.1720828125 0.2650390625 0.04546875 0.2482421875 0.012968750000000001 0.244140625 0.01328125 0.249609375 0.12021875 0.26328125
0 0.3175 0.296875 0.34671875 0.280859375 0.34326406249999997 0.276796875 0.3005453125 0.2992546875 0.26765625000000004 0.31171875 0.25004375 0.31746875 0.251240625 0.322459375 0.28734375 0.3109375 0.3175 0.296875
0 0.0656953125 0.3142484375 0.000559375 0.2554578125 0 0.2633890625 0.0591640625 0.3168140625 0.0656953125 0.3142484375
0 0 0.2505234375 0.0700359375 0.315284375 0.0749828125 0.311296875 0.053445312499999995 0.2921515625 0.000559375 0.240959375 0 0.2505234375
0 0 0.2921515625 0.0288765625 0.323859375 0.031109375 0.318475 0 0.2835765625 0 0.2921515625
0 0 0.2779921875 0.018665624999999998 0.29893125 0.03671875 0.3185546875 0.0403625 0.31349062499999997 0 0.2681640625 0 0.2779921875
0 0.11933281250000001 0.358159375 0.0989125 0.34260625 0.09683906249999999 0.3469921875 0.11678124999999999 0.3623484375 0.11933281250000001 0.358159375
0 0.1247578125 0.35496875 0.101784375 0.335825 0.0989125 0.3400109375 0.1217265625 0.358359375 0.1247578125 0.35496875
0 0.19297031250000002 0.39840624999999996 0.17265625 0.38828125 0.17138124999999998 0.3942328125 0.1903125 0.40390625 0.19297031250000002 0.39840624999999996
0 0.63734375 0.375390625 0.58875 0.37109375 0.58875 0.377734375 0.6378125 0.3818359375 0.63734375 0.375390625
0 0.5187453125 0.1653265625 0.54484375 0.13671875 0.5789015625 0.09794375 0.6425 0.019140625 0.6562453125000001 0.00043437500000000003 0.6509328125 0 0.6295265624999999 0.026409375000000002 0.5954640625 0.068403125 0.5484328125 0.12489687499999999 0.5156203125000001 0.1610296875 0.5187453125 0.1653265625
0 0.558125 0.16484375 0.5634375 0.16875 0.5775 0.1572265625 0.60875 0.1330078125 0.65796875 0.087890625 0.6912499999999999 0.05625 0.6890625 0.0490234375 0.6709375 0.0658203125 0.5974999999999999 0.1328125 0.558125 0.16484375
0 0.5510937499999999 0.183984375 0.5371875 0.191015625 0.53796875 0.1958984375 0.55515625 0.1873046875 0.5510937499999999 0.183984375
0 0.5659375 0.1734375 0.56578125 0.1783203125 0.56578125 0.1798828125 0.5790625 0.173046875 0.6103125 0.15234375 0.6364062500000001 0.1326171875 0.6642187500000001 0.1111328125 0.6878124999999999 0.09140625 0.6860937500000001 0.08515625 0.6628125 0.1052734375 0.624375 0.1341796875 0.58765625 0.161328125 0.5659375 0.1734375
0 0.83921875 0.062890625 0.8824234375 0.016953125 0.8982046875 0.0005468749999999999 0.8917984375 0 0.8330484374999999 0.0601171875 0.7588296875 0.1358984375 0.7596109375 0.14351562499999998 0.79625 0.1080078125 0.83921875 0.062890625