1 0.7587890625 0 0.787109375 0.540771875 0.78973125 0.5639375 0.8125 0.56274375 0.8147875000000001 0.5027734374999999 0.79296875 0.0207515625 0.7900390625 0 0.7587890625 0
1 0.50390625 0.435790625 0.509765625 0.435790625 0.509765625 0.19409218749999999 0.4755859375 0.185546875 0.4609375 0.19653281250000001 0.4618078125 0.2405375 0.466909375 0.24124374999999998 0.47257812499999996 0.24124374999999998 0.47881406249999997 0.24124374999999998 0.48845 0.2433671875 0.5 0.2551265625 0.50390625 0.435790625
1 0.45703125 0.2771 0.4619140625 0.2783203125 0.4693625 0.2818265625 0.46897968749999996 0.2889984375 0.470725 0.3010625 0.474659375 0.3008046875 0.4769375 0.295109375 0.4765625 0.2844234375 0.4774046875 0.274653125 0.490425 0.2732171875 0.49157343750000004 0.2689140625 0.4918484375 0.2645625 0.4716796875 0.263671875 0.4599609375 0.263671875 0.455078125 0.269775 0.45703125 0.2771
0 0.8032109374999999 0 0.793196875 0.0130765625 0.791015625 0.025634374999999997 0.798828125 0.028076562500000003 0.8068484375 0.0091375 0.8173828125 0 0.8032109374999999 0
0 0.44823124999999997 0.34969375 0.5022968750000001 0.3496625 0.5018687500000001 0.3438515625 0.28954843750000003 0.34440781249999997 0.2939984375 0.35136406249999996 0.44823124999999997 0.34969375
0 0.46193906250000005 0.21785000000000002 0.46222812500000005 0.2114609375 0.320459375 0.23204687499999999 0.1519828125 0.2506875 0.1489828125 0.25696093750000004 0.3025 0.2419921875 0.42369218750000004 0.22499375000000002 0.46193906250000005 0.21785000000000002
0 0.1929578125 0.28014375 0.19629687499999998 0.27346875000000004 0.13286718749999998 0.275415625 0.13286718749999998 0.282371875 0.14328125 0.28203125 0.1929578125 0.28014375
0 0.4880703125 0.2481515625 0.271965625 0.267625 0.27172968750000004 0.2751375 0.487559375 0.2547875 0.4880703125 0.2481515625
0 0.66015625 0 0.5862390625 0.1300875 0.572784375 0.1508625 0.5539468750000001 0.1747078125 0.54059375 0.18889687500000002 0.5129953125 0.2097625 0.51210625 0.210315625 0.5129953125 0.21254374999999998 0.515221875 0.2167140625 0.5517218749999999 0.18972968750000002 0.5733421875 0.163240625 0.62015625 0.0857421875 0.6665609375 0 0.66015625 0
0 0.5410390625 0.118790625 0.6147046875 0.0002765625 0.6075828125 0 0.5450437499999999 0.0993171875 0.5383671875 0.1160078125 0.5410390625 0.118790625
0 0.5065421875 0 0.4818375 0.1563484375 0.477609375 0.1783234375 0.482421875 0.18188437500000001 0.51321875 0 0.5065421875 0
0 0.5279078125 0 0.52734375 0.0036625 0.51544375 0.073721875 0.5081 0.11100000000000002 0.4921875 0.17944374999999999 0.49609375 0.18432656249999999 0.517578125 0.0988765625 0.5343609375 0 0.5279078125 0
0 0.563071875 0 0.5410390625 0.08401562500000001 0.5098796875 0.1911203125 0.516334375 0.1939046875 0.5708609375 0 0.563071875 0
0 0.5452828125 0 0.5281640624999999 0.07693124999999999 0.5069874999999999 0.1621890625 0.50298125 0.1747078125 0.5 0.18432656249999999 0.5078125 0.18432656249999999 0.5199796875 0.1400125 0.55305625 0 0.5498046875 0 0.5452828125 0
0 0.8410296875000001 0 0.8205718750000001 0.019475 0.7998078125 0.0417109375 0.793175 0.0494828125 0.79578125 0.0580078125 0.8371140625000001 0.0147671875 0.852865625 0 0.8410296875000001 0
0 0.6770234375 0.179159375 0.6099515625 0.263671875 0.5774343749999999 0.298878125 0.5394625 0.334125 0.5407796874999999 0.3414078125 0.57349375 0.312396875 0.60581875 0.2793765625 0.62165 0.26039218750000004 0.62565625 0.2556640625 0.639678125 0.23841562500000002 0.6766359375000001 0.1931875 0.7371296875 0.11264218749999999 0.7636000000000001 0.07990625 0.76125 0.06640625 0.6770234375 0.179159375
0 0.524459375 0.2433296875 0.5279265625 0.239975 0.5129578125 0.2154234375 0.510759375 0.2196515625 0.51071875 0.22399375 0.5227671875000001 0.2441765625 0.524459375 0.2433296875
0 0.7184375000000001 0 0.70515625 0.0265625 0.6561109375 0.11792031249999999 0.5933078125 0.22424375 0.5587500000000001 0.2779296875 0.5421515625 0.2990625 0.522934375 0.31995 0.510196875 0.33027656250000004 0.5114265625 0.3342171875 0.53050625 0.319971875 0.549584375 0.2997671875 0.5653125 0.2791015625 0.58509375 0.2487578125 0.6017296875 0.22297812499999997 0.650015625 0.1411140625 0.7121875 0.029296875 0.7267187500000001 0 0.7184375000000001 0
0 0.62171875 0.3376953125 0.51 0.3427734375 0.510365625 0.34797656250000003 0.6214062499999999 0.3427734375 0.62171875 0.3376953125