1 0.62093125 0.30186562499999997 0.630859375 0.3057515625 0.6386499999999999 0.4709171875 0.6384921875 0.49993906250000003 0.64358125 0.5001390625 0.646125 0.49835 0.641990625 0.31765625000000003 0.642578125 0.30086875 0.634765625 0.2154203125 0.625746875 0.21607812499999998 0.62890625 0.2862203125 0.6205875 0.28875 0.6153125 0.2966796875 0.6170312499999999 0.3021484375 0.62093125 0.30186562499999997
1 0.392578125 0.4211421875 0.39453125 0.3796390625 0.40578125 0.371875 0.406875 0.3486328125 0.37328125 0.3484375 0.37312500000000004 0.3587890625 0.37296874999999996 0.3669921875 0.3803125 0.3763671875 0.38671875 0.377196875 0.38671875 0.4187015625 0.392578125 0.4211421875
1 0.41281249999999997 0.4251953125 0.412109375 0.404053125 0.4215625 0.4005859375 0.42062499999999997 0.381640625 0.4033203125 0.380859375 0.39921875 0.382421875 0.3984375 0.3918453125 0.3990625 0.40234375 0.40640625 0.4056640625 0.40734375 0.4240234375 0.41281249999999997 0.4251953125
1 0.5512703125 0.35690625 0.553678125 0.47709375 0.5598703125 0.4766640625 0.557634375 0.3562609375 0.5512703125 0.35690625
0 0.8796250000000001 0 0.7158203125 0.1708984375 0.6363515625 0.24732343750000002 0.63729375 0.2517984375 0.6382359375 0.2536828125 0.7233968749999999 0.1739625 0.786159375 0.1102359375 0.8089656250000001 0.0861578125 0.8605921875 0.031328125 0.8886125 0 0.8796250000000001 0
0 0.7734921875 0.1682796875 0.7182421875 0.21523750000000003 0.6636046875 0.25866406249999996 0.6383921875 0.2741234375 0.6393140625 0.2810796875 0.654090625 0.27590781249999996 0.6650859375 0.26638125 0.6831265625 0.252890625 0.74498125 0.20376093750000002 0.772540625 0.180171875 0.785384375 0.1659 0.7829953125 0.158459375 0.7734921875 0.1682796875
0 0.794828125 0.14980625 0.7963359375 0.1582875 0.8329546875 0.1242765625 0.8771953124999999 0.08265312500000001 0.9043093750000001 0.05747187499999999 0.9144859375 0.0466390625 0.9228624999999999 0.0374609375 0.916203125 0.035084375 0.8063156250000001 0.137953125 0.794828125 0.14980625
0 0.7965234375 0.1931484375 0.822528125 0.1691234375 0.8852828125000001 0.1076265625 0.9276203125 0.06303125000000001 0.9200078125 0.0612453125 0.8762437500000001 0.1040609375 0.81725625 0.16114375 0.7944515625 0.18301875 0.7965234375 0.1931484375
0 0.7450703125 0.271728125 0.69971875 0.292615625 0.74421875 0.2703125 0.77265625 0.251171875 0.78671875 0.240234375 0.7849999999999999 0.2333984375 0.773778125 0.2419203125 0.7642671875 0.24809375 0.7268749999999999 0.2720703125 0.712846875 0.27876093750000003 0.68168125 0.2913671875 0.694525 0.2848265625 0.7165625 0.2740234375 0.7454125 0.2568109375 0.788546875 0.22505625 0.78578125 0.21796875 0.75390625 0.241796875 0.710971875 0.26810625 0.6940921875 0.2779109375 0.6848859375 0.2815328125 0.7876953125 0.2146125 0.7851375 0.20694062500000002 0.7772953125 0.2129078125 0.763484375 0.2224984375 0.762290625 0.22185937500000003 0.7858609375000001 0.20395625 0.78253125 0.19385 0.7278249999999999 0.239634375 0.7140625 0.2521484375 0.6996875 0.2623046875 0.6902437499999999 0.26758125 0.6507609375000001 0.2872046875 0.6402953124999999 0.2878 0.6421984375 0.31396250000000003 0.649334375 0.3044484375 0.6593234375 0.3044484375 0.6930984375 0.3014765625 0.7378140625 0.2848265625 0.7610140624999999 0.270678125 0.7892187500000001 0.25078125 0.7878125 0.244921875 0.7450703125 0.271728125
0 0.5849078125 0.33199531250000003 0.5700515625 0.35465 0.5582812500000001 0.37265625 0.55859375 0.37890625 0.5608421875 0.3780484375 0.586096875 0.3409109375 0.616996875 0.28705625 0.6288828125 0.2629140625 0.62765625 0.253515625 0.6155125 0.2759140625 0.6000609375 0.3048828125 0.5849078125 0.33199531250000003
0 0.853203125 0.158040625 0.7971812500000001 0.19891406250000002 0.798053125 0.2068171875 0.84884375 0.16785 0.8787078125000001 0.1449609375 0.8769640624999999 0.141146875 0.853203125 0.158040625
0 0.8388171874999999 0.201909375 0.797834375 0.23597031249999997 0.79971875 0.24226718749999998 0.8477546874999999 0.2024546875 0.8985453124999999 0.1531359375 0.8948390625 0.15095625 0.8388171874999999 0.201909375
0 0.8933140625 0.14632343750000001 0.7973984375 0.22534375 0.798925 0.23351875 0.84186875 0.1975515625 0.8784906250000001 0.164853125 0.8963656249999999 0.149321875 0.8933140625 0.14632343750000001
0 0.7980625 0.2200921875 0.8491890625 0.17825156250000002 0.8997875000000001 0.13661718750000001 0.8989390625 0.1315390625 0.7964578125 0.21034843749999999 0.7980625 0.2200921875
0 0.6363515625 0.2214140625 0.6514265625 0.206103125 0.6868531250000001 0.1703015625 0.7761703125 0.071371875 0.83854375 0.000709375 0.8328906249999999 0 0.8068859375 0.0275609375 0.7203968749999999 0.12366250000000001 0.6563296875 0.1927234375 0.634659375 0.2155703125 0.6363515625 0.2214140625
0 0.5984375 0.37265625 0.6129687500000001 0.3455078125 0.62609375 0.3189453125 0.630625 0.30859375 0.62734375 0.3052734375 0.61890625 0.3236328125 0.59640625 0.366796875 0.60890625 0.338671875 0.6224999999999999 0.3033203125 0.619375 0.3021484375 0.61765625 0.302734375 0.6115625 0.313671875 0.59453125 0.344140625 0.576875 0.3689453125 0.5584374999999999 0.3921875 0.5599999999999999 0.398828125 0.58140625 0.3755859375 0.58640625 0.371484375 0.58765625 0.3642578125 0.6034375 0.337890625 0.59953125 0.3486328125 0.58921875 0.366015625 0.5890625 0.3705078125 0.584375 0.3791015625 0.5775 0.3896484375 0.56703125 0.4015625 0.5590625 0.4021484375 0.5590625 0.4150390625 0.568125 0.4076171875 0.5840625 0.392578125 0.598125 0.380078125 0.6075 0.3671875 0.6207812500000001 0.347265625 0.63203125 0.327734375 0.63 0.3224609375 0.6209374999999999 0.3388671875 0.6131249999999999 0.3494140625 0.5984375 0.37265625