1 0.248046875 0.17211875000000001 0.2568359375 0.173340625 0.26171875 0.18432656249999999 0.275390625 0.40649375 0.277146875 0.42182031249999996 0.28543281249999997 0.42124375000000003 0.291015625 0.4187015625 0.291015625 0.3869625 0.271484375 0.091553125 0.271290625 0.0761265625 0.2609390625 0.0758265625 0.255884375 0.075225 0.259765625 0.16479531249999999 0.2490234375 0.166015625 0.248046875 0.17211875000000001
0 0.5142187500000001 0 0.496875 0.007421875 0.5014062499999999 0.012109375 0.53 0 0.5142187500000001 0
0 0.38890625 0.050390625 0.3890625 0.0578125 0.4046875 0.051953125 0.44328124999999996 0.03671875 0.44359374999999995 0.0298828125 0.43125 0.0345703125 0.38890625 0.050390625
0 0.333984375 0.17944374999999999 0.36765625 0.1763671875 0.369140625 0.16967812499999999 0.31109375 0.175 0.3115234375 0.1806640625 0.333984375 0.17944374999999999
0 0.35484375 0.15703125 0.3128125 0.16484375 0.31375000000000003 0.171484375 0.3603125 0.162109375 0.35484375 0.15703125
0 0.48984375 0.1431640625 0.47359375000000004 0.1484375 0.47421875 0.1552734375 0.49093749999999997 0.1494140625 0.48984375 0.1431640625
1 0.9011890625 0 0.916015625 0.21606406250000001 0.9194796875 0.429059375 0.9287109375 0.42724687499999997 0.9375 0.426025 0.947603125 0.4234640625 0.947265625 0.377196875 0.925278125 0.0255734375 0.9231343750000001 0 0.9011890625 0
0 0.2743421875 0.0969625 0.32442812499999996 0.07907499999999999 0.323128125 0.0729765625 0.2745046875 0.089846875 0.2743421875 0.0931 0.2743421875 0.0969625
0 0.6146874999999999 0.076171875 0.5856250000000001 0.08671875 0.58765625 0.091796875 0.6173437500000001 0.0806640625 0.6146874999999999 0.076171875
0 0.49203125 0.1193359375 0.47468750000000004 0.12578125 0.47734375 0.1302734375 0.49328125 0.12421875 0.49203125 0.1193359375
0 0.88693125 0 0.8867140625 0.0561796875 0.88693125 0.11697187499999999 0.89279375 0.11697187499999999 0.8923593750000001 0.0765359375 0.8917078125 0 0.88693125 0
0 0.9002000000000001 0.10683281250000001 0.9049843750000001 0.0373296875 0.8978906249999999 0.0365046875 0.894590625 0.10580156249999999 0.8942593750000001 0.1163203125 0.899375 0.11755625 0.9002000000000001 0.10683281250000001
0 0.36265625 0.0619140625 0.34249999999999997 0.0671875 0.3434375 0.0728515625 0.36453125000000003 0.066796875 0.36265625 0.0619140625
1 0.1781671875 0.36701562499999996 0.17907656249999998 0.3755390625 0.18839375 0.3741171875 0.18975781249999998 0.3780953125 0.17859375 0.37890625 0.17890625 0.3859375 0.1906671875 0.384628125 0.191575 0.4033765625 0.196575 0.4036625 0.195665625 0.38320937499999996 0.206575 0.382071875 0.206346875 0.3772421875 0.19640625 0.37734375 0.196875 0.375 0.2058921875 0.3729828125 0.206346875 0.3655953125 0.1781671875 0.36701562499999996
1 0.382365625 0.3743953125 0.3826375 0.34271093750000003 0.3771875 0.34271093750000003 0.3771875 0.3737125 0.382365625 0.3743953125