1 0.6390625 0.4873046875 0.6177640625 0.11124375 0.61484375 0.083984375 0.603878125 0.0851234375 0.6234375 0.4833984375 0.6265125 0.531884375 0.634375 0.5302734375 0.64025 0.5273656250000001 0.6390625 0.4873046875
1 0.297446875 0.23638906249999997 0.28857656249999997 0.24035 0.286359375 0.390021875 0.294278125 0.39041875 0.297446875 0.23638906249999997
0 0.07666406249999999 0 0.033084375 0.0217890625 0.037175 0.0262359375 0.0812875 0.0031125 0.08626875 0 0.07666406249999999 0
0 0.21218750000000003 0 0.059375 0.0595703125 0.0675 0.062890625 0.22265625 0 0.21218750000000003 0
0 0.128125 0.078125 0.13421875 0.0810546875 0.1390625 0.0810546875 0.3909375 0.0017578125 0.38328125 0 0.2628125 0.036328125 0.128125 0.078125
0 0.6802875 0 0.4870234375 0.0365625 0.14296875 0.103515625 0.00703125 0.12109375 0 0.1224859375 0 0.1355453125 0.07270937499999999 0.125359375 0 0.1405078125 0 0.14572968749999998 0.22293124999999997 0.1023765625 0.557015625 0.0404796875 0.7984375 0.0009765625 0.7722171875 0 0.75090625 0.00235 0.5626578125 0.032384375 0.736490625 0 0.6802875 0
0 0.6015406249999999 0.19729687499999998 0.60546875 0.142578125 0.6017671874999999 0.13689374999999998 0.5953125 0.1943359375 0.5974765625 0.197578125 0.6015406249999999 0.19729687499999998
0 0.666240625 0.0210375 0.6159171875 0.0936328125 0.619053125 0.100646875 0.6713546874999999 0.025162499999999997 0.666240625 0.0210375
0 0.6742296875 0.1130625 0.63405 0.2065296875 0.6390625 0.2080078125 0.6805359375 0.11576562500000001 0.71476875 0.016665625 0.7082828125 0.0164421875 0.6742296875 0.1130625
0 0.70078125 0.0154 0.69375 0.0183296875 0.6614359375000001 0.11373906250000002 0.623959375 0.2063046875 0.6263015625 0.2123875 0.64648125 0.1691421875 0.673328125 0.09864843749999999 0.70078125 0.0154
0 0.038732812500000005 0.048025 0.0791109375 0.0333515625 0.1559515625 0.001334375 0.14875 0 0.07270625 0.0311265625 0.126246875 0.00022187499999999999 0.11753125 0 0.0698609375 0.025790625 0.0389109375 0.04135625 0.03875 0.044140625 0.038732812500000005 0.048025
0 0.8664343750000001 0 0.8540046875 0.189546875 0.8431578125 0.32909375 0.83005 0.48135000000000006 0.8253046875000001 0.5412359375 0.829996875 0.539378125 0.8398109375 0.496259375 0.8564640625 0.3951484375 0.8702765625 0.30649375 0.8653046874999999 0.30649375 0.8510671875 0.40367031249999996 0.8637234375 0.30028125 0.8594296874999999 0.2994328125 0.8404453125 0.44209062499999996 0.8467734374999999 0.349153125 0.8589765625 0.22005625 0.864853125 0.1285296875 0.87411875 0 0.8664343750000001 0
0 0.8969421875 0 0.8838359375 0.10141249999999999 0.8680171874999999 0.23474374999999997 0.8736656249999999 0.22881875 0.89129375 0.09321874999999999 0.9041750000000001 0 0.8969421875 0
0 0.9109546875 0 0.8940046875000001 0.11469531250000001 0.8790890625 0.22062656249999998 0.8847390624999999 0.2169375 0.9177328125 0 0.9109546875 0