1 0.351093965625 0.239259415625 0.349684375 0.22421562499999997 0.35195 0.21649218750000002 0.353803125 0.1889484375 0.365953125 0.1884328125 0.3671890625 0.19744375 0.3723375 0.196671875 0.37213124999999997 0.1881765625 0.3811921875 0.187146875 0.3810609375 0.17377499999999999 0.31085625 0.1721578125 0.310546875 0.1792484375 0.31134062500000004 0.185496875 0.3193359375 0.1853515625 0.3196875 0.1953125 0.32909062499999997 0.1951265625 0.32867812500000004 0.1853453125 0.3381515625 0.18508750000000002 0.34309375000000003 0.1853453125 0.34361061249999997 0.18957826875 0.33820596875 0.18978614062500002 0.33625 0.197265625 0.3359375 0.213428125 0.3359375 0.21875 0.34140625 0.219921875 0.34070042031250003 0.23738857812499997 0.3193359375 0.23662187499999998 0.309715625 0.236896875 0.31161875 0.24664687500000002 0.33984375 0.2476078125 0.333984375 0.4453609375 0.33390624999999996 0.451171875 0.339375 0.451171875 0.341796875 0.45024375 0.34929281562500003 0.28765290625 0.3557546875 0.282078125 0.375 0.27202187499999997 0.3720703125 0.268359375 0.36184375 0.27061562499999997 0.35519234375000003 0.2725989359375 0.3480722234375 0.27931219218750003 0.34966718750000003 0.247834375 0.37820468749999997 0.248071875 0.37858437500000003 0.24093749999999997 0.351093965625 0.239259415625
1 0.4130859375 0.263671875 0.3822746015625 0.2639960546875 0.3741676359375 0.265659021875 0.3756227328125 0.2745974703125 0.39046875000000003 0.2748046875 0.39453125 0.2744140625 0.3990625 0.2755859375 0.39968750000000003 0.2865234375 0.398696403125 0.2982947546875 0.3828982140625 0.2989183671875 0.38344374999999997 0.3058265625 0.3982806609375 0.305985978125 0.398125 0.3208984375 0.396484375 0.3869625 0.39468749999999997 0.4248046875 0.39437500000000003 0.4421875 0.39453125 0.4482421875 0.39734375 0.4484375 0.399375 0.4484375 0.40031249999999996 0.446875 0.40109374999999997 0.4248046875 0.4057640625 0.3068984375 0.420071875 0.3068984375 0.41978593750000004 0.30046093749999997 0.4063359375 0.29974375000000003 0.4065625 0.275390625 0.40984375 0.2734375 0.42421875 0.2728515625 0.42453124999999997 0.263671875 0.4130859375 0.263671875
1 0.42046875000000006 0.326171875 0.42010710781249994 0.33945319375 0.4319557484375 0.339661065625 0.43234374999999997 0.35390625 0.4203125 0.353515625 0.42046875000000006 0.3576171875 0.43203125 0.3580078125 0.4303125 0.441015625 0.43484375000000003 0.441796875 0.4375 0.3583984375 0.45265625 0.358984375 0.45218749999999996 0.3537109375 0.4371875 0.353125 0.43734375 0.340625 0.45093750000000005 0.3404296875 0.45109374999999996 0.3267578125 0.42046875000000006 0.326171875
0 1 0.040054687500000005 0.9308609375 0 0.9261046875 0.0035671875 0.9988859375000001 0.0466265625 1 0.040054687500000005
0 0.89148125 0.064684375 0.795028125 0 0.7908421875 0.004042187500000001 0.8878656250000001 0.06920156250000001 0.9993484374999999 0.1357875 0.9997296875 0.12912656250000001 0.89148125 0.064684375
0 0.445303125 0.0003359375 0.44079375 0.0033296874999999997 0.5929890624999999 0.050651562500000004 0.7446078125 0.0951203125 0.905615625 0.135884375 0.9997953125000001 0.1565734375 0.999984375 0.1499140625 0.918940625 0.13231718750000002 0.7737859375 0.095934375 0.6116203125 0.050275 0.46913125000000006 0.00675625 0.445303125 0.0003359375
0 1 0.19449687499999999 0.988896875 0.19401875 0.9114671875000001 0.171665625 0.7668828125 0.12719687500000001 0.6426484375 0.0836859375 0.467621875 0.0168609375 0.42197968750000003 0 0.416653125 0.0028328125 0.574915625 0.0642078125 0.7392859374999999 0.1239625 0.8758921875000001 0.1676234375 0.9040374999999999 0.1764515625 0.9900375 0.19877499999999998 1 0.19948749999999998 1 0.19449687499999999
0 0.90385 0.18714375 0.7862796875 0.1605125 0.6312234375 0.1186578125 0.4994890625 0.0769390625 0.351903125 0.026287500000000002 0.27578593749999997 0 0.27023437499999997 0.0035249999999999995 0.45335000000000003 0.0684890625 0.585228125 0.1096203125 0.72238125 0.1507671875 0.8441765625000001 0.18049375 0.8923500000000001 0.1914265625 0.990790625 0.20854843750000002 0.9995421875 0.2083109375 0.9993515625 0.2028390625 0.9873671875 0.2028390625 0.90385 0.18714375
0 0.9124921875 0.2393046875 0.783696875 0.2140984375 0.6948531250000001 0.19150625 0.631571875 0.1729015625 0.5164734375 0.1350890625 0.3813515625 0.08567812500000001 0.1772046875 0 0.1743515625 0.0040015625 0.295828125 0.057787500000000006 0.39304375 0.0970234375 0.4628609375 0.12288906250000001 0.5368671875000001 0.1486265625 0.6210234375 0.175828125 0.6962906249999999 0.1980921875 0.792934375 0.2223484375 0.867890625 0.2382796875 0.9123015625 0.24548593749999997 0.9124921875 0.2393046875
0 1 0.2508828125 0.95216875 0.24660312499999998 0.9517875 0.2515984375 0.9999203124999999 0.255403125 1 0.2508828125
0 0.5151796875 0.23685312500000003 0.45300624999999994 0.23067031249999997 0.410290625 0.2254390625 0.40959375 0.23067031249999997 0.45506250000000004 0.2363765625 0.517653125 0.2432734375 0.6345203125000001 0.2508828125 0.7158859375 0.256353125 0.738315625 0.2570671875 0.8944765625000001 0.26501406250000004 0.8946406250000001 0.2596421875 0.7172171875 0.250646875 0.5790609375 0.24137031250000002 0.5151796875 0.23685312500000003
0 0.310778125 0.2999046875 0.23460156250000003 0.2475609375 0.1325875 0.16429218750000002 0.026854687500000002 0.07201093750000001 0.0007953125 0.0475109375 0.0003515625 0.0510484375 0.0001265625 0.05419375 0.037420312500000004 0.0885390625 0.09625 0.1412109375 0.12050156249999999 0.1623203125 0.20199375000000003 0.2301859375 0.23841874999999998 0.25709218749999996 0.2583609375 0.27149999999999996 0.2974796875 0.29786250000000003 0.33608906250000004 0.3210375 0.337790625 0.316359375 0.310778125 0.2999046875
0 0.0928890625 0.171875 0.09852187500000001 0.17407343749999998 0.1158296875 0.18351562500000002 0.1932265625 0.247515625 0.2029671875 0.25546875 0.21611093750000002 0.264678125 0.261 0.2950421875 0.265225 0.290421875 0.23891562500000002 0.27285 0.20294374999999998 0.24619375 0.150509375 0.20243906250000002 0.10333125000000001 0.16393125 0.00017656250000000002 0.076134375 0 0.0880390625 0.0654265625 0.1450296875 0.09376875 0.1663734375 0.083734375 0.1613125 0.0022312499999999997 0.1076234375 0 0.114884375 0.0237078125 0.1302875 0.0775734375 0.16329218750000002 0.0928890625 0.171875
0 0.013125000000000001 0.0662109375 0.00046875 0.0724609375 0.00203125 0.0763671875 0.01546875 0.06953125 0.013125000000000001 0.0662109375
0 0.080075 0.0338921875 0.079171875 0.035699999999999996 0.05078125 0.0484375 0.05171875 0.026953125 0.04984375 0.0123046875 0.046875 0 0.041875 0.00078125 0.045156249999999995 0.012890625 0.0478125 0.0244140625 0.0471875 0.0474609375 0.02 0.0625 0.01984375 0.0642578125 0.021249999999999998 0.0669921875 0.07921875 0.0419921875 0.09598124999999999 0.039765625 0.10968750000000001 0.0337890625 0.1335796875 0.017171875 0.13015625 0.0130859375 0.1082734375 0.027564062499999997 0.0938125 0.033665625 0.0896546875 0.035699999999999996 0.0831484375 0.0338921875 0.080075 0.0338921875
0 0.08265625 0.0419921875 0.11687499999999999 0.08046875 0.1365625 0.1 0.14046875 0.09453125 0.08687500000000001 0.03828125 0.08265625 0.0419921875
0 0.15984375 0.1236328125 0.12234375 0.15390625 0.12453125000000001 0.1578125 0.16296875 0.128125 0.15984375 0.1236328125
0 0.028134375 0.21196406250000002 0.029867187499999996 0.21726562500000002 0.0362265625 0.2148546875 0.06705781250000001 0.19968125 0.0894109375 0.18547031249999998 0.1030921875 0.1799296875 0.097696875 0.17559375 0.08998906250000001 0.1799296875 0.021775 0.1886015625 0.0225453125 0.1946234375 0.06705781250000001 0.1886015625 0.07669375 0.186915625 0.028134375 0.21196406250000002
0 0.1029546875 0.18865 0.08376875 0.18907968749999998 0.0829125 0.194646875 0.10518125 0.196359375 0.1154609375 0.185225 0.11032187499999999 0.18115625 0.1029546875 0.18865
0 0 0.1962890625 0.015625 0.196484375 0.01546875 0.1912109375 0 0.191015625 0 0.1962890625
0 0.39974396093750003 0.287449475 0.368822290625 0.27463325625 0.363736490625 0.2776847359375 0.3983199375 0.29416273125000003 0.39974396093750003 0.287449475