0 1 0.16966874999999998 0.948496875 0.164678125 0.8545984375 0.1563203125 0.6979124999999999 0.1391125 0.665875 0.135234375 0.6208859375 0.12996093749999998 0.471109375 0.11250156250000001 0.23764687499999998 0.08349218750000001 0.162503125 0.07407343749999999 0.06434999999999999 0.060582812500000006 0.013128125 0.053754687499999995 0 0.052437500000000005 0 0.05981875 0.0430515625 0.064796875 0.1680015625 0.08221875 0.2275609375 0.090059375 0.438134375 0.1167828125 0.484115625 0.1219078125 0.5703 0.1324953125 0.709040625 0.1486328125 0.764103125 0.1541890625 0.7903578125 0.1567359375 0.9565625000000001 0.1732421875 0.9858156250000001 0.1756390625 1 0.17639375 1 0.16966874999999998
0 0.46319218749999996 0.24296250000000003 0.3291109375 0.2499625 0.3307578125 0.25655 0.46648750000000005 0.2491390625 0.46319218749999996 0.24296250000000003
0 0.331746875 0.2437859375 0.451378125 0.23986562500000003 0.4565140625 0.2393515625 0.45528593749999996 0.23225625 0.3330640625 0.23760937499999998 0.331746875 0.2437859375
0 0.46319218749999996 0.20754687500000002 0.32878124999999997 0.21454843750000002 0.328121875 0.2215484375 0.46451093749999994 0.2157828125 0.46319218749999996 0.20754687500000002
0 0.322503125 0.1971234375 0.4671453125 0.1914859375 0.4671453125 0.18407500000000002 0.32211875 0.18992031250000002 0.322503125 0.1971234375
0 0.462534375 0.19560625 0.3261453125 0.20342968749999998 0.3277921875 0.21042968750000002 0.46516875 0.20219375 0.462534375 0.19560625
0 0.90453125 0.2568359375 0.8012499999999999 0.255078125 0.8006109374999999 0.2613375 0.9055359375 0.2626390625 0.90453125 0.2568359375
0 0.8328125 0.2439453125 0.806078125 0.2437640625 0.805 0.2494140625 0.83296875 0.2490234375 0.8328125 0.2439453125
0 0.9055359375 0.2457171875 0.8490375 0.2437640625 0.8500796875000001 0.25027187500000003 0.9063171875 0.25255 0.9055359375 0.2457171875
0 0.90625 0.2361328125 0.865440625 0.23497656249999999 0.8657812500000001 0.2404296875 0.9059375 0.24140625 0.90625 0.2361328125
0 0.8630984375 0.2245625 0.8623171875000001 0.2297703125 0.86796875 0.230078125 0.90359375 0.2314453125 0.9071875 0.231640625 0.9076562499999999 0.226953125 0.8630984375 0.2245625
0 0.9224593750000001 0.205359375 0.8815625 0.2044921875 0.88109375 0.21015625 0.9221999999999999 0.21186875 0.9224593750000001 0.205359375
0 0.9125781249999999 0.214734375 0.8750078125 0.2144515625 0.8750078125 0.2195421875 0.9125781249999999 0.22039218749999998 0.9125781249999999 0.214734375
0 0.8018750000000001 0.212109375 0.778815625 0.21162343749999998 0.77949375 0.2178453125 0.8019015625 0.2178453125 0.8018750000000001 0.212109375
0 0.4629203125 0.27680625000000003 0.391034375 0.2834828125 0.39259218749999997 0.288490625 0.46358750000000004 0.2820921875 0.4629203125 0.27680625000000003
0 0.391034375 0.282371875 0.4649234375 0.2745796875 0.46425625000000004 0.2684609375 0.3885859375 0.2765265625 0.3896984375 0.2820921875 0.391034375 0.282371875
0 0.36966875 0.2865421875 0.307796875 0.2907171875 0.3089109375 0.2968359375 0.3703359375 0.29238437500000003 0.36966875 0.2865421875
0 0.37055937499999997 0.2795875 0.3100234375 0.2845953125 0.3091328125 0.29099375 0.3712265625 0.28570937500000004 0.37055937499999997 0.2795875
0 0.46715625000000005 0.2196734375 0.3281078125 0.2266828125 0.330053125 0.23229531250000002 0.46715625000000005 0.22551562500000003 0.46715625000000005 0.2196734375
0 0.00023124999999999998 0.10292656250000001 0 0.1107328125 0.0383953125 0.1407984375 0.120271875 0.20151406249999998 0.12304843750000001 0.19573281250000002 0.05666718750000001 0.14600312499999998 0.00023124999999999998 0.10292656250000001