1 0.5176078125 0.3283515625 0.51778125 0.3229515625 0.5201171875 0.2780765625 0.5361015625000001 0.2773671875 0.5373046875 0.2722171875 0.5369921875 0.23569374999999998 0.49324218750000004 0.23471718749999998 0.4951390625 0.2762875 0.5104296875000001 0.2779375 0.5112125 0.3279203125 0.5176078125 0.3283515625
0 0.50661875 0.130078125 0.5296875 0.2333984375 0.535725 0.23399999999999999 0.512515625 0.1307921875 0.50661875 0.130078125
0 0.5158515625 0.2251671875 0.5181984374999999 0.235528125 0.5225765625000001 0.2349390625 0.52210625 0.23200781250000002 0.4978671875 0.1410171875 0.4933015625 0.14172968749999998 0.5158515625 0.2251671875
0 0.5506249999999999 0.324609375 0.53828125 0.2564453125 0.5346875 0.259375 0.54625 0.3228515625 0.5471874999999999 0.3279296875 0.5506249999999999 0.324609375
0 0.51948125 0.2903671875 0.52745 0.2915390625 0.53135625 0.2915390625 0.5337 0.2891953125 0.53495 0.2845078125 0.5352625 0.2780625 0.5315125 0.2780625 0.5302625 0.283921875 0.52995 0.286265625 0.51979375 0.2848984375 0.51948125 0.2903671875
0 0.5118750000000001 0.2927734375 0.5125 0.2892578125 0.5021875 0.2884765625 0.49953125 0.2814453125 0.49859375000000006 0.275390625 0.4959375 0.2759765625 0.49703125000000004 0.28515625 0.49984375 0.2923828125 0.50203125 0.2923828125 0.5118750000000001 0.2927734375
0 0.50125 0.3025390625 0.49109375 0.2783203125 0.4878125 0.28046875 0.49812500000000004 0.3044921875 0.50125 0.3025390625
0 0.5014062499999999 0.2359375 0.48656249999999995 0.20703125 0.48343749999999996 0.2109375 0.49640625 0.2369140625 0.5014062499999999 0.2359375
0 0.3306921875 0.23741718750000002 0.2681265625 0.17300312499999998 0.212028125 0.11403125 0.1773359375 0.076290625 0.171934375 0.081915625 0.208425 0.1215453125 0.26909375 0.1849625 0.327840625 0.2423171875 0.3306921875 0.23741718750000002
0 0.18489687500000002 0.0627875 0.18075625 0.06683750000000001 0.240475 0.1375703125 0.329615625 0.2361046875 0.3352890625 0.23219375000000003 0.261725 0.1515375 0.18489687500000002 0.0627875
0 0.26333125 0.09668750000000001 0.188890625 0.000303125 0.181915625 0.0006671875 0.25969375 0.100021875 0.26333125 0.09668750000000001
0 0.2308390625 0.042131249999999995 0.20295468749999998 0 0.19689218749999998 0.0012125 0.22720156249999998 0.0442515625 0.2308390625 0.042131249999999995
1 0.4462890625 0.0708015625 0.4521484375 0.0708015625 0.455078125 0.0744625 0.45582500000000004 0.1294515625 0.45621718749999995 0.1387671875 0.45703125 0.14526406249999999 0.4577859375 0.150290625 0.462890625 0.15014687499999999 0.462890625 0.09399375 0.46268906249999997 0.0924296875 0.462890625 0.0891109375 0.462890625 0.064696875 0.4599609375 0.061035937500000005 0.4560546875 0.061035937500000005 0.4541015625 0.0634765625 0.4443359375 0.0634765625 0.443359375 0.0671390625 0.4462890625 0.0708015625