1 0.45748749999999994 0.28021875 0.455078125 0.4675296875 0.4609375 0.4699703125 0.46449375000000004 0.2809796875 0.45748749999999994 0.28021875
0 0.41156249999999994 0.26953125 0.31201406249999997 0.2775921875 0.313165625 0.282384375 0.4132703125 0.27351562500000004 0.41156249999999994 0.26953125
0 0.13109375 0.1802734375 0.15671875 0.188671875 0.1575 0.18359375 0.1303125 0.175 0.1290625 0.179296875 0.13109375 0.1802734375
0 0.16046875 0.17734375 0.135625 0.1669921875 0.13390625 0.171484375 0.15953124999999999 0.1814453125 0.16046875 0.17734375
0 0.386190625 0.2542828125 0.3780203125 0.2520796875 0.302896875 0.233659375 0.18763749999999998 0.20235937499999998 0.18562499999999998 0.20859375 0.27766406250000003 0.23479687500000002 0.3862546875 0.2599984375 0.386190625 0.2542828125
0 0.2417328125 0.2090953125 0.1871875 0.1927734375 0.18683906249999999 0.198865625 0.2910390625 0.2290578125 0.386853125 0.2527625 0.38725312500000003 0.2470234375 0.2417328125 0.2090953125
0 0.29265625 0.216015625 0.18812500000000001 0.1849609375 0.1871875 0.191015625 0.2934375 0.2224609375 0.38734375 0.2470703125 0.38796875000000003 0.24140625 0.29265625 0.216015625
0 0.455184375 0.3479453125 0.2055734375 0.368765625 0.205803125 0.3753296875 0.45609687499999996 0.35422031249999997 0.455184375 0.3479453125
0 0.3529671875 0.348803125 0.18823281249999999 0.35450624999999997 0.1880046875 0.3602109375 0.347034375 0.35507656249999997 0.45678124999999997 0.34680468750000004 0.45609687499999996 0.34252812499999996 0.3529671875 0.348803125
0 0.5048609374999999 0.313890625 0.46327968750000004 0.33163906249999997 0.464090625 0.3377234375 0.5109453125 0.31769375 0.5048609374999999 0.313890625
0 0.46388749999999995 0.34786562499999996 0.525346875 0.367134375 0.631690625 0.39636875 0.737725 0.41606875 0.77038125 0.42012499999999997 0.769565625 0.4145 0.7077046874999999 0.405928125 0.6395515625 0.391728125 0.58336875 0.377278125 0.4649109375 0.3427953125 0.46388749999999995 0.34786562499999996