1 0.2666015625 0 0.2587890625 0.0146484375 0.2451171875 0.0122078125 0.236328125 0.02319375 0.236328125 0.042725 0.2412109375 0.048828125 0.2646875 0.0478515625 0.265625 0.064696875 0.232421875 0.072021875 0.23109375000000001 0.082421875 0.26421875 0.080859375 0.263671875 0.0866703125 0.25390625 0.416259375 0.265625 0.4187015625 0.2734375 0.19653281250000001 0.2919921875 0.1806640625 0.3367859375 0.18067187499999998 0.33984375 0.17456093749999999 0.3375265625 0.16826875 0.2978515625 0.1708984375 0.2734375 0.18676718750000001 0.27734375 0.0866703125 0.306640625 0.0769046875 0.3056640625 0.068359375 0.2778125 0.0673828125 0.27734375 0.045165625 0.2958984375 0.051270312500000005 0.302734375 0.045165625 0.3046875 0.028076562500000003 0.2998046875 0.0146484375 0.2822265625 0.017090625 0.2763671875 0 0.2666015625 0
1 0.8529546874999999 0 0.8650171875 0.28930625 0.8630640625 0.4479984375 0.86599375 0.4541015625 0.8786890625 0.45288125 0.8845484375 0.44555625 0.8845484375 0.345459375 0.8747828125 0.025634374999999997 0.8748312500000001 0.018951562499999998 0.8722312499999999 0 0.8529546874999999 0
1 0.583984375 0.18920937499999999 0.586453125 0.24703124999999998 0.5935609375 0.248178125 0.59765625 0.18920937499999999 0.5927734375 0.1806640625 0.5867828125 0.183503125 0.583984375 0.18920937499999999
1 0.341796875 0.2624515625 0.341796875 0.3137203125 0.34765625 0.3137203125 0.3513078125 0.26057031249999996 0.36838906250000003 0.2565484375 0.3664546875 0.25050625000000004 0.349609375 0.25024375 0.349609375 0.22338906249999999 0.3447265625 0.22216874999999997 0.341796875 0.25024375 0.3243421875 0.25189062500000003 0.32421875 0.25756875 0.341796875 0.2624515625
1 0.537084375 0.376859375 0.537109375 0.455321875 0.544921875 0.4602046875 0.54411875 0.3777171875 0.537084375 0.376859375
0 0.2472625 0.050103125000000005 0.2421875 0.050949999999999995 0.2482765625 0.0596171875 0.2587625 0.0653234375 0.262990625 0.063 0.2513203125 0.055389062499999996 0.2472625 0.050103125000000005
0 0.20453125 0 0.23275625 0.043762499999999996 0.23512343750000003 0.0365734375 0.211784375 0 0.20453125 0
0 0.16125 0 0.16765625 0.0076171875 0.19 0.0345703125 0.2134375 0.0556640625 0.22765624999999998 0.0654296875 0.2346875 0.0701171875 0.241875 0.0658203125 0.22984374999999999 0.0591796875 0.2071875 0.0416015625 0.19078124999999999 0.025390625 0.18 0.0142578125 0.1690625 0 0.16125 0
0 0.2017671875 0.1029359375 0.13748125 0 0.1295125 0.0013281249999999999 0.17281249999999998 0.0720546875 0.2187671875 0.144440625 0.257003125 0.19705 0.2591453125 0.1826265625 0.2017671875 0.1029359375
0 0.8236812499999999 0.046184375 0.824496875 0.039390625 0.7375640625 0.02750625 0.575109375 0 0.5533765625 0.00305625 0.6381359375 0.0183375 0.7218078125 0.032259375 0.8236812499999999 0.046184375
0 0.80936875 0.07648437500000001 0.7448484375 0.0715625 0.7036781249999999 0.0668828125 0.66155 0.060582812500000006 0.5821875000000001 0.0423828125 0.49434531249999997 0.015903125 0.44345625 0.000378125 0.4409375 0.000390625 0.425625 0 0.49697500000000006 0.0242125 0.5776343749999999 0.0496171875 0.6411015625 0.06343750000000001 0.698325 0.0734703125 0.7553124999999999 0.0794921875 0.80828125 0.0841796875 0.80936875 0.07648437500000001
0 0.3094875 0.0818609375 0.44248281250000004 0.1358328125 0.5115875 0.162403125 0.583721875 0.1872984375 0.587109375 0.1817625 0.52046875 0.158203125 0.4774015625 0.1416953125 0.31140625 0.0751953125 0.3094875 0.0818609375
0 0.23374999999999999 0.23828125 0.2078125 0.25234375 0.21055625 0.25739999999999996 0.23547500000000002 0.2431546875 0.2576890625 0.226975 0.25453125 0.2234375 0.23374999999999999 0.23828125
0 0.257725 0.204240625 0.1889375 0.2342703125 0.1910125 0.23794062500000002 0.259240625 0.207440625 0.257725 0.204240625
0 0.24723437499999998 0.2052265625 0.136015625 0.203421875 0.1350515625 0.2103421875 0.24723437499999998 0.2103421875 0.24723437499999998 0.2052265625
0 0.3234375 0.2533203125 0.274375 0.2197265625 0.27218749999999997 0.225 0.32234375000000004 0.2591796875 0.3234375 0.2533203125
0 0.27296875 0.2109375 0.34109375000000003 0.2494140625 0.34187500000000004 0.244140625 0.275 0.204296875 0.27296875 0.2109375
0 0.427075 0.31175156249999997 0.3507859375 0.26963906249999997 0.348915625 0.2764203125 0.42449843749999994 0.319215625 0.427075 0.31175156249999997
0 0.4408015625 0.29890625000000004 0.44180937499999995 0.2984859375 0.4455046875 0.2947078125 0.3683125 0.2563375 0.36389218749999996 0.2611234375 0.4115828125 0.2848421875 0.4408015625 0.29890625000000004
0 0.3949421875 0.2033203125 0.283975 0.1931328125 0.2833328125 0.19875 0.39256718749999997 0.2101484375 0.4590640625 0.221725 0.5338734374999999 0.23300625 0.5332828125 0.22683749999999997 0.3949421875 0.2033203125
0 0.694828125 0.2135609375 0.69359375 0.216015625 0.692671875 0.218684375 0.714890625 0.2248875 0.7444437500000001 0.23162656250000002 0.745521875 0.2265046875 0.694828125 0.2135609375
0 0.4877953125 0.3826578125 0.3954546875 0.3826578125 0.39565625 0.387175 0.48819687500000003 0.387175 0.4877953125 0.3826578125
0 0.5375984375 0.3830796875 0.5008781250000001 0.3822234375 0.5012218749999999 0.3869421875 0.53725625 0.387584375 0.5375984375 0.3830796875