1 0.6103515625 0.029296875 0.6484375 0.030517187499999997 0.6407015625 0.061717187500000006 0.649609375 0.07478749999999999 0.662109375 0.4870609375 0.671875 0.4675296875 0.662109375 0.0695796875 0.6748046875 0.029296875 0.69921875 0.025634374999999997 0.6962890625 0.007325 0.6884765625 0.017090625 0.6533203125 0.0122078125 0.6123046875 0.0146484375 0.607421875 0.0207515625 0.6103515625 0.029296875
1 0.736740625 0.01428125 0.72408125 0.013123437499999998 0.69140625 0.435790625 0.6875 0.5456546875 0.705078125 0.5456546875 0.705078125 0.426025 0.720703125 0.2722171875 0.736740625 0.01428125
1 0.525390625 0.377196875 0.530334375 0.3806171875 0.5321921875 0.3801015625 0.53260625 0.2298203125 0.5263671875 0.2294921875 0.5241421875000001 0.23172500000000001 0.525390625 0.377196875
1 0.48841875 0.34693593749999996 0.4921875 0.3039546875 0.5048828125 0.30029374999999997 0.506471875 0.2900671875 0.473975 0.29066875 0.4681984375 0.287959375 0.46875 0.299071875 0.482421875 0.3039546875 0.483121875 0.3445296875 0.4848078125 0.3484390625 0.48841875 0.34693593749999996
1 0.48095625000000003 0.3346 0.481678125 0.3270765625 0.45014374999999995 0.3270765625 0.45158750000000003 0.336103125 0.46213437500000004 0.3376015625 0.46193906250000005 0.3427234375 0.46097656249999996 0.34633437499999997 0.472290625 0.34633437499999997 0.46964218750000003 0.3376078125 0.48095625000000003 0.3346
0 0.664109375 0.12280312499999999 0.6632609375 0.12937656250000001 0.69329375 0.12768125 0.706528125 0.12683125 0.7150125 0.1264078125 0.7163703124999999 0.11940781250000002 0.664109375 0.12280312499999999
0 0.784134375 0.123825 0.784625 0.11616249999999999 0.7304359375 0.118 0.7294562499999999 0.12535625 0.74024375 0.1256625 0.784134375 0.123825
0 0.7954125000000001 0.1173859375 0.7954125000000001 0.12596875000000002 0.8095703125 0.134278125 0.8363609375 0.1370015625 0.83984375 0.13549843749999999 0.8628421875000001 0.1311796875 0.8633312500000001 0.1256625 0.7954125000000001 0.1173859375
0 0.8751234374999999 0.1263875 0.8760656250000001 0.1334515625 1 0.15014687499999999 0.9990234375 0.1416015625 0.8751234374999999 0.1263875
0 0.3046875 0.13549843749999999 0.330653125 0.1345875 0.5904890625 0.13151718750000002 0.6514171875 0.1321890625 0.65234375 0.12817343750000001 0.6518937499999999 0.12174218750000002 0.6108890625 0.12413749999999998 0.130246875 0.13068125 0.1292046875 0.13806093749999998 0.210478125 0.135890625 0.3046875 0.13549843749999999
0 0 0.1441390625 0.0764109375 0.141534375 0.07675937499999999 0.13241875 0 0.13549843749999999 0 0.1441390625
0 0.8779484375 0.17309375 0.877321875 0.18015781250000001 1 0.19165000000000001 0.9997812500000001 0.18486875 0.8779484375 0.17309375
0 0.876953125 0.05493125 0.951171875 0.0012203125 0.9398078125 0 0.871040625 0.043960937500000005 0.87109375 0.05493125 0.876953125 0.05493125
0 0.7658234375 0.115059375 0.7799703124999999 0.10052343749999999 0.7822953125 0.097375 0.7797765625 0.09374218749999999 0.763671875 0.10864218750000001 0.7658234375 0.115059375
0 0.796875 0.0866703125 0.85546875 0.02319375 0.8537703125 0.0168765625 0.7890625 0.084228125 0.7881453125 0.0859578125 0.796875 0.0866703125
0 0.799071875 0.172328125 0.8633312500000001 0.180525 0.8640671875000001 0.1710234375 0.8329281249999999 0.168265625 0.7961484375000001 0.1652015625 0.799071875 0.172328125
0 0.78683125 0.1645875 0.7757968749999999 0.16611875 0.772609375 0.1676515625 0.75814375 0.16857187499999998 0.727003125 0.1658125 0.7254343750000001 0.17315 0.7696671875 0.1768484375 0.7874234375 0.170921875 0.78683125 0.1645875
0 0.7124046875000001 0.16678593749999998 0.665425 0.16892968749999998 0.6645671875 0.1737578125 0.71223125 0.1736328125 0.7124046875000001 0.16678593749999998
0 0.584334375 0.055265625 0.6483375 0.0469453125 0.646690625 0.040356249999999996 0.5290812500000001 0.053945312499999995 0.44831875 0.0633609375 0.380328125 0.0681234375 0.2584609375 0.0770015625 0.25408906249999996 0.0872453125 0.46066250000000003 0.0722203125 0.53730625 0.0623046875 0.584334375 0.055265625
0 0.52555625 0.229853125 0.531678125 0.235528125 0.545909375 0.20050625000000002 0.568365625 0.14770468750000001 0.5825359375 0.1169609375 0.602853125 0.0641625 0.6130875 0.031709375 0.6084765625 0.0292375 0.564059375 0.144475 0.52555625 0.229853125
0 0.7198625 0.0579109375 0.7218921875000001 0.0471234375 0.720303125 0.046053125 0.6618906250000001 0.08997031250000001 0.6633843749999999 0.0981734375 0.6796203125 0.0888234375 0.7198625 0.0579109375
0 0.6485562500000001 0.1033375 0.6256984375 0.1211921875 0.6318890625 0.12059843750000002 0.6395062499999999 0.118984375 0.650196875 0.10922812500000001 0.6485562500000001 0.1033375
0 0.7175578125000001 0.09353281249999999 0.7156906249999999 0.0837765625 0.7056796875 0.093321875 0.67505625 0.12202656249999999 0.6818906250000001 0.12204062499999999 0.704153125 0.1052 0.7175578125000001 0.09353281249999999
0 0.054953125000000005 0.17683437500000002 0.067334375 0.18338125 0.07066718749999999 0.17564375000000002 0.00114375 0.1433203125 0 0.151540625 0.004003125 0.1544 0.054953125000000005 0.17683437500000002
0 0.6533156250000001 0.176296875 0.6242671875 0.1792734375 0.42330781249999994 0.200696875 0.282828125 0.208434375 0.282309375 0.21871093749999998 0.3847359375 0.21259999999999998 0.6509343750000001 0.1858203125 0.6533156250000001 0.176296875
0 0 0.2192046875 0.2241828125 0.22061562499999998 0.226265625 0.216228125 0.22588124999999998 0.21372968750000002 0 0.21122812500000002 0 0.2192046875
0 0 0.19219375 0.0012156250000000001 0.19447343749999998 0.1839859375 0.186115625 0.48936718749999997 0.17733749999999998 0.6530796875 0.17624375 0.6536796875 0.16836875 0.4735015625 0.1716828125 0.194609375 0.177759375 0 0.184596875 0 0.19219375
0 0.2888625 0.36589218749999997 0.34495 0.367696875 0.34543124999999997 0.36228125 0.2805375 0.36109375 0.2888625 0.36589218749999997
0 0.45062499999999994 0.35957343750000004 0.387315625 0.3625828125 0.387075 0.3679984375 0.45134687500000004 0.36589218749999997 0.45062499999999994 0.35957343750000004
0 0.59488125 0.20699375 0.5653171875 0.26523281249999997 0.5540828125 0.28536562499999996 0.5423015625 0.2961953125 0.536821875 0.30057812500000003 0.532184375 0.301115625 0.532184375 0.307865625 0.5426828125000001 0.304490625 0.5498828125 0.296990625 0.5609828125 0.2823671875 0.58378125 0.24299218749999998 0.61108125 0.17811875 0.6271328125 0.1317953125 0.62340625 0.13097343749999998 0.59488125 0.20699375
0 0.61228125 0.19049375 0.59038125 0.2437421875 0.5729828125 0.2767421875 0.5621828125 0.296990625 0.5531828125 0.305615625 0.5426828125000001 0.313865625 0.5369828125 0.313865625 0.532184375 0.315365625 0.5327828125 0.320240625 0.5408828125 0.320240625 0.5471828125 0.319115625 0.5525828125000001 0.314240625 0.5630828125 0.30336562499999997 0.5726828125 0.289490625 0.59368125 0.2489921875 0.62188125 0.18374375 0.62638125 0.16949375 0.62098125 0.16836875 0.61228125 0.19049375
1 0.8046875 0.23559531250000001 0.79296875 0.091553125 0.7861328125 0.08545 0.7821312500000001 0.08993124999999999 0.783203125 0.12084999999999999 0.7964156250000001 0.3122875 0.802734375 0.4772953125 0.806640625 0.5090328125 0.814453125 0.511475 0.8046875 0.23559531250000001
1 0.8936 0.51155625 0.8872656250000001 0.321096875 0.8828125 0.24536093750000001 0.869140625 0.0378421875 0.869140625 0.0109859375 0.890625 0.0012203125 0.8564453125 0 0.8671875 0.2551265625 0.8715249999999999 0.3354078125 0.87915625 0.5121578125 0.8936 0.51155625
0 0.7262421875 0.19388125 0.7510734375 0.24402343750000002 0.7877484375 0.31374375 0.7950078125 0.329025 0.796153125 0.3189953125 0.7720859375 0.2717203125 0.7277703125 0.18719531250000002 0.7262421875 0.19388125
0 0.68735 0.027475 0.6675671875 0.0671171875 0.661915625 0.08007031249999999 0.6647078125 0.0860390625 0.6680171875 0.08052343749999999 0.6738484375 0.0686875 0.6973984375 0.02708125 0.68735 0.027475
0 0.5879234375 0.07280468749999999 0.5847046875 0.073828125 0.44580624999999996 0.1021921875 0.3577125 0.11261874999999999 0.281965625 0.1163734375 0.2918484375 0.1251328125 0.3916203125 0.12388125000000001 0.43533437499999994 0.11845937499999999 0.51229375 0.1046953125 0.5843703125 0.0900953125 0.58649375 0.08415 0.40496875 0.1163734375 0.5895859375 0.07950937500000001 0.5879234375 0.07280468749999999
0 0.6412828125 0.0718828125 0.639540625 0.059296875000000006 0.600040625 0.0713984375 0.5984921875 0.07696562500000001 0.62501875 0.0687359375 0.62501875 0.07043125 0.59655625 0.07986875 0.5955874999999999 0.083984375 0.59655625 0.0854375 0.6412828125 0.0718828125