1 1 0.005503124999999999 0.97083125 0.0149703125 0.9513578125000001 0.022015625 0.9510421875 0.0114 0.9353187500000001 0.010615625 0.9353187500000001 0.0235875 0.9129890625 0.017690624999999998 0.9095984375 0.0193171875 0.907328125 0.027125 0.9076421874999999 0.0393125 0.9095296875000001 0.04678125 0.91484375 0.046875 0.95546875 0.0390625 0.9648890625 0.05232656249999999 0.9744093749999999 0.2122265625 0.9796875 0.4736328125 0.9807046875 0.5039906249999999 0.9921875 0.5029296875 0.9828078124999999 0.05071250000000001 1 0.0263671875 1 0.005503124999999999
1 0.0402046875 0 0.039582812499999995 0.10311875 0.0397171875 0.11219375000000001 0.0351828125 0.11121406250000002 0.0331796875 0.102821875 0.009228125 0.10400781249999999 0.0075734375 0.12319687500000001 0.040640625 0.122209375 0.0394734375 0.138865625 0.0089828125 0.13928281250000002 0.0089828125 0.159271875 0.0251453125 0.159271875 0.0388078125 0.1596875 0.037640625 0.179259375 0.009804687500000001 0.1776125 0.0107359375 0.1926234375 0.0395609375 0.1930390625 0.0389171875 0.25851562499999997 0.0411796875 0.463671875 0.0532171875 0.46446249999999994 0.051976562500000004 0.256321875 0.053904687500000006 0.21946249999999998 0.07968906249999999 0.2178484375 0.0791265625 0.2063890625 0.052468749999999995 0.2063890625 0.052468749999999995 0.19223125000000002 0.0816265625 0.1884828125 0.0815484375 0.175965625 0.052301562499999996 0.177075 0.05181718749999999 0.15689843750000002 0.0824734375 0.1554421875 0.082140625 0.1489859375 0.08080781249999999 0.1417 0.05181718749999999 0.142740625 0.05131718750000001 0.12212656250000001 0.08130781249999999 0.1204609375 0.0807015625 0.1058453125 0.0643296875 0.1056015625 0.051203125 0.106675 0.0501625 0.0317078125 0.0622390625 0.027623437499999997 0.0758796875 0.025670312499999997 0.0757375 0.017678125 0.0503609375 0.0185546875 0.05038125 0 0.0402046875 0
1 0.07890625 0.279296875 0.07850312499999999 0.35592812500000004 0.0860921875 0.356225 0.084375 0.2822265625 0.07890625 0.279296875
1 0.1431984375 0.300065625 0.1439796875 0.290628125 0.13125 0.2900390625 0.130878125 0.2615234375 0.13932187499999998 0.259959375 0.138696875 0.22399375 0.121865625 0.22552500000000003 0.12398281250000001 0.28981875 0.11171875 0.2904390625 0.1115765625 0.303403125 0.12412343749999999 0.302603125 0.124365625 0.308375 0.11129375 0.308375 0.11200312500000001 0.32009375 0.1242234375 0.3186734375 0.1252171875 0.32613125 0.11385 0.327375 0.11441874999999999 0.3357203125 0.12479218750000001 0.33643125 0.1258046875 0.3552765625 0.1344359375 0.3564625 0.13374375 0.336253125 0.14496875 0.335365625 0.14496875 0.3264859375 0.1324640625 0.3266640625 0.1324640625 0.31920625 0.1461046875 0.31831875 0.1455828125 0.3084515625 0.1317546875 0.308375 0.1327484375 0.3016265625 0.1431984375 0.300065625
0 0 0.015349999999999999 0.03855625 0.0186828125 0.038653124999999997 0.011640625 0 0.0084453125 0 0.015349999999999999
0 0 0.1294140625 0.0395234375 0.133790625 0.040690625 0.12524531249999998 0 0.12045312500000001 0 0.1294140625
0 0.07360625 0.016028124999999997 0.05897187499999999 0.000046875 0.052009375000000004 0 0.0667359375 0.0169796875 0.07360625 0.016028124999999997
0 0.0767328125 0.025859375 0.0724703125 0.026214062500000003 0.076590625 0.0484109375 0.0867359375 0.1052625 0.092078125 0.10487968750000001 0.091415625 0.1006203125 0.0767328125 0.025859375
0 0.072659375 0 0.092409375 0.1048828125 0.1020484375 0.10604374999999999 0.0831734375 0 0.0779171875 0 0.0904203125 0.06936875 0.0770640625 0 0.072659375 0
0 0.7745953125 0.1326640625 0.610078125 0.10203906250000001 0.48033125 0.0791265625 0.351446875 0.0575765625 0.2043328125 0.0353890625 0.087009375 0.0195078125 0.087053125 0.026934375 0.19253125 0.041118749999999996 0.3365796875 0.0631234375 0.4936328125 0.08785 0.6514 0.1161265625 0.847115625 0.1526265625 0.9526765625 0.1716828125 0.9722578125 0.1750859375 0.9717140625 0.168734375 0.9181640625 0.15920625 0.7745953125 0.1326640625
0 0.20703749999999999 0.11995937500000001 0.0805453125 0.1040796875 0.08066562499999999 0.114015625 0.209671875 0.1298125 0.3968125 0.1527234375 0.5886140625 0.1784859375 0.7485625 0.2002640625 0.8464109375 0.2120609375 0.8469546875 0.20616249999999997 0.7206140624999999 0.18914843750000002 0.5661234375 0.168278125 0.407825 0.1462734375 0.20703749999999999 0.11995937500000001
0 0.3658 0.1723140625 0.19954375 0.14849375 0.0523546875 0.12694375 0.0523203125 0.13647343750000002 0.2110359375 0.1580078125 0.3584171875 0.1800109375 0.5057453125 0.19770625 0.679259375 0.21768281250000002 0.8073578124999999 0.22970625 0.8501515625 0.23242968749999998 0.8503328124999999 0.22630468750000002 0.7032984375 0.21292031250000001 0.5616671875 0.19749375 0.3658 0.1723140625
0 0.11235312500000001 0.1451265625 0.0974328125 0.1437046875 0.099990625 0.1566671875 0.11050625 0.20159375000000002 0.1183203125 0.226096875 0.126278125 0.2239671875 0.1146265625 0.188275 0.10695312500000001 0.156134375 0.10880000000000001 0.15578125 0.113346875 0.1760234375 0.12727187499999998 0.222190625 0.13338125 0.22148125 0.1221359375 0.1842984375 0.11235312500000001 0.1451265625
0 0.067821875 0.295725 0.052971875 0.26488125 0.05213593749999999 0.2750765625 0.062353124999999995 0.29840625 0.067821875 0.295725
0 0.056528125 0.2410953125 0.051556250000000005 0.246365625 0.06573124999999999 0.27716562499999997 0.0728625 0.2936875 0.0786984375 0.287359375 0.0661015625 0.262246875 0.056528125 0.2410953125
0 0.0686453125 0.2619140625 0.07799375 0.28288125000000003 0.0832953125 0.2775171875 0.060703125000000004 0.23081562500000002 0.056318749999999994 0.235084375 0.0686453125 0.2619140625
0 0.06199375 0.22160937500000003 0.086271875 0.2801390625 0.0922984375 0.276265625 0.0680203125 0.219028125 0.06199375 0.22160937500000003
0 0.10851875 0.1338890625 0.1061734375 0.1170796875 0.09116093750000001 0.11590625000000002 0.09288125 0.13310781249999998 0.10851875 0.1338890625
0 0.9085109375 0.01546875 0.8436875 0 0.834846875 0.0034375000000000005 0.9069390625 0.0213609375 0.9085109375 0.01546875
0 0.9350296874999999 0.0083484375 0.904778125 0.000246875 0.8929921875 0.0024546875 0.934440625 0.0144859375 0.9350296874999999 0.0083484375