1 0.25259375 0 0.251953125 0.013428124999999999 0.24236718750000003 0.0077296875000000004 0.23951250000000002 0.014271875 0.24379374999999998 0.0225953125 0.255859375 0.0500484375 0.255859375 0.10375937500000001 0.2138671875 0.107421875 0.2109375 0.11352500000000001 0.2138671875 0.1196296875 0.2529296875 0.1171875 0.255859375 0.13061562499999999 0.25390625 0.511475 0.263671875 0.513915625 0.26894062500000004 0.2422859375 0.2715171875 0.2536796875 0.2790484375 0.2576453125 0.286778125 0.2509546875 0.28638125 0.2237046875 0.2844 0.21528125 0.2695359375 0.209584375 0.26953125 0.17944374999999999 0.2919921875 0.1513671875 0.3446796875 0.1457046875 0.34784375 0.13878125 0.347053125 0.1321890625 0.3330078125 0.1318359375 0.287453125 0.144715625 0.2724609375 0.166015625 0.26953125 0.16235312500000001 0.26953125 0.12084999999999999 0.3095703125 0.1171875 0.3125 0.10864218750000001 0.26953125 0.10375937500000001 0.26953125 0.0598140625 0.275390625 0.045165625 0.272096875 0 0.25259375 0
1 0.408203125 0.2722171875 0.4089484375 0.292615625 0.40828437500000003 0.30012500000000003 0.3916 0.2996453125 0.39154374999999997 0.30229531249999997 0.3915140625 0.30648125 0.4111671875 0.3108296875 0.40990000000000004 0.418134375 0.41686875 0.41971875000000003 0.41876875 0.3120171875 0.438409375 0.30805781250000003 0.437625 0.3015625 0.42055781249999996 0.30060312499999997 0.42183593750000004 0.27225156250000004 0.4381078125 0.27319218749999996 0.4381078125 0.2606734375 0.3902921875 0.2556671875 0.39179375 0.2713140625 0.408203125 0.2722171875
0 0.09845000000000001 0.08515937500000001 0.0832578125 0.0718671875 0.013978125 0.009196875 0.010634375 0.0160328125 0.079003125 0.0786234375 0.1162484375 0.10685625000000001 0.13010468749999998 0.12006406249999999 0.16748749999999998 0.15064375000000002 0.22363906249999999 0.19143125 0.254025 0.21525937499999998 0.256153125 0.20366562500000002 0.1962921875 0.160365625 0.179884375 0.145553125 0.1406859375 0.11022812500000001 0.061682812499999996 0.043 0.013978125 0 0.0091015625 0.0017859375 0.06867187500000001 0.0570546875 0.09845000000000001 0.08515937500000001
0 0.1574296875 0.022053125 0.1894578125 0.05903437499999999 0.2147015625 0.08685781249999999 0.21904374999999998 0.083125 0.175265625 0.032659375000000004 0.1462328125 0.0003234375 0.1374171875 0.00044531249999999996 0.1574296875 0.022053125
0 0.2118609375 0.09199531250000001 0.180734375 0.1459859375 0.18411249999999998 0.1487015625 0.2058296875 0.11220468750000001 0.22754531249999999 0.078421875 0.2509515625 0.040115625 0.2485390625 0.034084375 0.2118609375 0.09199531250000001
0 0.23764531249999998 0.10589375000000001 0.25543125 0.077703125 0.2541484375 0.0708265625 0.247546875 0.08136875 0.23342812500000001 0.1040609375 0.23764531249999998 0.10589375000000001
0 0.19143749999999998 0.1550015625 0.21723281249999998 0.123678125 0.2118890625 0.122296875 0.1890421875 0.1510859375 0.1884890625 0.15223906250000002 0.19143749999999998 0.1550015625
0 0.219075 0.1241390625 0.1929109375 0.15684375 0.196228125 0.1602984375 0.22368125 0.126903125 0.219075 0.1241390625
0 0.07428749999999999 0.2398625 0.0744953125 0.24535625 0.088515625 0.24274062500000002 0.1029546875 0.23593906250000002 0.1192765625 0.22390625000000003 0.15129375 0.19382656250000002 0.1489921875 0.1904265625 0.12367187500000001 0.21318125000000002 0.10358281250000001 0.22966250000000002 0.0939578125 0.2348921875 0.0855859375 0.2377703125 0.07428749999999999 0.2398625
0 0.13135468749999998 0.25303906249999997 0.1223125 0.266225 0.125775 0.270453125 0.15621875000000002 0.22509843749999997 0.19263593750000002 0.16984375000000002 0.1883671875 0.16796093750000002 0.13135468749999998 0.25303906249999997
0 0.1240578125 0.24737031250000002 0.17698750000000002 0.159421875 0.172184375 0.15764375 0.15101718749999998 0.192775 0.1204234375 0.244803125 0.1240578125 0.24737031250000002
0 0.221978125 0 0.2447359375 0.0378484375 0.24782031249999997 0.0349546875 0.2302703125 0 0.221978125 0
0 1 0.072953125 0.9540515624999999 0.069803125 0.80104375 0.057821875 0.6943734375 0.048975000000000005 0.526740625 0.034696875 0.41362343749999997 0.0239171875 0.323746875 0.01650625 0.26985000000000003 0.012801562499999999 0.272240625 0.018035937499999998 0.33846875 0.02395 0.43052812500000004 0.031634375 0.6029625000000001 0.047540624999999996 0.805625 0.06475625 1 0.07992031250000001 1 0.072953125
0 0.3093953125 0 0.305284375 0.0373109375 0.3104671875 0.0382046875 0.31547187499999996 0 0.3093953125 0
0 0.2906265625 0.0196625 0.282584375 0.018990625 0.2902703125 0.0310546875 0.2977765625 0.038875 0.30403281249999997 0.0355234375 0.2947375 0.0252453125 0.2906265625 0.0196625
0 0.9747890625 0.100353125 0.96421875 0.099609375 0.87765625 0.09375 0.804653125 0.0879921875 0.7156609375 0.07986875 0.6135640625 0.0709359375 0.5252578125 0.061459375000000004 0.40526249999999997 0.049275 0.30911093749999996 0.0397984375 0.2792203125 0.0357375 0.280328125 0.04130625 0.2985765625 0.0441578125 0.3347546875 0.048681249999999995 0.395678125 0.05513749999999999 0.507909375 0.0665546875 0.609365625 0.0753640625 0.7895953125 0.09136093749999999 0.89404375 0.100353125 1 0.106734375 0.999384375 0.10122187499999999 0.9747890625 0.100353125
0 1 0.1120875 0.9707546875 0.11046562499999998 0.8973281249999999 0.1050484375 0.8089562499999999 0.098821875 0.7213265625 0.0909703125 0.65429375 0.0844734375 0.5216859375 0.0714765625 0.33249375 0.0509 0.28549375 0.045484375 0.286584375 0.052525 0.34788125000000003 0.0587515625 0.49850000000000005 0.074725 0.638559375 0.0879921875 0.81455 0.1053203125 0.9538593750000001 0.1147953125 1 0.1177734375 1 0.1120875
0 0.384309375 0.151775 0.3432703125 0.0577265625 0.3374875 0.05874375 0.35246093749999996 0.0964671875 0.3761890625 0.1523296875 0.384309375 0.151775
0 0.2810875 0.0888015625 0.2740453125 0.078171875 0.2700984375 0.0815484375 0.283603125 0.103884375 0.2842265625 0.1041453125 0.28983593750000003 0.10310468749999999 0.2810875 0.0888015625
0 0.3116546875 0.11804531250000001 0.31131406250000004 0.1229546875 0.316778125 0.12402187499999999 0.33061093750000003 0.1325609375 0.333171875 0.128078125 0.3195109375 0.11911093749999999 0.3116546875 0.11804531250000001
0 0.40859375 0.1698546875 0.3505484375 0.1387203125 0.347434375 0.142890625 0.4237171875 0.1857015625 0.48773437499999994 0.2196171875 0.5086390625 0.22906875000000002 0.5393296875 0.243246875 0.5724734375 0.258221875 0.583615625 0.2565296875 0.49701874999999995 0.21649218750000002 0.47072343749999995 0.2036421875 0.5623875 0.24502656250000002 0.594271875 0.2578671875 0.598553125 0.2541234375 0.5305015625 0.2252328125 0.46575 0.19654218750000002 0.40859375 0.1698546875
0 0.6088890625000001 0.270578125 0.65005625 0.2834609375 0.7039640625 0.29906875 0.7174406249999999 0.3015453125 0.75529375 0.308978125 0.7570781249999999 0.3040234375 0.719096875 0.2960875 0.6316359375 0.27337968749999997 0.6495375 0.275521875 0.7644890625 0.29000312500000003 0.7867359375 0.2925859375 0.801284375 0.294625 0.82984375 0.2974609375 0.8303125 0.2921875 0.8 0.2880859375 0.790625 0.28671875 0.78234375 0.2857421875 0.7303124999999999 0.280078125 0.71875 0.2787109375 0.66578125 0.2712890625 0.778359375 0.28097812499999997 0.8295312499999999 0.28515625 0.8296875 0.2830078125 0.82984375 0.2802734375 0.7209359375 0.2700625 0.6115625 0.2625 0.4923515625 0.245984375 0.3772546875 0.2293359375 0.29186875 0.2171046875 0.28765625 0.2166015625 0.2859375 0.21640625 0.28718750000000004 0.2244140625 0.3628265625 0.2346578125 0.28989375 0.22796875 0.28989375 0.2334171875 0.3491515625 0.23985937499999999 0.4479421875 0.249025 0.5151296875 0.257696875 0.6088890625000001 0.270578125
0 0.3129140625 0.273046875 0.30067187500000003 0.2586765625 0.2914140625 0.24421093749999997 0.285434375 0.2458984375 0.2939203125 0.2610859375 0.3497125 0.3220734375 0.3525515625 0.3158109375 0.3129140625 0.273046875
0 0.303609375 0.15031250000000002 0.2975578125 0.1510859375 0.31443906250000003 0.18175468749999998 0.3398734375 0.2217046875 0.34685156250000004 0.22142343750000001 0.317590625 0.17640781249999998 0.303609375 0.15031250000000002
0 0.32985625 0.173740625 0.35845781250000003 0.22286718749999998 0.361746875 0.21841249999999998 0.3226703125 0.1473578125 0.3166078125 0.14904062499999998 0.32985625 0.173740625
0 0.3505359375 0.1279734375 0.31525 0.0552890625 0.30794375 0.056315625 0.3439859375 0.13178281249999999 0.3505359375 0.1279734375