1 0.00078125 0 0.009375 0.4521484375 0.009634375 0.46785156250000004 0.025198437499999997 0.46785156250000004 0.0263109375 0.396053125 0.0163046875 0 0.00078125 0
1 0.5175 0.2169921875 0.5182234375 0.22353593749999998 0.533253125 0.2287671875 0.53439375 0.24660312499999998 0.5199359375 0.2494578125 0.5210765625 0.2532625 0.5349640625000001 0.253975 0.53610625 0.2599203125 0.540625 0.2607421875 0.5418140625000001 0.2535 0.55779375 0.2530234375 0.5564625000000001 0.24707812499999998 0.5418140625000001 0.24684218750000003 0.5421875 0.2353515625 0.54219375 0.22567656249999998 0.5589359375 0.22353593749999998 0.55779375 0.21735312499999998 0.53781875 0.217115625 0.5175 0.2169921875
1 0.56515625 0 0.565109375 0.027078124999999998 0.5534656250000001 0.0301234375 0.5530375000000001 0.039474999999999996 0.566925 0.041140625 0.567496875 0.05279374999999999 0.5380078125 0.05445625 0.5385796875 0.06896250000000001 0.5661640625000001 0.06943906250000001 0.5680671875 0.095359375 0.5555109375 0.0967875 0.5507546875 0.0984515625 0.5507546875 0.090365625 0.54219375 0.089890625 0.541053125 0.09321874999999999 0.5427640625000001 0.10701093749999999 0.5682578125 0.10820156249999999 0.5678765625 0.134596875 0.5397203125 0.13721250000000002 0.5401015625000001 0.15433593750000002 0.5692078125 0.153146875 0.5765625 0.3642578125 0.5873125 0.36622499999999997 0.5867703125 0.3493015625 0.5829796875000001 0.25960625 0.5818609375 0.1519390625 0.6075406250000001 0.1463203125 0.6081828125000001 0.1399 0.5808125000000001 0.1403046875 0.5810046875 0.10432343749999999 0.6090390625000001 0.1037890625 0.6091593750000001 0.0846578125 0.60021875 0.085134375 0.5998375 0.0963109375 0.59336875 0.0967875 0.5901359375 0.0867984375 0.584428125 0.0870375 0.5836671875 0.0963109375 0.5785296875 0.096071875 0.5789109375 0.06943906250000001 0.6076374999999999 0.0670609375 0.6076374999999999 0.052079687500000006 0.5771984375 0.051842187500000005 0.5773890625 0.0470859375 0.57815 0.0413796875 0.5856874999999999 0.0358765625 0.5854171874999999 0.0301234375 0.57546875 0.028125 0.5740453125 0 0.56515625 0
1 0.6572265625 0 0.657771875 0.045859375 0.641196875 0.0341859375 0.6240234375 0.029296875 0.5851468750000001 0.029107812500000003 0.5873125 0.0348640625 0.6149312499999999 0.0355390625 0.6318359375 0.0390625 0.6474609375 0.0463875 0.65625 0.0598140625 0.6703703125 0.33907656249999996 0.673828125 0.3625484375 0.6889000000000001 0.364090625 0.6875 0.3161625 0.67259375 0.022696875 0.6708984375 0 0.6572265625 0
0 0.995271875 0 0.9799015624999999 0.0723203125 0.9848750000000001 0.071490625 0.98538125 0.0683609375 0.99973125 0 0.995271875 0
0 0.8431359374999999 0.135728125 0.8921875 0.150390625 0.911875 0.153515625 0.9115624999999999 0.148046875 0.89375 0.1447265625 0.86 0.1361328125 0.8418749999999999 0.13046875 0.87984375 0.139453125 0.9112500000000001 0.1455078125 0.9106249999999999 0.140625 0.8832812499999999 0.13515625 0.8428125 0.123828125 0.8184687500000001 0.1167 0.7920625 0.104590625 0.72721875 0.0704109375 0.7108125000000001 0.056739062500000007 0.707365625 0.06009375 0.7156546875 0.06941875 0.724275 0.0760484375 0.737703125 0.082471875 0.7372062500000001 0.0917984375 0.7567671875 0.1025734375 0.758921875 0.10402343750000001 0.76256875 0.0986359375 0.7890937499999999 0.1129359375 0.8166125 0.124746875 0.8431359374999999 0.135728125
0 0.7640625 0 0.7478125 0.028125 0.7223437500000001 0.06484375 0.7268749999999999 0.0697265625 0.7421875 0.048046875 0.771875 0 0.7640625 0
0 0.7340625000000001 0 0.7103125 0.0388671875 0.69734375 0.0615234375 0.6754687500000001 0.075390625 0.67515625 0.080859375 0.6910937500000001 0.0740234375 0.676875 0.09375 0.67765625 0.1021484375 0.68671875 0.0923828125 0.68984375 0.0912109375 0.7184375000000001 0.0732421875 0.7145312500000001 0.06953125 0.6946875 0.08203125 0.6912499999999999 0.082421875 0.6956249999999999 0.0744140625 0.7046875 0.0625 0.7125 0.0578125 0.7501562500000001 0 0.7340625000000001 0
0 0.7017187500000001 0.0494140625 0.67421875 0.048828125 0.67390625 0.0546875 0.70109375 0.0546875 0.7017187500000001 0.0494140625
0 0.64640625 0.1435546875 0.6228125 0.18203125 0.62609375 0.18671875 0.6482812499999999 0.15078125 0.660625 0.13046875 0.6576562499999999 0.125 0.64640625 0.1435546875
0 0.6370312499999999 0.1412109375 0.6590625 0.09609375 0.65453125 0.093359375 0.626875 0.14921875 0.595625 0.207421875 0.58546875 0.2251953125 0.5890625 0.2283203125 0.60875 0.19375 0.6370312499999999 0.1412109375
0 0.5912499999999999 0.1033203125 0.5865625 0.1392578125 0.5921875 0.1400390625 0.596875 0.103515625 0.5912499999999999 0.1033203125
0 0.59875 0.095703125 0.599375 0.0673828125 0.5939062500000001 0.06796875 0.59296875 0.0951171875 0.59875 0.095703125
0 0.653125 0.0552734375 0.6078125 0.0560546875 0.6079687500000001 0.06015625 0.6537499999999999 0.0591796875 0.653125 0.0552734375
0 0.6503125 0.0486328125 0.57703125 0.0470703125 0.5771875 0.0515625 0.65125 0.0533203125 0.6503125 0.0486328125
0 0.64546875 0.036328125 0.65546875 0.022265625 0.6553125 0.0208984375 0.6526562499999999 0.0171875 0.64140625 0.03359375 0.64546875 0.036328125
0 0.6346875 0 0.6196875000000001 0.0275390625 0.6259375 0.029296875 0.64140625 0 0.6346875 0
0 0.6090625000000001 0 0.59890625 0.0267578125 0.6051562500000001 0.02734375 0.61546875 0 0.6090625000000001 0
0 0.59453125 0 0.58984375 0.0265625 0.5953125 0.0275390625 0.59984375 0 0.59453125 0
0 0.5818749999999999 0 0.57484375 0.023046875 0.5784374999999999 0.0267578125 0.58671875 0 0.5818749999999999 0
0 0.6259375 0.0599609375 0.60890625 0.0849609375 0.61015625 0.0921875 0.63125 0.0615234375 0.6259375 0.0599609375
0 0.5882609375000001 0.151384375 0.5823953125 0.19795000000000001 0.5862 0.2007234375 0.593175 0.1509875 0.5882609375000001 0.151384375
0 0.255265625 0.0532359375 0.1581578125 0.04938125 0.07159375 0.041431249999999996 0.018484375 0.0368546875 0.01853125 0.0435859375 0.0816859375 0.049071875 0.15459375 0.0548625 0.23969374999999998 0.058521875 0.34907187500000003 0.06309375 0.4355234375 0.06311093749999999 0.538453125 0.06263125 0.5386453125 0.058053125000000004 0.4540453125 0.0578125 0.351909375 0.057329687500000004 0.255265625 0.0532359375
0 0.134646875 0.0226421875 0.0174234375 0.013248437499999998 0.0168453125 0.019993749999999998 0.11734375 0.02794375 0.25050625000000004 0.037578125000000004 0.36767343750000003 0.043359375 0.516353125 0.050826562500000005 0.566909375 0.050826562500000005 0.5667171875 0.04625 0.5243218749999999 0.0455265625 0.41023750000000003 0.04046875 0.2612203125 0.032759375 0.134646875 0.0226421875
0 0.53296875 0 0.5309375000000001 0.044921875 0.53640625 0.044921875 0.5389062499999999 0 0.53296875 0
0 0.55734375 0 0.54421875 0.0447265625 0.54890625 0.04453125 0.5623437499999999 0 0.55734375 0
0 0.51734375 0.214453125 0.5228125 0.2142578125 0.528796875 0.1369203125 0.5337296874999999 0.06286875 0.52859375 0.0625 0.5240625 0.12890625 0.5218234374999999 0.154353125 0.51734375 0.214453125
0 0.5459375 0.13671875 0.54578125 0.1076171875 0.54015625 0.107421875 0.5403125 0.1375 0.5459375 0.13671875
0 0.5431250000000001 0.0916015625 0.54359375 0.0689453125 0.5390625 0.0689453125 0.5390625 0.0923828125 0.5431250000000001 0.0916015625
0 0.56046875 0.1353515625 0.561875 0.1087890625 0.55671875 0.10859375 0.55546875 0.135546875 0.56046875 0.1353515625
0 0.545625 0.215234375 0.54609375 0.1537109375 0.54140625 0.15390625 0.54109375 0.2146484375 0.545625 0.215234375
0 0.5546875 0.2166015625 0.55796875 0.1546875 0.5521874999999999 0.1548828125 0.54984375 0.2166015625 0.5546875 0.2166015625