1 0.291015625 0.042725 0.2945125 0.0324828125 0.290903125 0.029775000000000003 0.28657187500000003 0.028873437499999998 0.27863125 0.031579687499999995 0.26997031250000003 0.030678125 0.2555328125 0.033384375 0.248046875 0.0378421875 0.2529296875 0.0439453125 0.2783203125 0.0439453125 0.28515625 0.0573734375 0.283203125 0.12084999999999999 0.2451171875 0.1245125 0.2421875 0.13061562499999999 0.2802734375 0.134278125 0.283203125 0.14038124999999999 0.28125 0.19409218749999999 0.287109375 0.24047812500000001 0.27877968750000004 0.49836562500000003 0.296875 0.494384375 0.298828125 0.462646875 0.291015625 0.443115625 0.29296875 0.15502968749999999 0.2958984375 0.134278125 0.3221046875 0.130584375 0.3209171875 0.1251421875 0.31913749999999996 0.12390625 0.2958984375 0.1245125 0.29296875 0.11840781250000001 0.291015625 0.042725
0 0 0.09599375 0.0953453125 0.170884375 0.16296875 0.2173828125 0.21375000000000002 0.24375 0.221434375 0.24796718750000002 0.2329640625 0.250259375 0.23348906249999998 0.24698437499999998 0.23296875 0.2447265625 0.219075 0.23912343749999998 0.22046875 0.23939218750000002 0.18908750000000002 0.2235390625 0.16999999999999998 0.2125 0.12402031250000001 0.18193125000000002 0.08359375 0.1515625 0 0.0856921875 0 0.09599375
0 0.2074796875 0.182953125 0.1970265625 0.173403125 0.1560125 0.14023125 0.14756875 0.1432453125 0.20325781250000002 0.1884828125 0.2074796875 0.182953125
0 0.1634265625 0.141959375 0.21471874999999999 0.1839578125 0.22014687500000002 0.1804390625 0.171340625 0.1392375 0.1634265625 0.141959375
0 0.21328593749999997 0.141959375 0.189740625 0.11821718750000001 0.183409375 0.11994843749999999 0.24949218750000002 0.1874671875 0.2506796875 0.18153125 0.22323750000000003 0.15177968749999998 0.21978593750000003 0.1480546875 0.21328593749999997 0.141959375
0 0.38642656249999996 0.20800000000000002 0.3837890625 0.2001953125 0.29540625 0.1432671875 0.293434375 0.1552359375 0.3827453125 0.20800000000000002 0.38642656249999996 0.20800000000000002
0 0.2627484375 0 0.275871875 0.030678125 0.280203125 0.029775000000000003 0.2693765625 0 0.2627484375 0
0 0.2868875 0 0.2928234375 0.0140984375 0.296978125 0.022257812499999998 0.29884374999999996 0.015340625 0.2918328125 0 0.2868875 0
0 0.2794 0.134915625 0.2752140625 0.1384984375 0.260575 0.1507984375 0.217996875 0.18226562500000001 0.22621875 0.1859 0.25740625 0.16050781249999999 0.280796875 0.1434671875 0.2794 0.134915625
0 0.22016249999999998 0.12000625000000001 0.2657171875 0.08235624999999999 0.2599796875 0.0776578125 0.2143875 0.11278906250000001 0.22016249999999998 0.12000625000000001
0 0.2945125 0.110984375 0.30461875 0.126321875 0.3132796875 0.126321875 0.29595625000000003 0.103765625 0.2945125 0.110984375
0 0.31886562500000004 0.228703125 0.3043515625 0.22155624999999998 0.3039109375 0.2281546875 0.31799218749999997 0.2351203125 0.31886562500000004 0.228703125
0 0.39058906250000003 0.183396875 0.3404625 0.14502656249999998 0.33454843749999996 0.14995468750000002 0.3880546875 0.187971875 0.39058906250000003 0.183396875
0 0.3815765625 0.1598125 0.34440468750000003 0.13270781250000002 0.3415890625 0.1379890625 0.38045 0.165796875 0.3815765625 0.1598125
0 0.3100359375 0.2547359375 0.29895625 0.24434999999999998 0.29579062500000003 0.247315625 0.3042984375 0.2564671875 0.3100359375 0.2547359375
0 0.2463265625 0.1187125 0.22733281249999998 0.0932375 0.22278281249999998 0.09496875 0.2417765625 0.1231640625 0.2463265625 0.1187125
0 0.26116562499999996 0.11698125 0.23326875 0.0920015625 0.2299046875 0.094475 0.2593859375 0.1216796875 0.26116562499999996 0.11698125
0 0.16586406250000002 0.15857656250000002 0.13791875 0.1799375 0.1407328125 0.1847109375 0.1694828125 0.162846875 0.16586406250000002 0.15857656250000002
0 0.1940109375 0.13319375 0.1803390625 0.1437484375 0.1845609375 0.148271875 0.1982328125 0.13746562499999998 0.1940109375 0.13319375