1 0.637896875 0.2952484375 0.6328125 0.16723593750000001 0.6297375 0.1310625 0.6196015625 0.13027187499999998 0.6310546875 0.2956546875 0.637896875 0.2952484375
0 0 0.24864999999999998 0.2512265625 0.23321718749999998 0.2600078125 0.23270156250000001 0.372903125 0.224728125 0.40383281249999997 0.2223109375 0.40286718749999995 0.21675312500000002 0.2615546875 0.22496875 0.0547671875 0.2374625 0 0.24102968749999998 0 0.24864999999999998
0 0 0.2865609375 0.047009375 0.2844875 0.2019515625 0.27597031250000004 0.3331625 0.2681265625 0.44782968749999996 0.2595703125 0.5048843749999999 0.2562734375 0.560384375 0.2526484375 0.5585203125 0.24850781249999998 0.324034375 0.2609953125 0.0456390625 0.27597031250000004 0 0.2787953125 0 0.2865609375
0 0.4980328125 0.27169374999999996 0.3990609375 0.283453125 0.2555765625 0.29736562499999997 0.13121093749999999 0.305921875 0.131709375 0.3127046875 0.23446875 0.305921875 0.332290625 0.2973671875 0.4632328125 0.2831015625 0.5260078125 0.2743953125 0.5313921875000001 0.2736171875 0.546715625 0.2710296875 0.5453828125 0.26527500000000004 0.4980328125 0.27169374999999996
0 0.6288781250000001 0.23421093750000002 0.6033828125 0.2180234375 0.600840625 0.22454375 0.607425 0.2286578125 0.627796875 0.23997656250000002 0.6288781250000001 0.23421093750000002
0 0.6411703125 0.20422500000000002 0.6373765625 0.1998125 0.63454375 0.20335312499999997 0.6574265625 0.24460625 0.6650406249999999 0.2394609375 0.6411703125 0.20422500000000002
0 0.6936421875 0.21374062500000002 0.8267687499999999 0.23825781250000003 0.8506453125 0.2428109375 0.851465625 0.2345734375 0.754734375 0.2180234375 0.63396875 0.1939359375 0.6337640625 0.2006234375 0.6936421875 0.21374062500000002
0 0.8615484375 0.24460625 0.9494109375 0.2515515625 0.9489984375 0.243834375 0.8617531250000001 0.23663281249999998 0.8615484375 0.24460625
0 0.70845625 0.2618390625 0.63705625 0.25257968750000004 0.6364390625 0.2592671875 0.7068109375 0.26646875 0.70845625 0.2618390625
0 0.63705625 0.2507796875 0.650225 0.2512921875 0.6496078125 0.24614843749999998 0.6360265625 0.24614843749999998 0.63685 0.2507796875 0.63705625 0.2507796875
0 0.7092796875 0.2500078125 0.66606875 0.2500078125 0.666275 0.2533515625 0.7094859375 0.255153125 0.7092796875 0.2500078125
0 0.6208 0.1975375 0.6028984375 0.213484375 0.6051609375 0.2199140625 0.623475 0.202165625 0.6208 0.1975375
0 0.6319109375 0.1556109375 0.7197734375 0.16744375 0.8485843750000001 0.18184687500000002 0.8489953124999999 0.1761875 0.632528125 0.1496953125 0.6319109375 0.1556109375
0 0.8473499999999999 0.168728125 0.7321203125 0.1538109375 0.629865625 0.1374140625 0.6308828125 0.143265625 0.6315000000000001 0.14403749999999998 0.7591453125000001 0.1637984375 0.8471437500000001 0.1751609375 0.8473499999999999 0.168728125
0 0.84796875 0.16137812499999998 0.7575609375 0.15082656249999998 0.7011000000000001 0.14225156249999998 0.6307437499999999 0.1319171875 0.6307437499999999 0.136975 0.7536921875 0.15654375 0.8483218750000001 0.16753437499999999 0.84796875 0.16137812499999998
0 0.6228296875 0.1497265625 0.6033046875 0.1506078125 0.60348125 0.15698281249999999 0.6223015625 0.15654375 0.6228296875 0.1497265625
0 0.6210703125 0.1382953125 0.6038328125 0.1396140625 0.604009375 0.1444515625 0.621246875 0.14357031250000002 0.6210703125 0.1382953125
0 0.62071875 0.13081875 0.6043609375 0.131696875 0.6045359375 0.137853125 0.621246875 0.1371953125 0.62071875 0.13081875
0 0.5943343750000001 0.15324374999999998 0.538225 0.16028125 0.538753125 0.164678125 0.5945109375000001 0.15918125 0.5943343750000001 0.15324374999999998
0 0.5934546875 0.141153125 0.5355875 0.1477484375 0.5355875 0.153684375 0.5936312499999999 0.14686875 0.5934546875 0.141153125
0 0.5928203125 0.1354359375 0.4478859375 0.153684375 0.448940625 0.1589609375 0.5934546875 0.1407125 0.5928203125 0.1354359375
0 0.5219359375 0.1506078125 0.4751484375 0.156103125 0.4762046875 0.161159375 0.5221109375 0.156103125 0.5219359375 0.1506078125
0 0 0.21012499999999998 0.10875781250000001 0.20608437500000001 0.214975 0.19886874999999998 0.37462968750000003 0.1844375 0.43281875000000003 0.1786640625 0.4325875 0.17346875 0.3644703125 0.178953125 0.26953125 0.187890625 0.16658125 0.19569375 0.11484375 0.19921875 0 0.20464218750000002 0 0.21012499999999998
0 0 0.198046875 0.1846265625 0.189453125 0.33140625 0.1775390625 0.43218750000000006 0.1677734375 0.4345703125 0.16764218749999998 0.435109375 0.166796875 0.435265625 0.160546875 0.43499999999999994 0.1568359375 0.37671875 0.1630859375 0.3200796875 0.1693359375 0.178553125 0.181640625 0.000271875 0.1908203125 0 0.198046875