1 0.48046875 0.22094687500000001 0.47900625 0.4871609375 0.486253125 0.48839375 0.490234375 0.19653281250000001 0.4951171875 0.18310625 0.5166015625 0.1806640625 0.520696875 0.1647984375 0.5068359375 0.163575 0.4599609375 0.163575 0.45106718749999997 0.163371875 0.451171875 0.17944374999999999 0.4765625 0.19165000000000001 0.48046875 0.22094687500000001
1 0.44921875 0.338134375 0.4453125 0.4724125 0.451171875 0.474853125 0.455078125 0.3308109375 0.4339453125 0.3288828125 0.43299374999999996 0.334828125 0.44921875 0.338134375
0 0.5917015625000001 0 0.54296875 0.12573281249999999 0.5235203125 0.1674546875 0.50125 0.2059984375 0.49268437499999995 0.2162765625 0.49748125 0.2184171875 0.5124125 0.200734375 0.5262140625 0.1762125 0.5461890625 0.13626093749999998 0.559315625 0.1055859375 0.5986328125 0 0.5917015625000001 0
0 0.657115625 0 0.5505859375 0.21327968749999998 0.5271109375 0.252140625 0.495425 0.296365625 0.4998796875 0.29850625000000003 0.50390625 0.2941890625 0.5305500000000001 0.25859062499999996 0.554978125 0.21788593750000002 0.560546875 0.20874062499999999 0.6379546875 0.0591015625 0.66570625 0 0.6630859375 0 0.657115625 0
0 0.5570968749999999 0 0.49615468749999997 0.1619453125 0.5026203125 0.1657421875 0.564290625 0.000428125 0.5570968749999999 0
0 0.5264859375000001 0 0.511528125 0.0518203125 0.49474062500000004 0.106640625 0.47541874999999995 0.1619453125 0.482421875 0.16235312500000001 0.4875453125 0.1490390625 0.5139265625 0.071521875 0.5337468750000001 0 0.5302734375 0 0.5264859375000001 0
0 0.486453125 0 0.45705156249999995 0.14475625 0.4541109375 0.16075625 0.4609375 0.15991249999999999 0.49215937500000007 0 0.486453125 0
0 0.4558234375 0.1797796875 0.4512578125 0.1797796875 0.4500890625 0.19072031250000002 0.442115625 0.2706921875 0.4403890625 0.28598124999999996 0.436871875 0.3292140625 0.4425515625 0.3303359375 0.4558234375 0.1797796875
0 0.45960156249999995 0.30117343750000003 0.474565625 0.187703125 0.46904375 0.1867265625 0.45677500000000004 0.2772796875 0.45335000000000003 0.30343749999999997 0.45960156249999995 0.30117343750000003
0 0.6825765625 0 0.628196875 0.1046703125 0.5736796875 0.20399375000000003 0.5327015625 0.26768749999999997 0.5152421875 0.2895109375 0.505621875 0.298865625 0.511225 0.3002234375 0.5261171874999999 0.2849921875 0.5453421875 0.2612984375 0.5747484375 0.21468437499999998 0.6064609375 0.1612359375 0.67808125 0.02850625 0.694115625 0 0.6825765625 0
0 0.5211703125 0.3015640625 0.52360625 0.3035953125 0.5333546874999999 0.29276562500000003 0.54364375 0.271103125 0.5745125 0.2263421875 0.6145875000000001 0.1644 0.6739609375 0.061939062499999996 0.7059124999999999 0.000678125 0.6979859375 0 0.6311046874999999 0.12071875000000001 0.5569124999999999 0.2436875 0.5325421875 0.2788890625 0.513046875 0.2998734375 0.5184624999999999 0.30088906249999997 0.5257734375 0.293103125 0.528209375 0.2947953125 0.5211703125 0.3015640625