1 0.0551703125 0.4575390625 0.05078125 0.3039546875 0.052734375 0.24536093750000001 0.05078125 0.22094687500000001 0.0439453125 0.21728593749999997 0.041015625 0.22094687500000001 0.0447938921875 0.4330929515625 0.0453058234375 0.46227297343749996 0.0545205671875 0.46252893906250003 0.0551703125 0.4575390625
1 0.263671875 0.3405765625 0.2705078125 0.341796875 0.2734375 0.345459375 0.275390625 0.4504390625 0.28125 0.4504390625 0.28125 0.404053125 0.280634375 0.39511875 0.279296875 0.3601078125 0.2796953125 0.3575453125 0.279296875 0.355225 0.279296875 0.3430171875 0.28125 0.3405765625 0.28125 0.33569375 0.2627875 0.3340609375 0.263671875 0.3405765625
1 0.3349609375 0.45654374999999997 0.337890625 0.455321875 0.33984375 0.45288125 0.33984375 0.4089359375 0.337890625 0.40649375 0.337890625 0.3796390625 0.3349609375 0.37841874999999997 0.33203125 0.384521875 0.33203125 0.4211421875 0.333984375 0.423584375 0.333984375 0.455321875 0.3349609375 0.45654374999999997
1 0.9228578125 0.1393015625 0.9314031249999999 0.362271875 0.9378125 0.3609375 0.931640625 0.19653281250000001 0.9391359578125 0.19888488437500002 0.94140625 0.19165000000000001 0.9422075390625 0.14078080625 0.9228578125 0.1393015625
1 0.595703125 0.2526859375 0.5940092484374999 0.2502393234375 0.5580359406250001 0.2502393234375 0.5580359406250001 0.25833331875 0.5688279328125 0.25833331875 0.572650096875 0.369625740625 0.578125 0.3698734375 0.579619925 0.2590078171875 0.5953582484375 0.26013198437499996 0.595703125 0.2526859375
1 0.5551131093749999 0.296779790625 0.5546875 0.29396422968749997 0.5540625 0.2923532921875 0.552190278125 0.2904844625 0.52609375 0.28883766718750004 0.52578125 0.29762672968750004 0.54296875 0.29884704218749997 0.54484375 0.3409861046875 0.55078125 0.3403517296875 0.549941946875 0.2983536234375 0.5551131093749999 0.296779790625
0 1 0.11825156249999999 0.9187749999999999 0.12915156249999998 0.9194515624999999 0.1359046875 1 0.12416093749999998 1 0.11825156249999999
0 1 0.09100625 0.9184374999999999 0.0978515625 0.91875 0.1033203125 1 0.0959109375 1 0.09100625
0 0.8768234375 0.1377890625 0.8583421875000001 0.1392078125 0.8583421875000001 0.1434625 0.8766609375 0.14285468750000002 0.8768234375 0.1377890625
0 0.5103125000000001 0 0.6226171875000001 0.0550046875 0.7476203124999999 0.11561406249999999 0.75014375 0.11211093750000001 0.7025 0.0890625 0.562015625 0.019684375 0.5193749999999999 0 0.5103125000000001 0
0 0.039365625 0.2670328125 0 0.2982125 0.0005093750000000001 0.3047875 0.0412328125 0.2710625 0.039365625 0.2670328125
0 0.0510734375 0.2513375 0.0773734375 0.22546249999999998 0.070078125 0.22525 0.0493765625 0.246671875 0.049715625 0.2521859375 0.0510734375 0.2513375
0 0 0.2288015625 0.040725 0.228525 0.040725 0.221884375 0 0.2216796875 0 0.2288015625
0 0.50734375 0.3224609375 0.43328125 0.326953125 0.43421875 0.33125 0.5084375 0.3271484375 0.50734375 0.3224609375
0 0.051949999999999996 0.22609374999999998 0.180875 0.21857031249999997 0.387090625 0.20154531250000002 0.5920515625 0.17976562499999998 0.8312140625 0.1500703125 0.830896875 0.1429421875 0.5784328125 0.175015625 0.31644375 0.1999609375 0.1314453125 0.2154015625 0.0509859375 0.2193640625 0.051949999999999996 0.22609374999999998
0 0.8147781249999999 0.143484375 0.76671875 0.11796875 0.7620312499999999 0.121875 0.7954609375 0.1395375 0.8058624999999999 0.1453421875 0.8147781249999999 0.143484375
0 0.1084375 0.1908203125 0.06296874999999999 0.196484375 0.064375 0.202734375 0.139125 0.1937265625 0.32753125 0.16835 0.544159375 0.1417359375 0.7513859375 0.12069218749999999 0.9034375000000001 0.106640625 0.9028124999999999 0.1 0.8316250000000001 0.1067671875 0.7467453125 0.11459531249999999 0.6096796875 0.129596875 0.4825203125 0.14263281249999998 0.3781515625 0.156765625 0.28312499999999996 0.16796875 0.1542859375 0.18503125 0.1084375 0.1908203125
0 0.0800546875 0.3145859375 0.1684328125 0.324071875 0.22498437500000001 0.32896875 0.2244953125 0.3231546875 0.0800546875 0.309078125 0.0800546875 0.3145859375
0 0.23590468750000002 0.25030312499999996 0.30753906249999996 0.2444765625 0.3056609375 0.23379218750000003 0.0644296875 0.25108593749999997 0.0651234375 0.2627609375 0.23590468750000002 0.25030312499999996