1 0.134765625 0.042725 0.1298828125 0.036621875 0.041862500000000004 0.0345203125 0.0360578125 0.0406734375 0.037640625 0.046171875 0.0427421875 0.05628593750000001 0.08108593750000001 0.0591421875 0.083984375 0.20629843750000001 0.0931578125 0.20792031249999998 0.094984375 0.0986796875 0.12206874999999999 0.0989390625 0.12423593749999999 0.087671875 0.1108109375 0.07299375 0.09761875 0.06705781250000001 0.0965640625 0.061120312499999996 0.09671874999999999 0.0525390625 0.1025390625 0.051270312500000005 0.1337890625 0.048828125 0.134765625 0.042725
1 0.4546875 0.2009765625 0.45562500000000006 0.1935546875 0.44734375000000004 0.1927734375 0.43531250000000005 0.200390625 0.4303125 0.2041015625 0.43093750000000003 0.21328125 0.43843750000000004 0.214453125 0.43671875 0.2228515625 0.43 0.2224609375 0.4296875 0.225634375 0.43062500000000004 0.2314453125 0.43843750000000004 0.2328125 0.43890624999999994 0.2380859375 0.4359375 0.2390625 0.42781250000000004 0.2388671875 0.42796874999999995 0.247265625 0.43953125000000004 0.2529296875 0.44011875 0.3500296875 0.4453125 0.3525875 0.44734375000000004 0.245703125 0.45906250000000004 0.239453125 0.45796875000000004 0.233984375 0.44781250000000006 0.234765625 0.44749999999999995 0.2287109375 0.45390625 0.2193359375 0.45437500000000003 0.2126953125 0.448125 0.2123046875 0.44656250000000003 0.2087890625 0.4546875 0.2009765625
0 0 0.019921875 0.035178125 0.0424328125 0.0362328125 0.0358375 0 0.011128124999999999 0 0.019921875
0 0.030446875 0.020228125 0.0457640625 0.031921875 0.0528 0.036609375 0.057425000000000004 0.0322734375 0.0570390625 0.031790625 0.013103124999999998 0 0.00578125 0.000478125 0.030446875 0.020228125
0 0.08594375 0.031309375 0.094375 0.0375 0.0996875 0.033984375 0.0547265625 0 0.049062499999999995 0.0025390625 0.067059375 0.017340625000000002 0.08594375 0.031309375
0 0.082090625 0 0.07785 0.0028859375 0.11870312499999999 0.0361265625 0.12448437500000001 0.0361265625 0.1260328125 0.0338828125 0.084378125 0 0.082090625 0
0 0.430065625 0.200828125 0.34828125 0.196484375 0.348428125 0.202665625 0.3867109375 0.2050875 0.430928125 0.20605781250000002 0.430065625 0.200828125
0 0.39511250000000003 0.2245625 0.42860156250000003 0.22545312499999998 0.42937812500000005 0.2191484375 0.35562499999999997 0.216796875 0.3559375 0.2236328125 0.36234375 0.2236328125 0.39511250000000003 0.2245625
0 0.5860640625 0.2433296875 0.5893765625 0.23970625 0.5862703125000001 0.2381515625 0.4544765625 0.2072171875 0.45441093749999995 0.2131890625 0.568253125 0.23970625 0.5860640625 0.2433296875
0 0.3902484375 0.14498906250000002 0.345815625 0.1389890625 0.34578125000000004 0.1453125 0.3903125 0.1517578125 0.3902484375 0.14498906250000002
0 0.10253281249999999 0.0668359375 0.14502656249999998 0.07889375 0.14688125000000002 0.0723390625 0.1031625 0.060153124999999995 0.10253281249999999 0.0668359375
0 0.15411406249999998 0.0853125 0.11734375 0.0759765625 0.11637187499999999 0.0825609375 0.1528125 0.0912109375 0.15411406249999998 0.0853125
0 0.123125 0.1001953125 0.16328125 0.110546875 0.16390625 0.1048828125 0.15671875 0.10234375 0.12265625 0.0935546875 0.123125 0.1001953125
0 0.123125 0.092578125 0.16140625 0.1025390625 0.16171875 0.09765625 0.12375 0.0875 0.123125 0.092578125
0 0.0598421875 0.18311093750000002 0.081775 0.10458750000000001 0.0793375 0.092740625 0.0549671875 0.18108125 0.0598421875 0.18311093750000002
0 0.38908437500000004 0.1387828125 0.3484375 0.1326171875 0.3484375 0.1373046875 0.3894109375 0.14347812499999998 0.38908437500000004 0.1387828125
0 0.3894109375 0.1332734375 0.34646875 0.12613125 0.345815625 0.13061875 0.38843125 0.13755781250000002 0.3894109375 0.1332734375
0 0.5303796875 0.26949999999999996 0.581746875 0.25128125 0.649465625 0.22595312500000003 0.6715109375 0.21693125000000002 0.6681578125 0.2123421875 0.6014765625 0.2388390625 0.5289578125000001 0.264390625 0.49909687500000005 0.274165625 0.5017640625 0.27794375 0.5303796875 0.26949999999999996
0 0.6003125 0.1845703125 0.5403125 0.2251953125 0.5471874999999999 0.2275390625 0.6065625 0.186328125 0.6003125 0.1845703125
0 0.6090625000000001 0.1873046875 0.55015625 0.228125 0.55671875 0.2296875 0.615 0.190625 0.6090625000000001 0.1873046875
0 0.56703125 0.2330078125 0.6246875000000001 0.1951171875 0.6253124999999999 0.19375 0.62109375 0.1912109375 0.5626562500000001 0.2302734375 0.56703125 0.2330078125
0 0.6284375 0.194140625 0.5701562499999999 0.2328125 0.5746875 0.234375 0.632075 0.1977734375 0.6284375 0.194140625
0 0.0837234375 0.0716765625 0.074578125 0.055625 0.06789375 0.058923437499999995 0.0798546875 0.0780515625 0.0837234375 0.0716765625
0 0.4995 0.2472125 0.48852343749999994 0.253425 0.4843828125 0.2552375 0.46263750000000003 0.261190625 0.4653296875 0.26818125 0.49349375 0.26274375 0.5183453124999999 0.25213125000000003 0.5454734375 0.2360828125 0.5376046875 0.2340125 0.5206234375000001 0.2448828125 0.4982578125 0.2544609375 0.517309375 0.244365625 0.5347046875 0.2342703125 0.5301484375000001 0.230646875 0.4995 0.2472125
0 0.50890625 0.2369140625 0.45531249999999995 0.22421875 0.45435468749999997 0.22986875 0.5071875 0.2423828125 0.50890625 0.2369140625
0 0.48923281249999995 0.2492578125 0.453940625 0.24281250000000001 0.45311250000000003 0.24773125000000001 0.48873125 0.254203125 0.48923281249999995 0.2492578125
0 0.62748125 0.2749125 0.5506515624999999 0.261709375 0.549615625 0.266109375 0.626653125 0.27982968750000003 0.62748125 0.2749125
0 0.6372140625 0.26196875 0.5837859375 0.25135625 0.5815078125 0.25575625 0.6365937500000001 0.2668875 0.6372140625 0.26196875
0 0.6440484375 0.2516125 0.6057375 0.2420359375 0.598903125 0.245659375 0.6413562500000001 0.25653125 0.6440484375 0.2516125
0 0.6653781249999999 0.2223640625 0.6187828125 0.2415171875 0.621475 0.2459171875 0.6666218749999999 0.2277984375 0.6653781249999999 0.2223640625
0 0.5459328125 0.286996875 0.48096562499999995 0.2730546875 0.48008125 0.2777015625 0.5450468749999999 0.29164218750000004 0.5459328125 0.286996875
0 0.564375 0.247265625 0.53671875 0.2419921875 0.53453125 0.24609375 0.56328125 0.251953125 0.564375 0.247265625
0 0.53453125 0.2591796875 0.5134375 0.254296875 0.51078125 0.2580078125 0.533125 0.2630859375 0.53453125 0.2591796875
0 0.42671875000000004 0.2384765625 0.36625 0.236328125 0.36593749999999997 0.2412109375 0.426875 0.243359375 0.42671875000000004 0.2384765625