1 0.1098390625 0 0.087890625 0.2526859375 0.076171875 0.48461875 0.076171875 0.5090328125 0.083984375 0.5090328125 0.08941249999999999 0.5101718749999999 0.09056875 0.432609375 0.1015625 0.24292031249999999 0.10559062500000001 0.194315625 0.1098765625 0.2055984375 0.11709687499999999 0.20644374999999998 0.12160937499999999 0.18867499999999998 0.1087484375 0.164421875 0.111328125 0.13305625000000001 0.1364609375 0.112790625 0.1552734375 0.10498125 0.188353125 0.1111 0.2109375 0.10864218750000001 0.21168749999999997 0.101275 0.2080078125 0.09765625 0.1962890625 0.0927734375 0.1572265625 0.095215625 0.13161562499999999 0.1029515625 0.1142578125 0.1196296875 0.1201171875 0 0.1098390625 0
1 0.328040625 0.2282734375 0.2690796875 0.22481093749999997 0.2684875 0.2453375 0.287109375 0.24780312499999999 0.287678125 0.266359375 0.2898890625 0.2737078125 0.2780859375 0.47317968749999995 0.285396875 0.4758890625 0.294921875 0.3332515625 0.315971875 0.327446875 0.3384859375 0.3253609375 0.337890625 0.318603125 0.33358125 0.3145859375 0.3251953125 0.31494218749999997 0.294921875 0.325928125 0.302734375 0.25024375 0.32546875000000003 0.24978906250000002 0.328040625 0.2282734375
1 0.337890625 0.345459375 0.33984375 0.3601078125 0.33654843749999996 0.4805359375 0.341890625 0.4788046875 0.345703125 0.3625484375 0.349609375 0.345459375 0.353365625 0.3440171875 0.3606859375 0.3430265625 0.3628625 0.3316515625 0.357125 0.33115625 0.3391203125 0.3294265625 0.32566562499999996 0.3276953125 0.3245046875 0.337221875 0.337890625 0.345459375
0 0.0786015625 0.0825203125 0.10519843749999999 0.0656 0.10448593749999999 0.060257812499999994 0.0980734375 0.063521875 0.0607921875 0.0869734375 0 0.1258578125 0.0019 0.1309046875 0.025409375 0.116359375 0.0786015625 0.0825203125
0 0.01859375 0.1416015625 0.0009375 0.1291015625 0 0.1339515625 0.014074999999999999 0.14474375 0.01859375 0.1416015625
0 0 0.0620953125 0.0425546875 0.09939375 0.0457765625 0.09579062499999999 0.0454375 0.094309375 0 0.054678125 0 0.0620953125
0 0.0978578125 0.141796875 0.07828125 0.1240234375 0.05307968749999999 0.09950624999999999 0.04828125 0.103125 0.0736 0.1285375 0.097 0.1492328125 0.0978578125 0.14708125 0.0978578125 0.141796875
0 0.10718749999999999 0.0443359375 0.10140625 0.039453125 0.06671875000000001 0.013671875 0.04984375 0 0.041249999999999995 0.0001953125 0.04953125 0.0068359375 0.08203125 0.034375 0.10453125 0.0521484375 0.10718749999999999 0.0443359375
0 0.2086984375 0 0.22243906249999998 0.040115625 0.2453046875 0.094271875 0.279603125 0.1710375 0.2869890625 0.1714734375 0.271646875 0.1390390625 0.228103125 0.037509375 0.2138890625 0 0.2086984375 0
0 0.174303125 0 0.19312968749999998 0.044437500000000005 0.222634375 0.10714062499999999 0.24223750000000002 0.1471734375 0.250971875 0.1521265625 0.2290390625 0.1062703125 0.1894421875 0.0196890625 0.1803203125 0 0.174303125 0
0 0.134378125 0.03673125 0.12111875000000001 0.013212499999999999 0.11937500000000001 0.025 0.14960625 0.08040312499999999 0.16 0.0818359375 0.134378125 0.03673125
0 0.131690625 0.0624859375 0.12954062500000002 0.06360625 0.1257765625 0.06495 0.12613593750000002 0.06651718749999999 0.12613593750000002 0.06965312500000001 0.12810625 0.06965312500000001 0.130078125 0.0692046875 0.132228125 0.066740625 0.133840625 0.06495 0.1358109375 0.0624859375 0.13670625 0.0597984375 0.13724375 0.056662500000000005 0.1368859375 0.0515125 0.136528125 0.050390625 0.1341984375 0.048375 0.12954062500000002 0.046584375 0.12667343749999999 0.046359375 0.1241640625 0.04725625 0.12111875000000001 0.05957343750000001 0.12201406249999999 0.060917187500000004 0.12326875 0.0615890625 0.12434375 0.05935 0.1263140625 0.054200000000000005 0.1277484375 0.051959374999999995 0.1293609375 0.052184375000000005 0.13079375 0.05330312499999999 0.131690625 0.058678125000000005 0.131690625 0.0624859375
0 0.11699843750000001 0.081521875 0.11574374999999999 0.081521875 0.1155640625 0.081521875 0.11520625 0.08219375 0.11502656250000001 0.0835375 0.11448906249999999 0.086225 0.11448906249999999 0.0889140625 0.11574374999999999 0.0900328125 0.11896875 0.0909296875 0.1212984375 0.0909296875 0.12452343749999999 0.0907046875 0.12649375000000002 0.0891359375 0.1293609375 0.08645 0.12918125 0.08577812500000001 0.12685156250000001 0.084209375 0.12667343749999999 0.084209375 0.12595625 0.08488124999999999 0.1236265625 0.08488124999999999 0.12147656250000001 0.08443437499999999 0.11896875 0.082865625 0.11789374999999999 0.081521875 0.11699843750000001 0.081521875
0 0.1379609375 0.09988749999999999 0.14387343749999998 0.0972 0.13240625 0.0790578125 0.1257765625 0.06427812499999999 0.1230890625 0.058678125000000005 0.11681875 0.0597984375 0.1153859375 0.070996875 0.12219374999999999 0.0725640625 0.12756875 0.08510625000000001 0.1379609375 0.09988749999999999
0 0.16591093750000002 0.0898078125 0.1325859375 0.069428125 0.1315109375 0.0765953125 0.1610734375 0.09585468750000001 0.16591093750000002 0.0898078125
0 0.1439296875 0.10873124999999999 0.15180156250000001 0.1200859375 0.18389843749999998 0.16626093749999998 0.2228125 0.2171875 0.23396093750000002 0.21978124999999998 0.199240625 0.17536875000000002 0.1493796875 0.10620624999999999 0.1439296875 0.10873124999999999
0 0.2732140625 0.2629859375 0.258125 0.246484375 0.2441453125 0.2309390625 0.2376859375 0.2322015625 0.258478125 0.2569296875 0.2853265625 0.285946875 0.290625 0.281640625 0.2732140625 0.2629859375
0 0.14640625000000002 0.2046875 0.22888906250000002 0.22690312499999998 0.2698671875 0.23800625000000003 0.2698671875 0.2327078125 0.22265625 0.216796875 0.17176093750000002 0.2006609375 0.12936875 0.1857734375 0.126946875 0.1898109375 0.14703125 0.198046875 0.135425 0.1971265625 0.13441562499999998 0.2009125 0.14640625000000002 0.2046875
0 0.11974375 0.19806875 0.1594578125 0.2419453125 0.19375625000000002 0.2770453125 0.22384218749999998 0.30688125 0.2310640625 0.3033703125 0.1873375 0.259996875 0.1396015625 0.20935156250000003 0.1234140625 0.19093125 0.11974375 0.19806875
0 0.2859921875 0.34669531249999996 0.244959375 0.3126546875 0.23633125000000002 0.31651562499999997 0.28319375 0.35469062500000004 0.2859921875 0.34669531249999996
0 0.207125 0.32141875 0.19203125000000001 0.32578125 0.1812140625 0.32926875 0.1816078125 0.334421875 0.19890625 0.330078125 0.23853125 0.31405625000000004 0.28921874999999997 0.2947265625 0.2896875 0.2861328125 0.272096875 0.2951640625 0.22439843750000002 0.3079234375 0.1761109375 0.3189640625 0.1763078125 0.322890625 0.207125 0.3177375 0.207125 0.32141875
0 0.17613125000000002 0.11047343750000001 0.1690796875 0.1105140625 0.2048953125 0.16355312500000002 0.21328125 0.1755859375 0.22937500000000002 0.1951171875 0.24953124999999998 0.218359375 0.258315625 0.21812499999999999 0.24088125 0.1974828125 0.21457500000000002 0.16584062500000002 0.17613125000000002 0.11047343750000001
0 0.260625 0.165234375 0.25265624999999997 0.1646484375 0.27328125000000003 0.1990234375 0.28875 0.220703125 0.29625 0.2189453125 0.27703125 0.191015625 0.260625 0.165234375
0 0.26951875 0.1639921875 0.21883124999999998 0.132928125 0.18789375 0.11144375 0.18203125 0.1125 0.19171875 0.12109375 0.22296875 0.1427734375 0.27328125000000003 0.1734375 0.34483125000000003 0.21535937500000002 0.3874875 0.2360625 0.41561250000000005 0.24895312500000003 0.4181125 0.24407031250000003 0.38670625 0.22961718750000001 0.3106125 0.18840625 0.26951875 0.1639921875
0 0.305625 0.2154296875 0.3128125 0.2265625 0.31843750000000004 0.22578125 0.29078125 0.182421875 0.28546875 0.18359375 0.305625 0.2154296875
0 0.3875 0.2357421875 0.32859375 0.2294921875 0.3275 0.234765625 0.38796875000000003 0.2419921875 0.3875 0.2357421875
0 0.36906249999999996 0.2669921875 0.41312499999999996 0.278515625 0.41218750000000004 0.271484375 0.33375 0.2515625 0.33187500000000003 0.256640625 0.36906249999999996 0.2669921875
0 0.41140625000000003 0.2576171875 0.33640625 0.2484375 0.3365625 0.25234375 0.36296875 0.2576171875 0.41125 0.2638671875 0.41140625000000003 0.2576171875
0 0.34078125 0.294140625 0.329390625 0.246296875 0.32546875000000003 0.2478515625 0.33125 0.2755859375 0.3353125 0.2939453125 0.34078125 0.294140625
0 0.300878125 0.2856640625 0.440403125 0.33492968749999996 0.44255468750000004 0.3282453125 0.40692812500000003 0.3153109375 0.302640625 0.27978749999999997 0.300878125 0.2856640625