1 0.6414125 0.11239218749999999 0.6238296875 0.1132265625 0.6253875 0.121015625 0.6336484375 0.124646875 0.6341890625 0.14515781249999998 0.6253546875 0.14583437500000002 0.6246328125 0.153725 0.63599375 0.1541734375 0.6390625 0.2392578125 0.63161875 0.23925000000000002 0.629171875 0.23424218749999998 0.624275 0.2345203125 0.6231625000000001 0.25677500000000003 0.6238296875 0.2773625 0.640625 0.2802734375 0.6475500000000001 0.5098 0.6539453125 0.5090390625000001 0.65 0.2802734375 0.6625546875 0.278196875 0.660996875 0.23229531250000002 0.6565453125 0.23229531250000002 0.6536531250000001 0.23646875 0.6484375 0.2353515625 0.6468421875 0.23195312499999998 0.6462046875 0.20845937499999997 0.6453125 0.1318359375 0.6414125 0.11239218749999999
1 0.5493750000000001 0.3373046875 0.54734375 0.323046875 0.54296875 0.322265625 0.5392187500000001 0.3236328125 0.53796875 0.337890625 0.54453125 0.3396484375 0.54453125 0.344921875 0.5459375 0.4486328125 0.5520625 0.44896250000000004 0.5493750000000001 0.3373046875
1 0.5796875 0.2884765625 0.575 0.2884765625 0.569375 0.291796875 0.56984375 0.2962890625 0.5756249999999999 0.2986328125 0.5753125 0.309765625 0.56953125 0.309765625 0.5690625 0.316796875 0.5758515625 0.3166921875 0.57695 0.3601375 0.567803125 0.3615078125 0.5677453125 0.389196875 0.57820625 0.3903109375 0.5781078125 0.4020140625 0.5784281250000001 0.4378828125 0.57820625 0.491296875 0.5862171875 0.492409375 0.5862234374999999 0.3899828125 0.5935625 0.3889203125 0.592353125 0.37485 0.5921328124999999 0.3626515625 0.58421875 0.360546875 0.5823437499999999 0.30859375 0.5873437499999999 0.3072265625 0.58703125 0.2998046875 0.5821984375 0.2983671875 0.5796875 0.2884765625
0 0.9940749999999999 0.0547984375 0.9484937499999999 0.1186703125 0.9537203125 0.1222984375 0.99785 0.059878125000000004 0.9940749999999999 0.0547984375
0 0.8845890624999999 0 0.8442609375 0.0572703125 0.849271875 0.061446875 0.8910312499999999 0.0005953125 0.8845890624999999 0
0 0.6885171875 0.25269375 0.69784375 0.24516718750000002 0.7066703125 0.23707656250000003 0.7188296875 0.22481874999999998 0.7345203125 0.20888281250000001 0.7566843750000001 0.183140625 0.77649375 0.15985 0.7908109375000001 0.1414609375 0.788653125 0.134596875 0.7711984375000001 0.15666249999999998 0.7355015625 0.199565625 0.701765625 0.23364375 0.6798 0.25129687500000003 0.660775 0.2635546875 0.6617546875 0.2682125 0.6752890625 0.26159374999999996 0.6885171875 0.25269375
0 0.7575140625000001 0.262365625 0.7267234375 0.28956875000000004 0.7297875 0.29359999999999997 0.76170625 0.265790625 0.7575140625000001 0.262365625
0 0.7143109375 0.200325 0.691096875 0.2235140625 0.682875 0.231575 0.6612734375 0.24769375 0.6625625 0.2524921875 0.675459375 0.2434234375 0.69464375 0.2289140625 0.7225328125 0.2005015625 0.7478421875000001 0.170275 0.7826625 0.123953125 0.8018468750000001 0.0987640625 0.79910625 0.0931203125 0.780728125 0.1162953125 0.7447796875 0.16445625 0.7143109375 0.200325
0 0.8163421874999999 0 0.8069921875 0.0159640625 0.7752343749999999 0.071984375 0.7457328125 0.11865937499999998 0.7221968750000001 0.15670781250000002 0.7017234375 0.1859265625 0.661584375 0.234396875 0.6620796875 0.2424546875 0.6754484374999999 0.2297625 0.7041546875 0.2001390625 0.7217265625 0.18079218749999998 0.744134375 0.1533890625 0.7855640625 0.09591875 0.8147437500000001 0.0515859375 0.8463265625 0 0.8393953125 0 0.8137624999999999 0.0415484375 0.7753953124999999 0.1021578125 0.73976875 0.15021562500000002 0.710590625 0.186840625 0.70865625 0.1864859375 0.7249375 0.1637171875 0.7587906249999999 0.1125328125 0.8192562499999999 0.016523437499999998 0.8284453125000001 0 0.8163421874999999 0
0 0.81151875 0.0840296875 0.8542390624999999 0.02075625 0.8674578125 0.0002015625 0.8595593750000001 0 0.8065218749999999 0.08 0.81151875 0.0840296875
0 0.6780265625 0.20510156249999997 0.71028125 0.1587859375 0.746875 0.10035156249999999 0.7844359375 0.0339796875 0.8018468750000001 0.0001265625 0.7950796875 0 0.7805546875 0.0275703125 0.7371890624999999 0.1041453125 0.69914375 0.1656046875 0.6748015625 0.19925781250000002 0.6464296875 0.2335140625 0.6511046875 0.2367375 0.6667421874999999 0.2186015625 0.6780265625 0.20510156249999997
0 0.777346875 0 0.7610640625 0.0314640625 0.72769375 0.0922765625 0.692390625 0.1523265625 0.660309375 0.198875 0.646284375 0.21439218750000003 0.6472515624999999 0.22204843749999997 0.65611875 0.2127796875 0.6719171875 0.19303125000000002 0.6849578125 0.1752046875 0.7084937499999999 0.13753125 0.7379953125000001 0.086928125 0.7689468749999999 0.0297875 0.783471875 0 0.777346875 0
0 0.6490218750000001 0.13098125 0.6507953125 0.1380328125 0.6690109375 0.1158671875 0.679490625 0.101359375 0.6970609375000001 0.0761703125 0.7260796875 0.024584375 0.7381703125 0.0002015625 0.7313984375 0 0.7220484375 0.0185390625 0.69984375 0.058984375 0.677071875 0.0951140625 0.6490218750000001 0.13098125
0 0.7107640625 0 0.6952890625 0.034459375 0.6717187499999999 0.080859375 0.660628125 0.100553125 0.644346875 0.12513749999999998 0.647409375 0.13037656250000002 0.66171875 0.109765625 0.6704687500000001 0.096484375 0.6798437500000001 0.0802734375 0.6938375 0.0515859375 0.717534375 0 0.7107640625 0
0 0.6890625 0 0.67796875 0.0259765625 0.65953125 0.063671875 0.64890625 0.0828125 0.6285937500000001 0.112109375 0.63578125 0.1125 0.65453125 0.0849609375 0.6684375 0.059765625 0.67765625 0.040625 0.6921875 0.009765625 0.69609375 0 0.6890625 0
0 0.599309375 0.2312140625 0.589184375 0.2609078125 0.58454375 0.271984375 0.5756828125 0.2870140625 0.5805359375 0.28926562499999997 0.5877078124999999 0.27871875 0.5938015625 0.2656015625 0.598465625 0.25103125 0.60546875 0.226953125 0.6115453125 0.1996109375 0.6216703125 0.1526765625 0.6288437499999999 0.1233671875 0.62356875 0.121521875 0.61344375 0.1666109375 0.599309375 0.2312140625
0 0.5879187499999999 0.2999359375 0.60359375 0.2625 0.6077484375 0.24456093750000002 0.623990625 0.18153906250000001 0.629375 0.1537109375 0.62421875 0.152734375 0.6153421875 0.1947234375 0.6047953125000001 0.2340140625 0.597621875 0.2609078125 0.5837 0.295978125 0.5879187499999999 0.2999359375
0 0.615625 0.2490234375 0.6071156249999999 0.2701390625 0.6020515625 0.279103125 0.595934375 0.290178125 0.587496875 0.299671875 0.5879187499999999 0.3062640625 0.59804375 0.29650625 0.605428125 0.285959375 0.6056390625 0.2856953125 0.61344375 0.2696109375 0.6208265625 0.2482515625 0.6311640625 0.21634531250000003 0.6370703125 0.1976234375 0.6328515625 0.1947234375 0.6267328125 0.2126546875 0.615625 0.2490234375
0 0.5849624999999999 0.3550078125 0.591634375 0.3444140625 0.6033546875 0.3178171875 0.6172390625 0.27746875000000004 0.6257140625 0.24884374999999997 0.621746875 0.24591406249999997 0.6091249999999999 0.28468125 0.598846875 0.3169140625 0.5882078125 0.34080625000000003 0.5833390625 0.348921875 0.5849624999999999 0.3550078125
0 0.584421875 0.3556828125 0.588028125 0.3604171875 0.5959609375 0.348921875 0.6040765625 0.331790625 0.6120109375 0.3103796875 0.6215671875 0.2799484375 0.62625625 0.2623671875 0.6228296875 0.2596625 0.6102078125 0.29752968750000003 0.6015515625 0.3216484375 0.5947 0.338553125 0.584421875 0.3556828125
0 0.6313046875 0.2797234375 0.6091249999999999 0.3353984375 0.6064203125 0.33787656250000003 0.62375 0.289453125 0.62703125 0.2783203125 0.6233703125 0.2752140625 0.6222890624999999 0.2779203125 0.5990265625 0.342159375 0.593978125 0.35455625 0.5892890625 0.3601921875 0.5936171875 0.36560156250000003 0.6067812499999999 0.3541046875 0.6172390625 0.34013125 0.6309437499999999 0.313759375 0.6396 0.2905421875 0.6361734375 0.28874062500000003 0.6264359374999999 0.3119546875 0.61399375 0.3362984375 0.62625625 0.3069953125 0.636534375 0.2817515625 0.6313046875 0.2797234375
0 0.5925 0.3759765625 0.60640625 0.3646484375 0.6131249999999999 0.3572265625 0.6251562500000001 0.33828125 0.6353125000000001 0.3162109375 0.6303124999999999 0.3154296875 0.61875 0.3373046875 0.60890625 0.35234375 0.604375 0.3587890625 0.591875 0.36953125 0.5925 0.3759765625
0 0.599375 0.3732421875 0.59171875 0.3802734375 0.5935937499999999 0.386328125 0.60109375 0.3806640625 0.6140625 0.36796875 0.6240625 0.35234375 0.634375 0.3318359375 0.6396875 0.3197265625 0.63546875 0.318359375 0.6228125 0.3431640625 0.6121875 0.3587890625 0.60671875 0.3662109375 0.599375 0.3732421875
0 0.64171875 0.326171875 0.63890625 0.3216796875 0.63046875 0.340625 0.6171875 0.3681640625 0.6012500000000001 0.3974609375 0.60703125 0.398828125 0.6118750000000001 0.390234375 0.62046875 0.373828125 0.6287499999999999 0.35703125 0.64171875 0.326171875
0 0.57234375 0.296875 0.5678124999999999 0.2966796875 0.56078125 0.3236328125 0.54921875 0.352734375 0.5532812500000001 0.35703125 0.56421875 0.32890625 0.5696875 0.3095703125 0.57234375 0.296875
0 0.57328125 0.3171875 0.56796875 0.3171875 0.5549999999999999 0.3556640625 0.55015625 0.3587890625 0.55015625 0.3654296875 0.5553125 0.364453125 0.5625 0.362109375 0.5675 0.3578125 0.576875 0.3376953125 0.5739062500000001 0.3330078125 0.5667187499999999 0.3470703125 0.56015625 0.3580078125 0.5662499999999999 0.3408203125 0.5717187499999999 0.3236328125 0.57328125 0.3171875