1 0.523275 0.19111093750000002 0.52344375 0.204853125 0.549659375 0.2040078125 0.5481359375 0.218171875 0.524796875 0.22070937499999999 0.525390625 0.23071250000000001 0.5439453125 0.2294921875 0.548828125 0.23559531250000001 0.5530171875 0.44749531249999996 0.5615296875 0.448121875 0.55859375 0.23803749999999999 0.5634765625 0.2294921875 0.5799328125 0.2306453125 0.5823 0.21859531250000003 0.558115625 0.21838281249999997 0.558115625 0.204853125 0.5799328125 0.20168124999999998 0.581115625 0.1896328125 0.5419921875 0.1904296875 0.523275 0.19111093750000002
1 0.530003125 0.2929921875 0.5306078125 0.28216874999999997 0.49093749999999997 0.28342812500000003 0.490534375 0.29274062500000003 0.505859375 0.29663125 0.5064437500000001 0.44603281250000004 0.5128874999999999 0.44703906250000003 0.5147 0.2957609375 0.530003125 0.2929921875
1 0.48218750000000005 0.38828125 0.4921875 0.3873046875 0.4921875 0.3705078125 0.46671874999999996 0.3705078125 0.46703124999999995 0.38828125 0.471875 0.3880859375 0.4759375 0.3880859375 0.474609375 0.4772953125 0.48046875 0.4772953125 0.48218750000000005 0.38828125
1 0.47062499999999996 0.412890625 0.47562499999999996 0.4123046875 0.4759375 0.4015625 0.469375 0.4009765625 0.45906250000000004 0.400390625 0.45906250000000004 0.4126953125 0.46640625 0.4125 0.465625 0.4623046875 0.470703125 0.462646875 0.47062499999999996 0.412890625
1 0.45046875000000003 0.4275390625 0.44984375 0.451171875 0.45562500000000006 0.451171875 0.45578124999999997 0.460546875 0.45968749999999997 0.4607421875 0.4603125 0.42734375 0.45046875000000003 0.4275390625
0 0.5606703125 0.348725 0.5606703125 0.35304531250000004 0.5744921875 0.35160625 0.579728125 0.3510078125 0.5915390625 0.34699843750000003 0.612271875 0.338359375 0.6258640625 0.33144687500000003 0.6348484375 0.3256890625 0.6601890625 0.3069703125 0.6992734375 0.2761609375 0.775771875 0.2040921875 0.8005234375000001 0.17594375 0.8122718750000001 0.1736390625 0.8173406249999999 0.171046875 0.818953125 0.159240625 0.8707859375 0.100784375 0.872315625 0.0984359375 0.8686296875 0.09526875 0.8230171875 0.143934375 0.734365625 0.23469375 0.6698640625000001 0.292575 0.6279375 0.3242484375 0.599140625 0.3397984375 0.5770265625000001 0.3475734375 0.5606703125 0.348725
0 0.6043421875 0.3603609375 0.6626296875000001 0.3655296875 0.6630234374999999 0.3618375 0.6370312499999999 0.3596234375 0.6370312499999999 0.3578984375 0.6626296875000001 0.360115625 0.6624328125 0.3556828125 0.579925 0.3505140625 0.5761828125 0.3556828125 0.6043421875 0.3603609375
0 0.7884625 0.166446875 0.7246265625 0.22876875000000002 0.6950875 0.25584531250000003 0.6744109375 0.273321875 0.6519625 0.2925234375 0.629503125 0.30937187499999996 0.603509375 0.3248796875 0.5810609375 0.334725 0.5601875 0.3386625 0.5600359375 0.34411562500000004 0.5785453125 0.3423921875 0.5998125 0.3332859375 0.6321078124999999 0.3145765625 0.65219375 0.29931718749999997 0.685946875 0.2721359375 0.727103125 0.23595312499999999 0.7761359375 0.18992343750000001 0.8662453125 0.0960484375 0.8613234375 0.0921109375 0.7884625 0.166446875
0 0.8180999999999999 0.10799375 0.7824578125 0.144915625 0.71629375 0.21113125 0.6824203125 0.24325156250000002 0.6489453125 0.2720515625 0.6207859375 0.29395937499999997 0.6014875 0.30749218749999996 0.5831734375 0.3180765625 0.572934375 0.322015625 0.55954375 0.32792187500000003 0.5607249999999999 0.3330921875 0.57535 0.3266015625 0.58775625 0.3219234375 0.6044937499999999 0.3125703125 0.6241859375 0.298046875 0.647815625 0.2795859375 0.6808984375 0.25127968749999996 0.73066875 0.204484375 0.7789125 0.156978125 0.821446875 0.11291718749999999 0.8180999999999999 0.10799375
0 0.834540625 0.08984375 0.8254812499999999 0.09919687499999999 0.8280421875 0.104121875 0.838871875 0.092796875 0.834540625 0.08984375
0 0.559109375 0.2602859375 0.5587156249999999 0.2647140625 0.5734843749999999 0.264221875 0.5847078125 0.26077812499999997 0.5973109375 0.2546234375 0.6095109375 0.24870312499999997 0.619759375 0.24207031250000002 0.6419984375000001 0.227240625 0.6591625 0.21290625 0.673340625 0.20158125 0.68830625 0.189275 0.7193421875 0.1604890625 0.7486828125 0.13144375 0.7706000000000001 0.108765625 0.7672515625 0.1033515625 0.7406671874999999 0.13130312500000002 0.6987234375 0.17191875 0.6650515625 0.2026859375 0.632953125 0.2268078125 0.6108578125 0.2407078125 0.592190625 0.25093125 0.57289375 0.2593 0.559109375 0.2602859375
0 0.55918125 0.268271875 0.5867859375 0.2859453125 0.6133828125 0.2992015625 0.6157390625 0.296465625 0.6029453124999999 0.28994375 0.6037874999999999 0.2886796875 0.6186 0.29478125 0.622303125 0.2912046875 0.5943609375000001 0.2802640625 0.5615375 0.2644828125 0.55918125 0.268271875
0 0.5917765625 0.3078125 0.5599015625 0.30625 0.55984375 0.3125 0.5912499999999999 0.3134765625 0.5917765625 0.3078125
0 0.5675 0.2185546875 0.5740624999999999 0.204296875 0.5743750000000001 0.20390625 0.5704687500000001 0.202734375 0.56375 0.218359375 0.5675 0.2185546875
0 0.67390625 0.08484375 0.65078125 0.1155078125 0.62421875 0.1470703125 0.6135937499999999 0.1587890625 0.60390625 0.1680671875 0.58828125 0.1805671875 0.576875 0.18818437500000001 0.5809375 0.1916015625 0.58984375 0.1873046875 0.59859375 0.18046875 0.6174999999999999 0.162890625 0.6370312499999999 0.1412109375 0.655 0.1197265625 0.68078125 0.085365625 0.7003125 0.057421875 0.6954687500000001 0.055078125 0.690625 0.06121093749999999 0.67390625 0.08484375
0 0.6131249999999999 0.10253593750000001 0.5915625 0.135934375 0.57703125 0.1568328125 0.5653125 0.1716421875 0.5571875000000001 0.1798453125 0.5446875 0.1888296875 0.5493750000000001 0.191015625 0.55640625 0.1865234375 0.5662499999999999 0.177734375 0.5856250000000001 0.1544921875 0.6028125 0.1291015625 0.61953125 0.102734375 0.65140625 0.0468703125 0.656875 0.0367140625 0.65015625 0.036128125 0.63609375 0.0619109375 0.6131249999999999 0.10253593750000001
0 0.60828125 0.05759062499999999 0.59296875 0.08923125 0.5753125 0.1245828125 0.5603125 0.1484109375 0.54859375 0.166965625 0.5425 0.173996875 0.53671875 0.1812234375 0.5278125 0.188840625 0.531875 0.19136875 0.53953125 0.1857046875 0.54921875 0.17418125 0.5639062499999999 0.154259375 0.58078125 0.12574375 0.5921875 0.1048828125 0.603125 0.082384375 0.62375 0.041796875 0.62734375 0.0345703125 0.6214062499999999 0.032981250000000004 0.60828125 0.05759062499999999
0 0.5228125 0.2029296875 0.51484375 0.22734375 0.51015625 0.24375 0.50515625 0.2568359375 0.49781250000000005 0.274609375 0.495 0.2818359375 0.49953125 0.2826171875 0.505625 0.2708984375 0.5146875 0.24921875 0.52671875 0.20546875 0.5228125 0.2029296875
0 0.53203125 0.2353515625 0.5265625 0.234765625 0.5198437499999999 0.253125 0.51234375 0.26875 0.505 0.281640625 0.51109375 0.2818359375 0.516875 0.2720703125 0.5240625 0.257421875 0.5290625 0.244921875 0.53203125 0.2353515625
0 0.51359375 0.2810546875 0.5159374999999999 0.283984375 0.516875 0.2849609375 0.5276562499999999 0.2791015625 0.54859375 0.2677734375 0.54625 0.2638671875 0.51359375 0.2810546875
0 0.5240625 0.3255859375 0.52109375 0.3296875 0.5142187500000001 0.33515625 0.51515625 0.339453125 0.51859375 0.3375 0.5246875 0.3314453125 0.53171875 0.32109375 0.5396875 0.3064453125 0.5509375000000001 0.2794921875 0.54734375 0.278515625 0.5440625 0.2859375 0.5375 0.3001953125 0.53125 0.3134765625 0.5240625 0.3255859375
0 0.53015625 0.3810546875 0.52453125 0.385546875 0.52625 0.3908203125 0.5321875 0.3857421875 0.5396875 0.3767578125 0.5503125 0.361328125 0.553125 0.352734375 0.54890625 0.35234375 0.54453125 0.3609375 0.5392187500000001 0.3705078125 0.53640625 0.374609375 0.53328125 0.377734375 0.53015625 0.3810546875
0 0.52078125 0.38046875 0.5134375 0.380859375 0.5134375 0.3853515625 0.52078125 0.384765625 0.5248437499999999 0.383984375 0.53671875 0.371875 0.5454687500000001 0.3580078125 0.5525 0.346484375 0.54890625 0.3447265625 0.54109375 0.355859375 0.5328125 0.3671875 0.52515625 0.3771484375 0.52078125 0.38046875
0 0.541875 0.350390625 0.5128125 0.3533203125 0.5131249999999999 0.3578125 0.54234375 0.3548828125 0.541875 0.350390625
0 0.5506249999999999 0.3400390625 0.51375 0.3478515625 0.51390625 0.3521484375 0.55078125 0.344921875 0.5506249999999999 0.3400390625
0 0.56125 0.3953125 0.59203125 0.3966796875 0.5928125 0.390625 0.5615625 0.390234375 0.56140625 0.3923828125 0.56125 0.3953125
0 0.5270312500000001 0.36484375 0.5131249999999999 0.37421875 0.514375 0.3791015625 0.52828125 0.3712890625 0.5390625 0.3576171875 0.53453125 0.35546875 0.5270312500000001 0.36484375
0 0.49140625 0.2923828125 0.44546875 0.313671875 0.39968750000000003 0.332421875 0.40031249999999996 0.3349609375 0.4015625 0.337109375 0.44390625000000006 0.31953125 0.49468750000000006 0.2962890625 0.49140625 0.2923828125
0 0.48640625000000004 0.358203125 0.5065625 0.3546875 0.50578125 0.3501953125 0.46609375000000003 0.3568359375 0.41953125 0.3640625 0.40234375 0.36640625 0.40265625 0.370703125 0.43375 0.3673828125 0.48640625000000004 0.358203125
0 0.4871875 0.312890625 0.4840625 0.328515625 0.47890625 0.3533203125 0.48390625 0.353125 0.4890625 0.3291015625 0.49124999999999996 0.3166015625 0.49328125 0.29765625 0.4890625 0.298046875 0.48875 0.302734375 0.4871875 0.312890625
0 0.49171875 0.3529296875 0.49609375 0.336328125 0.5 0.3177734375 0.5035937500000001 0.29609375 0.4996875 0.2953125 0.495625 0.3169921875 0.4925 0.329296875 0.4871875 0.3515625 0.49171875 0.3529296875
0 0.40484375000000006 0.376171875 0.47953124999999996 0.36484375 0.5065625 0.359765625 0.5059375 0.35546875 0.40421874999999996 0.371484375 0.40484375000000006 0.376171875
0 0.49749999999999994 0.3970703125 0.50625 0.36015625 0.50078125 0.36015625 0.49203125 0.397265625 0.49749999999999994 0.3970703125
0 0.6340625 0.3048828125 0.62265625 0.2984375 0.6190625 0.30234375 0.6303124999999999 0.3087890625 0.6340625 0.3048828125
0 0.6404687499999999 0.3005859375 0.62890625 0.294140625 0.62546875 0.2978515625 0.6368750000000001 0.3041015625 0.6404687499999999 0.3005859375
0 0.5981921875 0.3438796875 0.5971875 0.3484375 0.6228343749999999 0.3513765625 0.653959375 0.352796875 0.6534375 0.348046875 0.6255890625 0.3469203125 0.5981921875 0.3438796875