1 0.24207968750000003 0.194178125 0.234375 0.18188437500000001 0.23296875 0.176953125 0.25765625000000003 0.17890625 0.2578125 0.17456093749999999 0.2546875 0.166015625 0.234375 0.16479531249999999 0.2353515625 0.1513671875 0.2578125 0.15014687499999999 0.25423125 0.1395 0.234375 0.13793906250000001 0.2340625 0.1234375 0.258125 0.1234375 0.25734375 0.1126953125 0.2314453125 0.107421875 0.22421875 0.10625 0.224609375 0.11352500000000001 0.22265625 0.19653281250000001 0.22282968749999998 0.27633125000000003 0.2117984375 0.2757796875 0.21334375 0.284328125 0.221946875 0.283778125 0.22282968749999998 0.2876390625 0.2240859375 0.43669375 0.2265625 0.4382328125 0.232421875 0.435790625 0.23496406250000001 0.285984375 0.243128125 0.28570625 0.24356874999999997 0.279915625 0.242465625 0.275228125 0.23386093749999998 0.2757796875 0.2351640625 0.2196484375 0.2430140625 0.22105000000000002 0.2443234375 0.21380625000000003 0.24207968750000003 0.194178125
1 0.341796875 0.306396875 0.35640625 0.302734375 0.357421875 0.299071875 0.35385625 0.293740625 0.3212890625 0.29541093749999997 0.3212890625 0.302734375 0.333984375 0.3039546875 0.333984375 0.4602046875 0.33984375 0.462646875 0.341796875 0.306396875
1 0.35546875 0.3482421875 0.36515624999999996 0.3494140625 0.36546875 0.35234375 0.355 0.3525390625 0.3565625 0.3580078125 0.36390625 0.3583984375 0.364375 0.3580078125 0.36484375 0.3595703125 0.36828125 0.4576171875 0.373046875 0.4577640625 0.37171875 0.359765625 0.38109375 0.3603515625 0.38156249999999997 0.3525390625 0.3725 0.3529296875 0.37124999999999997 0.3490234375 0.38234375 0.3462890625 0.381875 0.3416015625 0.3662109375 0.341796875 0.355 0.3439453125 0.35546875 0.3482421875
1 0.392578125 0.3918453125 0.39359375 0.479296875 0.395625 0.4794921875 0.3975 0.4787109375 0.39765625 0.3931640625 0.4046875 0.390625 0.40453124999999995 0.3869140625 0.4 0.3853515625 0.3984375 0.3869625 0.39203125 0.386328125 0.38937499999999997 0.38203125 0.3859375 0.3828125 0.38609375 0.387890625 0.392578125 0.3918453125
1 0.9565781250000001 0 0.9622328124999999 0.283365625 0.9609375 0.4504390625 0.974609375 0.45288125 0.9789609374999999 0.1639671875 0.97579375 0 0.9565781250000001 0
0 0.8358671875000001 0.44588124999999995 0.8415203124999999 0.44431093749999995 0.8540796875 0.381509375 0.8867359374999999 0.2182296875 0.8880171875 0.2105921875 0.8916921875 0.191540625 0.885390625 0.19170937500000002 0.8771796875 0.2356328125 0.844659375 0.39249999999999996 0.8358671875000001 0.44588124999999995
0 0.78763125 0 0.7032812500000001 0.0353515625 0.4962109375 0.1123046875 0.41171875 0.1361328125 0.38765625 0.14375 0.35875 0.15234375 0.27171875 0.17109375 0.27453125 0.177734375 0.370625 0.1564453125 0.4074171875 0.146996875 0.4922046875 0.12390000000000001 0.575515625 0.093475 0.681884375 0.053532812500000006 0.804375 0 0.78763125 0
0 0.7212500000000001 0 0.6768 0.01699375 0.51953125 0.0736328125 0.4034375 0.111328125 0.395 0.1142578125 0.320625 0.1328125 0.28796875 0.1392578125 0.26440625 0.14323593750000002 0.26640625 0.150390625 0.30953125 0.1435546875 0.315 0.142578125 0.39125 0.123046875 0.459375 0.102734375 0.4833484375 0.0954078125 0.59134375 0.058265625 0.7156453125 0.009710937499999999 0.73375 0 0.7212500000000001 0
0 0.258834375 0.1165640625 0.259375 0.1240234375 0.28828125 0.120703125 0.3496390625 0.10794062499999998 0.469303125 0.0704375 0.47595625 0.0683578125 0.492146875 0.061950000000000005 0.60341875 0.018453125 0.640278125 0.00161875 0.6321984375 0 0.5598390625 0.027845312500000004 0.5063187499999999 0.046735937500000005 0.4738765625 0.059259375 0.42775625 0.0742796875 0.4048328125 0.0815109375 0.35052812499999997 0.098203125 0.28485625 0.1132953125 0.258834375 0.1165640625
0 0.1520078125 0 0.15556874999999998 0.0041734375 0.178696875 0.036240625 0.18717187500000002 0.046459375000000004 0.238125 0.1060546875 0.24125000000000002 0.1095703125 0.24312499999999998 0.1115234375 0.24874999999999997 0.1068359375 0.2285671875 0.0842921875 0.19395625 0.0432328125 0.159796875 0 0.1520078125 0
0 0.1219625 0 0.173371875 0.0650984375 0.2214453125 0.11906874999999999 0.22265625 0.11596718749999999 0.22430468750000002 0.11105156249999999 0.17715625 0.0581421875 0.1307171875 0 0.1219625 0
0 0.0991828125 0.00021250000000000002 0.091721875 0 0.1595734375 0.08457187499999999 0.222353125 0.15011093749999999 0.2245421875 0.14268281249999998 0.16914374999999998 0.08206875 0.147140625 0.05785625 0.0991828125 0.00021250000000000002
0 0.30619843750000003 0.26638125 0.31629375 0.277596875 0.3204828125 0.28431875 0.326509375 0.290596875 0.3293859375 0.2932203125 0.3348578125 0.29197656250000004 0.31405 0.2640453125 0.30421875 0.250390625 0.3003125 0.24296875 0.2845140625 0.2107703125 0.2723640625 0.2131046875 0.28984375 0.24375 0.29554375 0.2575015625 0.31453125000000004 0.2958984375 0.3199375 0.29340781250000003 0.30619843750000003 0.26638125
0 0.27015625 0.3662109375 0.28534375 0.3868125 0.308465625 0.4107953125 0.3202734375 0.41509999999999997 0.33375 0.41484375 0.33296875 0.40859375 0.3163375 0.40710625 0.30256249999999996 0.39480624999999997 0.27993125 0.36836250000000004 0.2519359375 0.3274375 0.23769218749999999 0.30629531249999997 0.2361453125 0.313015625 0.24953124999999998 0.3341796875 0.27015625 0.3662109375
0 0.6376953125 0.192871875 0.49352656250000004 0.19679375 0.37632187500000003 0.1987734375 0.243359375 0.1968640625 0.24316093749999998 0.20329531250000002 0.2991546875 0.20477812499999998 0.24474374999999998 0.2057671875 0.24375468749999998 0.2119515625 0.249096875 0.2119515625 0.541675 0.20669062500000002 0.8970312500000001 0.1892578125 0.9598437499999999 0.1828125 0.960128125 0.176203125 0.801646875 0.1880140625 0.9607609374999999 0.164325 0.960128125 0.156009375 0.8603453125 0.17026406249999998 0.80234375 0.1779296875 0.6376953125 0.192871875
0 0 0.1916015625 0.0957 0.25733125 0.1083984375 0.2685546875 0.1765625 0.2974609375 0.1826171875 0.30029374999999997 0.22166718749999997 0.3057390625 0.2214453125 0.296559375 0.188284375 0.29155156249999997 0.17109375 0.2853515625 0.1259765625 0.26611406249999997 0 0.18188437500000001 0 0.1916015625
1 0.0146484375 0.29052812499999997 0.0077781249999999994 0.295478125 0.015125 0.303040625 0.0155796875 0.381965625 0.017578125 0.3796390625 0.021484375 0.3088375 0.03125 0.299071875 0.0146484375 0.29052812499999997
0 0 0.28504687500000003 0.038057812499999996 0.27903125 0.1029296875 0.2665640625 0.0966734375 0.2601671875 0.0534546875 0.26727500000000004 0 0.2750953125 0 0.28504687500000003
0 0.22171875000000002 0.2279296875 0.20902500000000002 0.23150624999999997 0.1453453125 0.2485203125 0.1122890625 0.257028125 0.121525 0.26249687499999996 0.1609 0.252165625 0.2228125 0.2337890625 0.22171875000000002 0.2279296875
0 0.031875 0.2462890625 0.0004859375 0.251559375 0 0.2594578125 0.027375 0.25455 0.0768296875 0.24605312499999998 0.071221875 0.240678125 0.031875 0.2462890625
0 0.0846875 0.2021484375 0.07578125 0.1953125 0.0738890625 0.19612812500000001 0.0740265625 0.20258906250000003 0.090625 0.21640625 0.1028140625 0.2280609375 0.1152234375 0.23870156250000002 0.1306421875 0.2489859375 0.1357609375 0.2509328125 0.1433265625 0.2484296875 0.1419921875 0.2467625 0.1203859375 0.232265625 0.1043796875 0.219775 0.15089375 0.24759531250000003 0.1542328125 0.24342187499999998 0.10305781249999998 0.2135328125 0.0846875 0.2021484375
0 0.22215625 0.2730546875 0.1715609375 0.2506421875 0.1594609375 0.2522640625 0.21399062500000002 0.277 0.22215625 0.2730546875
0 0 0.32243125 0.015125 0.32076875 0.0155796875 0.3165875 0.0155796875 0.314640625 0 0.3157546875 0 0.32243125
1 0.4033203125 0.4736328125 0.404296875 0.4724125 0.40625 0.4699703125 0.40625 0.4187015625 0.4086484375 0.420315625 0.41238125 0.419796875 0.4119671875 0.41201875 0.4119671875 0.40890624999999997 0.4052734375 0.40771562499999997 0.40109374999999997 0.4080078125 0.40234375 0.4724125 0.4033203125 0.4736328125
0 1 0.1563765625 0.978934375 0.1550546875 0.9786640625 0.16615 0.9997453125 0.16635 1 0.1563765625
0 1 0.17607187500000002 0.9786609374999999 0.1755921875 0.9784375000000001 0.1866625 1 0.1869171875 1 0.17607187500000002
0 0.25406249999999997 0.180859375 0.263509375 0.19612812500000001 0.2677375 0.1952953125 0.2586125 0.1791578125 0.25406249999999997 0.180859375
0 0.2575 0.12351875000000001 0.2521578125 0.12574687499999998 0.26156250000000003 0.15625 0.26484375 0.168309375 0.2579453125 0.1532875 0.25328125 0.15390625 0.260625 0.1697265625 0.27152031249999997 0.195571875 0.278865625 0.1947375 0.2575 0.12351875000000001
0 0.3643265625 0.340790625 0.37055937499999997 0.3413484375 0.3634125 0.32895625 0.349415625 0.3049046875 0.3463 0.30713124999999997 0.3474125 0.311025 0.3643265625 0.340790625
0 0.23479843749999998 0.299896875 0.26150625 0.3316109375 0.2871 0.3585953125 0.293109375 0.356928125 0.2739375 0.3363890625 0.257234375 0.3178296875 0.24748437499999998 0.30713124999999997 0.2359109375 0.2946109375 0.23479843749999998 0.299896875
0 0.23858281250000002 0.2873796875 0.2575 0.311025 0.261728125 0.3068515625 0.242365625 0.2840390625 0.23858281250000002 0.2873796875
0 0.02114375 0.321875 0.185390625 0.30629531249999997 0.17782343750000001 0.298228125 0.1582390625 0.299896875 0.021406249999999998 0.3140625 0.02114375 0.321875
0 0.22122812500000003 0.287671875 0.1542328125 0.25427187500000004 0.14513437499999998 0.2563515625 0.194503125 0.2827984375 0.21899687499999998 0.2932203125 0.22122812500000003 0.287671875
0 0.16953125 0.280859375 0.1411015625 0.2578890625 0.13328125 0.2603515625 0.15171874999999999 0.27421875 0.16578125 0.2837890625 0.16953125 0.280859375
0 0 0.1634765625 0.0241140625 0.1747828125 0.03765625 0.1814453125 0.048740624999999996 0.18750625 0.053593749999999996 0.1966796875 0.057865625 0.1986328125 0.061406249999999996 0.2017578125 0.07099531249999999 0.204753125 0.07455625 0.2014140625 0.0741125 0.19251093749999998 0.22389375 0.20169375 0.2236703125 0.193625 0.0687703125 0.180828125 0.0554171875 0.1749859375 0.0515625 0.1734375 0.048593750000000005 0.17109375 0 0.1391 0.0006671875 0.146609375 0.038503125 0.1710921875 0.037834374999999996 0.1738734375 0 0.1515625 0 0.1634765625
0 0.09636718749999999 0.2108734375 0.22328125000000001 0.2119140625 0.22296875 0.2048828125 0.0861296875 0.20503125 0.0320484375 0.20280625 0.04109375 0.209375 0.09636718749999999 0.2108734375
0 0.10921875 0.234765625 0.0832359375 0.2361890625 0.0881328125 0.24203125 0.1150625 0.240640625 0.10921875 0.234765625
0 0.145428125 0.2866609375 0.12859375 0.2765625 0.12546875 0.280078125 0.1528125 0.2998046875 0.1559375 0.29921875 0.16140937500000002 0.2973984375 0.145428125 0.2866609375
0 0.8615296875 0.4296875 0.865534375 0.43430625 0.9182859375 0.30572499999999997 0.9620140625 0.1908453125 0.959171875 0.18558125 0.9474671875 0.21407343750000002 0.8615296875 0.4296875
0 0.9089640625 0.30917343750000004 0.9567078125 0.184040625 0.9508546875 0.18173125 0.8578328125000001 0.42083125 0.8627625 0.42622031250000003 0.9089640625 0.30917343750000004
0 0.021571874999999997 0.33516406249999997 0.09331874999999999 0.326775 0.176890625 0.314790625 0.18390625 0.3138671875 0.2146015625 0.3137921875 0.2146015625 0.3089984375 0.2074109375 0.3078015625 0.1752921875 0.3078015625 0.06281250000000001 0.3212890625 0.021562500000000002 0.3265625 0.021571874999999997 0.33516406249999997
0 0.35455312499999997 0.3057828125 0.37358437499999997 0.3402375 0.3786703125 0.338803125 0.35914687500000003 0.30168125 0.35455312499999997 0.3057828125
0 0.16421406249999998 0.21877968750000001 0.2175796875 0.229503125 0.21912343750000002 0.22585937500000003 0.153125 0.2109375 0.1441375 0.2136328125 0.16421406249999998 0.21877968750000001
0 0.8966828124999999 0.1640875 0.928128125 0 0.9221375 0.0003125 0.8911921875000001 0.16471249999999998 0.8966828124999999 0.1640875
1 0.5029296875 0.40283281249999997 0.5 0.40649375 0.5 0.4577640625 0.5029296875 0.46142656249999997 0.50390625 0.4602046875 0.505859375 0.4577640625 0.505859375 0.4089359375 0.5029296875 0.40283281249999997
0 0.24921875 0.136328125 0.23734375000000002 0.124609375 0.2340625 0.1296875 0.24515625000000002 0.13984375 0.24921875 0.136328125
0 0.24703124999999998 0.162109375 0.23703124999999997 0.1537109375 0.23421875 0.158203125 0.24375 0.16640625 0.24703124999999998 0.162109375