1 0.16073125 0 0.1613296875 0.1972328125 0.15969375 0.447265625 0.1784984375 0.44828906249999995 0.17543124999999998 0 0.16073125 0
1 0.38390625 0.251953125 0.383809375 0.2335875 0.40406250000000005 0.2328125 0.40390625 0.2228515625 0.40109374999999997 0.2232421875 0.384375 0.2240234375 0.3828125 0.2193359375 0.39625 0.2193359375 0.395 0.2125 0.38859374999999996 0.2107421875 0.38875000000000004 0.2046875 0.37015625 0.2052734375 0.3703125 0.2134765625 0.3753125 0.2177734375 0.37546875 0.22109375 0.356221875 0.22276406249999997 0.35671875000000003 0.233203125 0.37453125 0.234765625 0.3739421875 0.2509578125 0.3568265625 0.2524671875 0.3564234375 0.26077343750000004 0.3735765625 0.26270625000000003 0.3734375 0.2744140625 0.3550140625 0.2751203125 0.3546109375 0.2824203125 0.37374999999999997 0.283984375 0.37170000000000003 0.4996484375 0.381834375 0.499275 0.3830046875 0.28342812500000003 0.4009265625 0.2824203125 0.39991875 0.27637812500000003 0.383809375 0.2756234375 0.38320468750000003 0.2703375 0.3840109375 0.26228281249999996 0.40293906249999994 0.260521875 0.40293906249999994 0.2590125 0.40253750000000005 0.25271875 0.38390625 0.251953125
1 0.42368125 0.27335937499999996 0.42368125 0.266059375 0.3905765625 0.2668796875 0.39078124999999997 0.27421875 0.40359375000000003 0.276171875 0.40454999999999997 0.4827828125 0.412403125 0.4842921875 0.41078125 0.2763671875 0.42368125 0.27335937499999996
1 0.60078125 0.169921875 0.5873999999999999 0.1736171875 0.5873999999999999 0.180696875 0.5890171875 0.185415625 0.6259359375 0.1872890625 0.6353125000000001 0.1892578125 0.6474765625 0.1983765625 0.65606875 0.2106390625 0.6502390625000001 0.4453359375 0.6506546875 0.45295625 0.65541875 0.45295625 0.6742421875 0.453090625 0.6723546875 0.41701875 0.6671875 0.2353515625 0.675 0.0771484375 0.67478125 0.0748421875 0.6648031249999999 0.0758515625 0.6572515625 0.1945203125 0.6384375 0.1796875 0.6300546875 0.17699375 0.6205515625 0.1718484375 0.60078125 0.169921875
1 0.6521265625 0.3984765625 0.648890625 0.28452968749999996 0.6458921875 0.204315625 0.6354390624999999 0.20669062500000002 0.64619375 0.397128125 0.6521265625 0.3984765625
0 0.41300625 0.2650703125 0.404225 0.2321390625 0.39828437499999997 0.233753125 0.407325 0.26539375 0.41300625 0.2650703125
0 0.42316093749999995 0.20805781250000002 0.3959375 0.21343125000000002 0.3959375 0.2182078125 0.426265625 0.21372968750000002 0.46569843750000006 0.20501718750000003 0.5186468750000001 0.19210312499999999 0.5806375 0.17531406249999998 0.6049171875 0.1682109375 0.6383234375 0.15731250000000002 0.63736875 0.152834375 0.5428015625 0.1796984375 0.4501453125 0.202984375 0.42316093749999995 0.20805781250000002
0 0.4489515625 0.1970140625 0.5272796875 0.174625 0.5891296875 0.15611875 0.6476375 0.136715625 0.6476375 0.13044687500000002 0.578384375 0.1525375 0.45611562499999997 0.188953125 0.3933109375 0.20447656250000001 0.3933109375 0.20985 0.4489515625 0.1970140625
0 0.641834375 0.149171875 0.6361421875 0.1602125 0.621421875 0.16978125 0.623384375 0.17493281249999998 0.6308421875 0.1707640625 0.639675 0.164384375 0.6451718750000001 0.15604374999999998 0.6589109375 0.15358750000000002 0.6587140625 0.1479453125 0.6508625 0.1477015625 0.6616578125 0.121446875 0.6589109375 0.116540625 0.6483109375 0.13837656250000002 0.641834375 0.149171875
0 0.695221875 0.11089843749999999 0.67559375 0.09274218749999999 0.6742203124999999 0.101084375 0.6938484375 0.11727812500000001 0.695221875 0.11089843749999999
0 0.76333125 0.038765625 0.7929703124999999 0.0009796875 0.7855109375 0 0.7580312499999999 0.0358203125 0.76333125 0.038765625
0 0.790025 0.025515624999999997 0.8084749999999999 0.000246875 0.8025874999999999 0 0.786296875 0.0220828125 0.790025 0.025515624999999997
0 0.7294343750000001 0.1398359375 0.7107890625 0.1233453125 0.7070953125 0.1262046875 0.727675 0.14379375 0.7294343750000001 0.1398359375
0 0.6974218750000001 0.11169375 0.671565625 0.1387359375 0.6726203125 0.14643124999999999 0.7000609375 0.117628125 0.6974218750000001 0.11169375
0 0.675434375 0.1550078125 0.6984765625 0.13411875 0.7007640625 0.1317015625 0.698653125 0.1268625 0.6738515625 0.149290625 0.675434375 0.1550078125
0 0.8319218749999999 0.0468359375 0.7999328125 0.0854984375 0.7783703125 0.10729843750000001 0.7603421875 0.12444843750000001 0.7405468749999999 0.1405765625 0.7181015625 0.15692343749999998 0.7083796875 0.1611234375 0.7000734375000001 0.1651 0.6908828125 0.1675296875 0.6709109375 0.16775 0.6705578125 0.17150625 0.6726203125 0.17215625 0.690034375 0.17215625 0.7037546875 0.1686390625 0.725565625 0.1580859375 0.7607437499999999 0.1312609375 0.789225 0.10384843749999999 0.8226281249999999 0.06489375 0.8472531249999999 0.0349921875 0.8660328125 0.0097203125 0.861615625 0.007953125 0.8319218749999999 0.0468359375
0 0.735421875 0.2352875 0.7014875 0.2059046875 0.69875 0.2109375 0.7336546875 0.24036875000000002 0.735421875 0.2352875
0 0.723125 0.2095703125 0.70765625 0.1962890625 0.705 0.20078125 0.7221875 0.2154296875 0.723125 0.2095703125
0 0.6860937500000001 0.1896484375 0.67125 0.177734375 0.6693749999999999 0.1828125 0.6840625 0.1947265625 0.6860937500000001 0.1896484375
0 0.6871875000000001 0.18046875 0.6803125 0.172265625 0.67625 0.1744140625 0.68515625 0.1845703125 0.6871875000000001 0.18046875
0 0.686875 0.16484375 0.67671875 0.154296875 0.6734375 0.1576171875 0.6834374999999999 0.16796875 0.686875 0.16484375
0 0.2927578125 0 0.3115265625 0.0600859375 0.3364765625 0.131328125 0.3568484375 0.17996875 0.3694375 0.20514843749999997 0.3742453125 0.202859375 0.3458609375 0.1370515625 0.31908125 0.06265937499999999 0.299625 0 0.2927578125 0
0 0.26735000000000003 0 0.2833734375 0.045492187499999996 0.31671875 0.1333984375 0.32078125 0.14296875 0.34500000000000003 0.1953125 0.36046875 0.219921875 0.364859375 0.2165921875 0.3476890625 0.18832500000000002 0.32274375 0.1341890625 0.29413125 0.0592265625 0.27392500000000003 0 0.26735000000000003 0
0 0.17831406249999998 0 0.1807125 0.01008125 0.2036 0.054495312500000004 0.2408765625 0.12643437500000002 0.28033281250000003 0.1956453125 0.2881796875 0.1836546875 0.2594046875 0.1346078125 0.2094859375 0.040600000000000004 0.197496875 0.013625000000000002 0.196625 0.0089921875 0.18899531249999998 0 0.17831406249999998 0
0 0.3548078125 0.2230109375 0.3576546875 0.2190328125 0.324821875 0.185946875 0.30488593750000004 0.165634375 0.30220625 0.16940468749999998 0.331521875 0.20039687499999997 0.3548078125 0.2230109375
0 0.19697343750000001 0 0.2266 0.0616265625 0.28863125 0.1840109375 0.2974265625 0.17562031250000001 0.24141249999999997 0.066834375 0.209009375 0 0.19697343750000001 0
0 0.22173906250000003 0 0.21456406249999999 0.0008671875000000001 0.2502078125 0.08014218749999999 0.2974265625 0.1741734375 0.30205625 0.1683859375 0.26756875 0.0995265625 0.22173906250000003 0