1 0.7802734375 0.1977546875 0.7738671874999999 0.1999609375 0.771484375 0.377196875 0.7719671875 0.480696875 0.77734375 0.482178125 0.782484375 0.47836249999999997 0.78515625 0.355225 0.7802734375 0.1977546875
1 0.318359375 0.45288125 0.322265625 0.2917484375 0.33203125 0.279540625 0.330078125 0.2648921875 0.341796875 0.2551265625 0.33984375 0.21118125000000001 0.3212890625 0.20263749999999997 0.314453125 0.20629843750000001 0.3125 0.306396875 0.3125 0.4504390625 0.318359375 0.45288125
1 0.39013593750000003 0.4397828125 0.3916015625 0.3271484375 0.384765625 0.32836875 0.38472968750000003 0.4397828125 0.386140625 0.442428125 0.39013593750000003 0.4397828125
1 0.423828125 0.37475625 0.4208984375 0.361328125 0.40234375 0.364990625 0.40234375 0.37475625 0.41015625 0.377196875 0.4108171875 0.4788546875 0.4140625 0.474853125 0.416015625 0.377196875 0.423828125 0.37475625
1 0.431640625 0.40649375 0.43150000000000005 0.48884531249999996 0.43620000000000003 0.48943125 0.4399609375 0.39806875 0.4267578125 0.39794999999999997 0.423828125 0.4016109375 0.431640625 0.40649375
0 0.3447265625 0.32959062499999997 0.5615218750000001 0.3260703125 0.6328125 0.322309375 0.7730765625 0.301765625 0.7728453125 0.2945328125 0.6779468750000001 0.30784218750000003 0.5966796875 0.3173828125 0.5205546875 0.3197046875 0.457828125 0.3202828125 0.3224234375 0.3150765625 0.3210453125 0.3333609375 0.3447265625 0.32959062499999997
0 0.1746875 0 0.2319734375 0.09201875000000001 0.2625 0.1365234375 0.26625 0.1412109375 0.29617343749999997 0.17761875 0.314790625 0.1984828125 0.3193359375 0.20263749999999997 0.326171875 0.20141562500000001 0.2636453125 0.124921875 0.18296874999999999 0 0.1746875 0
0 0.15125 0 0.19765625 0.0734375 0.2396875 0.134765625 0.29018125 0.1960765625 0.312003125 0.2204625 0.3140625 0.22109375 0.31515624999999997 0.2138671875 0.271221875 0.1601828125 0.24421875 0.12578125 0.21609375000000003 0.0853515625 0.20125 0.0642578125 0.15828124999999998 0 0.15125 0
0 0.12583125 0 0.1305390625 0.007490624999999999 0.138884375 0.0203296875 0.15640625 0.04609375 0.1915625 0.098046875 0.24703124999999998 0.1716796875 0.285625 0.213671875 0.31286562500000004 0.23967812500000002 0.3136890625 0.2313734375 0.29393437499999997 0.21146250000000003 0.25171875 0.165625 0.2373234375 0.1465875 0.1836875 0.07488281249999999 0.1333203125 0 0.12583125 0
0 0.5887 0.18555625 0.65625 0.166359375 0.6722937499999999 0.1613375 0.6722937499999999 0.1541109375 0.631825 0.1658296875 0.610575 0.1709078125 0.5695640625 0.18184687500000002 0.4806203125 0.1995546875 0.42920468749999996 0.207675 0.387871875 0.21116875 0.382521875 0.2109125 0.341090625 0.21084687500000002 0.3408875 0.215634375 0.34136875 0.2191421875 0.355978125 0.2193984375 0.376759375 0.2191421875 0.42277812499999995 0.216765625 0.44679375 0.21380625000000003 0.47233125 0.20978906249999998 0.49568593749999995 0.205003125 0.5887 0.18555625
0 0.34368125 0.2383390625 0.37453125 0.23828125 0.42421875 0.23515625 0.4747296875 0.22821875 0.5325 0.215625 0.60859375 0.198046875 0.6646124999999999 0.1824484375 0.6776953125 0.177 0.6762234375 0.17024843750000002 0.6618375000000001 0.1750171875 0.6134703125 0.1883953125 0.5131671875 0.21175000000000002 0.48123750000000004 0.219203125 0.47261875 0.22074218750000002 0.4534375 0.2236328125 0.43562500000000004 0.226171875 0.37484375000000003 0.2314453125 0.34375 0.23125 0.34368125 0.2383390625
0 0.37703125000000004 0.251171875 0.35203125 0.2517578125 0.34703125 0.252734375 0.3465625 0.2544921875 0.34984375 0.258984375 0.39078124999999997 0.25703125 0.470590625 0.2504515625 0.4855578125 0.24639375000000002 0.517475 0.237603125 0.5344249999999999 0.23377187500000002 0.635 0.2076171875 0.6425 0.20546875 0.649375 0.2037109375 0.6883515625000001 0.18928125 0.68703125 0.1822265625 0.6784375 0.1853515625 0.65421875 0.193359375 0.6142140625 0.2046390625 0.56765625 0.2169921875 0.5290625 0.227734375 0.50453125 0.233203125 0.47406249999999994 0.241015625 0.43984375 0.2451171875 0.42671875000000004 0.2462890625 0.37703125000000004 0.251171875
0 0.13842812499999999 0.3278546875 0.13558125000000001 0.32918125 0.13400625 0.334353125 0.1918375 0.3267671875 0.23127499999999998 0.320859375 0.2256234375 0.3165234375 0.13842812499999999 0.3278546875
0 0.7446078125 0.23406406249999998 0.736275 0.2731234375 0.7314140625000001 0.2971359375 0.7341921874999999 0.30060937499999996 0.7367375 0.298584375 0.7473859375 0.25345 0.7517828125 0.2352203125 0.7446078125 0.23406406249999998
0 0.35475 0.29579062500000003 0.3612796875 0.30741406250000003 0.3697875 0.3155765625 0.3794828125 0.3160703125 0.374140625 0.3103828125 0.364840625 0.298015625 0.3509921875 0.264875 0.3436703125 0.2349515625 0.336746875 0.2391546875 0.3498046875 0.2730375 0.34881562499999996 0.2730375 0.342484375 0.25869375 0.33793281249999996 0.26215625 0.35475 0.29579062500000003
0 0.239721875 0.35870156249999996 0.149003125 0.3666328125 0.1177453125 0.370746875 0.1196265625 0.37515156250000004 0.224915625 0.366340625 0.2695703125 0.3604640625 0.2688640625 0.3542953125 0.239721875 0.35870156249999996
0 0.25895625 0.34278125 0.23645624999999998 0.3465484375 0.1812015625 0.35400156250000003 0.11727499999999999 0.35958125 0.1186859375 0.366928125 0.21316406250000003 0.3572328125 0.26604375 0.35018125 0.25895625 0.34278125
0 0.2947171875 0.34981249999999997 0.2850734375 0.34554375 0.26880000000000004 0.340521875 0.24850937499999998 0.3236953125 0.231434375 0.3121453125 0.1737765625 0.27774062499999996 0.1709640625 0.2817578125 0.17216875 0.28276406249999997 0.189446875 0.2945671875 0.2284203125 0.31792031249999997 0.24670156250000003 0.3307265625 0.26277343750000004 0.345040625 0.2770375 0.3495609375 0.287484375 0.35257499999999997 0.2913015625 0.3553375 0.3131984375 0.354584375 0.3117921875 0.348809375 0.2947171875 0.34981249999999997
0 0.2943140625 0.3164140625 0.31239531249999997 0.31792031249999997 0.312596875 0.3121453125 0.2647828125 0.3088796875 0.25614375 0.3046109375 0.21255000000000002 0.2757328125 0.18623125000000001 0.26016249999999996 0.186834375 0.2666921875 0.20853125 0.28276406249999997 0.2515234375 0.31013437499999996 0.2521265625 0.3166640625 0.25674687500000004 0.3186734375 0.25875625 0.3186734375 0.2619703125 0.317165625 0.263578125 0.3141546875 0.2943140625 0.3164140625
0 0.3123734375 0.29386875 0.2696125 0.29064999999999996 0.23114531249999998 0.2852828125 0.23646875 0.2915078125 0.2696125 0.2973046875 0.30275625 0.299021875 0.2902203125 0.30095312500000004 0.2678953125 0.3048171875 0.2675515625 0.3080375 0.2800890625 0.30953906249999996 0.31305937500000003 0.299665625 0.3123734375 0.29386875
0 0.2454 0.3196296875 0.2495203125 0.3237078125 0.26669375 0.32542343749999997 0.2977765625 0.3404515625 0.3082515625 0.344959375 0.3079078125 0.3391625 0.277340625 0.3275703125 0.3123734375 0.3264984375 0.3118578125 0.32177500000000003 0.2454 0.3196296875
0 0 0.1586578125 0.034296875 0.188075 0.0413078125 0.183378125 0 0.150521875 0 0.1586578125
0 0.0235328125 0.14926875 0.0705984375 0.183378125 0.07385312499999999 0.1777453125 0.00025 0.12204531249999999 0 0.1301796875 0.0235328125 0.14926875
0 0 0.11609687500000002 0.032043749999999996 0.146140625 0.034296875 0.146140625 0.037803125 0.14301250000000001 0.002253125 0.110153125 0 0.11609687500000002