1 0.1671875 0.1005859375 0.16375 0.0890625 0.15390625 0.08203125 0.121875 0.0849609375 0.125 0.0185546875 0.13953125 0.0130859375 0.13859375000000002 0.0052734375 0.12734375 0 0.1140625 0.0009765625 0.109375 0.0830078125 0.10203124999999999 0.0763671875 0.09765625 0.078125 0.09484375 0.0873046875 0.07921875 0.083984375 0.07468749999999999 0.083203125 0.08046875 0.12109375 0.10625 0.1240234375 0.104375 0.1982421875 0.07265625 0.1943359375 0.0753125 0.2056640625 0.10375000000000001 0.208203125 0.1046875 0.2255859375 0.11515625 0.228515625 0.1153125 0.2126953125 0.14750000000000002 0.211328125 0.148125 0.200390625 0.11781250000000001 0.1978515625 0.11703125 0.162890625 0.1328125 0.1607421875 0.13125 0.1435546875 0.1296875 0.1279296875 0.14921875 0.123046875 0.1671875 0.1005859375
1 0.303125 0.2021484375 0.3040234375 0.1980171875 0.2961578125 0.1945875 0.2975 0.1853515625 0.30328125 0.1830078125 0.30328125 0.174609375 0.29453125 0.171875 0.2890625 0.1767578125 0.2890625 0.2626953125 0.3056703125 0.2673 0.3078125 0.2666015625 0.3109375 0.2607421875 0.30969375 0.2567828125 0.3049390625 0.2602125 0.296875 0.2529296875 0.296875 0.2294921875 0.301875 0.226171875 0.303125 0.2216796875 0.296875 0.2158203125 0.29670625 0.20716406250000002 0.303125 0.2021484375
1 0.3515625 0.3232421875 0.35031249999999997 0.31015625 0.35671875000000003 0.3041015625 0.35703125 0.29296875 0.35625 0.2705078125 0.34625 0.2669921875 0.34375 0.3212890625 0.334375 0.3291015625 0.334375 0.3474609375 0.3421875 0.3583984375 0.34265625 0.418359375 0.34875 0.418359375 0.349375 0.3919921875 0.35640625 0.389453125 0.35765625 0.37578125 0.3578125 0.36796875 0.3490625 0.36796875 0.34859375 0.35234375 0.3584375 0.3513671875 0.3625 0.3388671875 0.3609375 0.3291015625 0.3515625 0.3232421875
0 0 0.137890625 0.047343750000000004 0.166015625 0.103125 0.1962890625 0.10578125000000001 0.1919921875 0 0.1318359375 0 0.137890625
0 0.178075 0 0.22123906249999997 0.0792734375 0.2480625 0.12190000000000001 0.27265625 0.153125 0.29093749999999996 0.174609375 0.2946875 0.173046875 0.29625 0.171875 0.24916875 0.1103515625 0.1838125 0 0.178075 0
0 0.23246875 0.1286578125 0.2586671875 0.162446875 0.28749375 0.1938 0.288609375 0.185059375 0.26428124999999997 0.1580296875 0.2366265625 0.1200796875 0.2052296875 0.06991875 0.19593750000000001 0.055859375 0.161146875 0 0.15574062500000002 0.000259375 0.165625 0.01796875 0.18693125 0.056662500000000005 0.23246875 0.1286578125
0 0.2659375 0.196875 0.26885625 0.20013437500000003 0.27453125 0.2056640625 0.27890625 0.2103515625 0.28796875 0.2173828125 0.289375 0.216796875 0.29031250000000003 0.21015625 0.266153125 0.1853203125 0.24015625 0.1541015625 0.198575 0.09668750000000001 0.1399375 0.0075375 0.1388984375 0.015335937499999999 0.1690625 0.066015625 0.196875 0.1083984375 0.23496250000000002 0.159328125 0.25046875 0.17890625 0.2659375 0.196875
0 0.04328125 0 0.048593750000000005 0.005078125 0.11202343749999999 0.058703125 0.1121875 0.05 0.05140625 0 0.04328125 0
0 0.0059796875 0 0.05375 0.0341796875 0.06359375 0.0412109375 0.10940468750000001 0.07299375 0.11000000000000001 0.0720703125 0.11078125000000001 0.065234375 0.058750000000000004 0.029296875 0.014687500000000001 0 0.0059796875 0
0 0 0.025390625 0.0223375 0.0397953125 0.0878125 0.07734375 0.09296875 0.079296875 0.09546875 0.079296875 0.09546875 0.0791015625 0.09625 0.077734375 0.09671874999999999 0.073828125 0 0.0185546875 0 0.025390625
0 0 0.0404296875 0.0578125 0.0787109375 0.07296875 0.0869140625 0.07640625 0.0828125 0 0.0330078125 0 0.0400390625 0 0.0404296875
1 0.35796875 0.3826171875 0.35796875 0.40546875 0.364375 0.405859375 0.365 0.38125 0.35796875 0.3826171875
0 0.32375 0.2216796875 0.31269375 0.197225 0.305925 0.1789984375 0.301759375 0.18388125 0.31234375000000003 0.210546875 0.33187500000000003 0.2490234375 0.34015625 0.2619140625 0.345759375 0.268821875 0.34890625000000003 0.2634765625 0.338125 0.249609375 0.33218749999999997 0.2390625 0.32375 0.2216796875
0 0.3444578125 0.28281875 0.34484375 0.27421875 0.336875 0.262890625 0.32546875000000003 0.2451171875 0.31203125 0.2169921875 0.3033203125 0.198525 0.301759375 0.20601093750000002 0.3106109375 0.22716562499999998 0.3319609375 0.266871875 0.3444578125 0.28281875
0 0.3046875 0.221484375 0.30296875 0.222265625 0.3012375 0.2245625 0.305403125 0.23757968749999997 0.32156250000000003 0.26875 0.3259375 0.275390625 0.34390624999999997 0.3029296875 0.34546875 0.29296875 0.31842187499999997 0.250596875 0.3046875 0.221484375
0 0.3128125 0.2599609375 0.30953125 0.264453125 0.316875 0.28046875 0.32921875 0.2990234375 0.335625 0.3078125 0.343125 0.3177734375 0.34453125 0.3115234375 0.33390624999999996 0.2953125 0.3128125 0.2599609375
0 0.34187500000000004 0.3201171875 0.31890625 0.2890625 0.31640625 0.2962890625 0.33390624999999996 0.31875 0.33968750000000003 0.325390625 0.34187500000000004 0.3201171875
0 0.2484375 0.247265625 0.25640625 0.251953125 0.26 0.248046875 0.23828125 0.2326171875 0.2359375 0.2375 0.2484375 0.247265625
0 0.2879859375 0.24795937499999998 0.28921874999999997 0.2421875 0.27426249999999996 0.22924375000000002 0.22625 0.1755859375 0.168009375 0.099546875 0.1661375 0.10578593750000001 0.180484375 0.12631874999999998 0.224775 0.18453906250000002 0.26053906250000003 0.2250859375 0.276875 0.2388671875 0.28500000000000003 0.2458984375 0.2879859375 0.24795937499999998
0 0.20031249999999998 0.169921875 0.22747812500000003 0.20013437500000003 0.2524296875 0.226646875 0.2780046875 0.2492578125 0.280084375 0.2505578125 0.286946875 0.2492578125 0.274678125 0.23912031250000002 0.255625 0.220703125 0.23038906250000002 0.193896875 0.18339531250000002 0.136975 0.16301875 0.10994375 0.1565734375 0.11332187499999999 0.20031249999999998 0.169921875
0 0.141875 0.1337890625 0.146875 0.1330078125 0.148125 0.132421875 0.153125 0.130078125 0.15578125 0.126953125 0.15609375 0.1173828125 0.15234375 0.119140625 0.150625 0.124609375 0.14703125 0.1275390625 0.14078125 0.1279296875 0.1365625 0.1279296875 0.1375 0.13203125 0.141875 0.1337890625
0 0.13796875 0.0818359375 0.125 0.0748046875 0.12375 0.0818359375 0.1353125 0.085546875 0.13609374999999999 0.0849609375 0.13796875 0.0818359375
0 0.14890625 0.078515625 0.12562500000000001 0.061328125 0.12453125000000001 0.067578125 0.1471875 0.08359375 0.14890625 0.078515625
0 0.20078125 0.1958984375 0.165625 0.1568359375 0.14625 0.133203125 0.14156249999999998 0.1349609375 0.1509375 0.14921875 0.17109375 0.172265625 0.18 0.18203125 0.198125 0.2021484375 0.20078125 0.1958984375
0 0.13374999999999998 0.1400390625 0.13140625 0.1474609375 0.16953125 0.1845703125 0.19234374999999998 0.2064453125 0.19593750000000001 0.20234375 0.16921875 0.176171875 0.13374999999999998 0.1400390625
0 0.3353125 0.324609375 0.31828124999999996 0.3078125 0.316875 0.3150390625 0.333125 0.3287109375 0.3353125 0.324609375
0 0.3923171875 0.22029843750000003 0.332496875 0.236625 0.334153125 0.241684375 0.4025875 0.2235171875 0.4857390625 0.197303125 0.4859234375 0.198453125 0.4253984375 0.2173078125 0.335071875 0.242834375 0.3361046875 0.24651406250000002 0.371425 0.2391546875 0.409321875 0.22857656249999997 0.45752031249999997 0.2129390625 0.5321312500000001 0.1869546875 0.5656125000000001 0.17430625 0.6071875 0.156140625 0.604796875 0.15062031250000002 0.5604609375 0.1660296875 0.4806203125 0.19385312500000002 0.3923171875 0.22029843750000003