1 0.19880625000000002 0 0.1985546875 0.0144890625 0.1923390625 0.014474999999999998 0.1914859375 0.0025578125 0.183334375 0.0042203125 0.18334375 0.0150453125 0.16355312500000002 0.0168859375 0.1614625 0.0046234375 0.1510078125 0.0058984375 0.1518125 0.0281421875 0.1587953125 0.028314062499999997 0.19812968749999998 0.0261328125 0.1984375 0.0982421875 0.18875 0.10390625 0.1915625 0.1091796875 0.200625 0.1158203125 0.2015625 0.1298828125 0.2 0.1435546875 0.188640625 0.1463453125 0.190409375 0.1535828125 0.2015625 0.1572265625 0.20421874999999998 0.446875 0.2046875 0.4669921875 0.2140625 0.4677734375 0.21921875000000002 0.4669921875 0.21578124999999998 0.187109375 0.226875 0.1880859375 0.22875 0.1734375 0.22109375 0.1640625 0.21678437499999997 0.1547890625 0.233509375 0.1507671875 0.23254375 0.143934375 0.223946875 0.142634375 0.22036875 0.13674999999999998 0.21867343749999998 0.129453125 0.21923906249999997 0.11203749999999998 0.21923906249999997 0.10944687500000001 0.2173546875 0.10568124999999999 0.2140625 0.0302734375 0.21640625 0.0234375 0.25234375 0.021484375 0.26135 0.021406249999999998 0.2612078125 0.0102203125 0.2609234375 0 0.2517796875 0 0.2515953125 0.011160937499999999 0.23153593749999998 0.012015625 0.22653906250000003 0.000684375 0.22135781250000003 0.0013765625 0.220246875 0.013403124999999998 0.21405 0.0142734375 0.214206346875 0 0.19880625000000002 0
1 0.3946328125 0.1746484375 0.3957734375 0.16490625 0.34169062499999997 0.1626984375 0.344171875 0.175103125 0.35859375 0.1755859375 0.3643484375 0.17469062500000002 0.364184375 0.180478125 0.3587265625 0.18275468749999998 0.358890625 0.1860609375 0.361371875 0.18916249999999998 0.3640625 0.194140625 0.3636875 0.2059078125 0.36335625 0.2193453125 0.3430046875 0.22044531250000002 0.3421875 0.22802812499999997 0.36451406249999996 0.22802812499999997 0.3626140625 0.4157375 0.3723078125 0.41358750000000005 0.3739421875 0.229475 0.393953125 0.228440625 0.39296875 0.2185546875 0.3734453125 0.220171875 0.3734375 0.19609375 0.38551875 0.19805 0.387834375 0.188540625 0.37361093749999996 0.182546875 0.37296874999999996 0.176171875 0.3946328125 0.1746484375
1 0.42547187500000005 0.2929921875 0.42162499999999997 0.44272656250000003 0.42856249999999996 0.443209375 0.43062500000000004 0.29296875 0.42547187500000005 0.2929921875
0 0 0.218640625 0.08346875000000001 0.174625 0.0825890625 0.1658375 0.009371875 0.204278125 0 0.2099609375 0 0.218640625
0 0.134646875 0.2119859375 0.1705359375 0.1536140625 0.16640625 0.150390625 0.129084375 0.2067015625 0.13153125000000002 0.2100390625 0.134646875 0.2119859375
0 0 0.0433921875 0.0183640625 0.056914062499999994 0.057606250000000005 0.08206875 0.169546875 0.1515609375 0.18941875 0.1622515625 0.2014578125 0.16899843750000001 0.20149374999999997 0.16130781249999998 0.13432968750000002 0.12200312499999999 0.0598703125 0.0754671875 0 0.0361328125 0 0.0433921875
0 0 0.0062890625 0.0893015625 0.0754671875 0.110934375 0.0899296875 0.16904375 0.13269375 0.1911796875 0.148415625 0.1959140625 0.14423125 0.0933265625 0.068234375 0.0012578125 0 0 0.0009437499999999999 0 0.0062890625
0 0.200721875 0.1322109375 0.032701562499999996 0 0.0265625 0.0009765625 0.130053125 0.086784375 0.1959140625 0.13671875 0.200721875 0.1322109375
0 0.29031093750000003 0 0.338578125 0.1052703125 0.3499640625 0.12568593749999998 0.37784375 0.1648765625 0.3808203125 0.16696875 0.38578125 0.165234375 0.37859375 0.1560546875 0.3647625 0.13656875 0.34735625 0.1081734375 0.3199296875 0.0484234375 0.3125296875 0.031829687499999995 0.297921875 0 0.29031093750000003 0
0 0.3402640625 0.166271875 0.300453125 0.124646875 0.28718750000000004 0.108984375 0.2704328125 0.084134375 0.23796875 0.02265625 0.23328125000000002 0.025390625 0.24328124999999998 0.0453125 0.24100156250000002 0.0429953125 0.2381609375 0.0385578125 0.23171875000000003 0.0283203125 0.2290625 0.023828125 0.22453125 0.0275390625 0.29673125 0.136040625 0.326125 0.1792953125 0.3566359375 0.2158046875 0.359240625 0.2092921875 0.359240625 0.20696875 0.344915625 0.1911546875 0.33296875 0.1763671875 0.310096875 0.1457328125 0.3391484375 0.171853125 0.3402640625 0.166271875
0 0.13695 0.1344125 0.12419218750000001 0.14384999999999998 0.12705625 0.1480796875 0.14241718750000001 0.1373390625 0.13695 0.1344125
0 0.162021875 0.22200156249999997 0.15222968750000002 0.229790625 0.15378750000000002 0.23535468750000002 0.1784921875 0.2164375 0.201859375 0.19918906249999999 0.200525 0.1919578125 0.162021875 0.22200156249999997
0 0.1564578125 0.21282031250000003 0.14711093749999998 0.2189421875 0.1500046875 0.223115625 0.1838328125 0.2014140625 0.201859375 0.19000937499999998 0.19852187500000001 0.1855578125 0.1564578125 0.21282031250000003
0 0.15779375 0.2011359375 0.1439953125 0.2139328125 0.14711093749999998 0.2181078125 0.17782343750000001 0.191678125 0.19985625 0.169978125 0.1951671875 0.16705625 0.15779375 0.2011359375
0 0.15261875 0.1323578125 0.16160625 0.12827187499999998 0.1567046875 0.12377968749999999 0.14804375 0.1294984375 0.1516390625 0.13154062500000002 0.15261875 0.1323578125
0 0.1853125 0.1056640625 0.1771875 0.111328125 0.1796875 0.115625 0.18828125 0.110546875 0.1853125 0.1056640625
0 0.18984375 0.1228515625 0.19468749999999999 0.11328125 0.18953124999999998 0.1111328125 0.18609375 0.1205078125 0.18984375 0.1228515625
0 0.341040625 0.16921406249999998 0.3446875 0.16328125 0.3334234375 0.1436421875 0.2922890625 0.06637968749999999 0.2659546875 0.0165953125 0.26051406250000003 0.021220312499999998 0.269871875 0.0380859375 0.30251875 0.1009296875 0.32232343750000003 0.137928125 0.341040625 0.16921406249999998
0 0.2814078125 0.03618125 0.2996875 0.073046875 0.315 0.1 0.33647031250000003 0.1335765625 0.3534453125 0.1542515625 0.36390625 0.165234375 0.37194531249999996 0.16431562500000002 0.36091562499999996 0.1534828125 0.3503984375 0.14173906249999998 0.3295046875 0.11181250000000001 0.3057828125 0.0701890625 0.28046875 0.0201171875 0.2709375 0 0.2642140625 0.000815625 0.2814078125 0.03618125
0 0.2378078125 0.1546375 0.2610125 0.1925515625 0.266221875 0.190921875 0.255059375 0.17231875000000002 0.22046875 0.1130859375 0.21859531250000003 0.11883125000000001 0.2378078125 0.1546375
0 0.22473437500000001 0.1590625 0.2528265625 0.194409375 0.258221875 0.192084375 0.228828125 0.1553421875 0.22473437500000001 0.1590625
0 0.22715312499999998 0.1820859375 0.24426874999999998 0.20045625 0.24910625 0.196271875 0.23031562499999997 0.17510937499999998 0.22715312499999998 0.1820859375
0 0.24129218749999998 0.19975937500000002 0.22864218749999998 0.1853421875 0.22510625 0.1892953125 0.23924531249999997 0.2034796875 0.24129218749999998 0.19975937500000002
0 0.5036562499999999 0.259178125 0.4158046875 0.2483359375 0.3882375 0.24365625 0.375340625 0.241890625 0.374809375 0.2494046875 0.4190609375 0.255853125 0.5028765625 0.264484375 0.5036562499999999 0.259178125
0 0.2666578125 0.202765625 0.25969375 0.2046984375 0.3055984375 0.260790625 0.3197828125 0.277875 0.324425 0.275296875 0.299925 0.2469296875 0.2666578125 0.202765625
0 0.31515624999999997 0.2802734375 0.31828124999999996 0.275390625 0.2795515625 0.2337125 0.25390625 0.2037109375 0.25015312500000003 0.20695625 0.27826249999999997 0.240159375 0.31515624999999997 0.2802734375
0 0.3068875 0.2804546875 0.3117875 0.277875 0.2684625 0.23081093749999998 0.24808906249999998 0.20695625 0.24422187499999998 0.21050156250000002 0.2751671875 0.2462859375 0.3068875 0.2804546875
0 0.40897812499999997 0.37008593749999996 0.409209375 0.36457968749999997 0.3957625 0.35240625 0.379765625 0.33385937499999996 0.3743859375 0.3338640625 0.3879125 0.35163125 0.40063125 0.363709375 0.40897812499999997 0.37008593749999996
0 0.4037984375 0.33300625 0.42406249999999995 0.3330078125 0.4241890625 0.3299078125 0.37464375 0.3282421875 0.37311875 0.33324375 0.42380781250000005 0.338721875 0.42406249999999995 0.3353515625 0.4037984375 0.33300625
0 0.5049 0.22288437499999997 0.5060140625 0.2175484375 0.48242343749999994 0.21421874999999999 0.4384765625 0.20779843750000002 0.3876828125 0.1956703125 0.386225 0.2000796875 0.4158375 0.2082734375 0.46234374999999994 0.21750937499999998 0.4725 0.21887656249999998 0.5049 0.22288437499999997
0 0.4418171875 0.20054687499999999 0.3873359375 0.18810312499999998 0.386384375 0.1945234375 0.44046874999999996 0.20703125 0.4638140625 0.2099796875 0.50795 0.21640312499999997 0.5085203125 0.211646875 0.4418171875 0.20054687499999999
0 0.36004843750000004 0.1887484375 0.3516140625 0.1740703125 0.3478109375 0.17634375 0.3577328125 0.1916421875 0.36004843750000004 0.1887484375
0 0.196875 0.0619140625 0.17171875 0.0283203125 0.166875 0.030078125 0.19437500000000002 0.0662109375 0.196875 0.0619140625
0 0.26437499999999997 0.11543125000000001 0.216875 0.046514062499999995 0.21546875000000001 0.057421875 0.24656250000000002 0.0998046875 0.2659375 0.1283203125 0.29015625 0.1599609375 0.31453125000000004 0.18906406250000002 0.32953125 0.2050796875 0.34140625 0.215821875 0.34625 0.22031406250000002 0.34828125 0.2152359375 0.31765625000000003 0.184571875 0.26437499999999997 0.11543125000000001
0 0.3368796875 0.2178578125 0.33265625 0.2162109375 0.3242390625 0.2101546875 0.29672187499999997 0.1847859375 0.25703125 0.141796875 0.22109375 0.0970703125 0.21781250000000002 0.1015625 0.23953125000000003 0.12890625 0.258125 0.1525390625 0.28140624999999997 0.1787109375 0.30078125 0.197265625 0.31734375 0.2119140625 0.3271875 0.2189453125 0.33468749999999997 0.2224609375 0.34249999999999997 0.2224609375 0.3415625 0.2177734375 0.3368796875 0.2178578125
0 0.28859375 0.2322265625 0.30265624999999996 0.2501953125 0.32171875 0.2689453125 0.3309375 0.2775390625 0.33515625 0.2740234375 0.32109375 0.262109375 0.30625 0.2466796875 0.2734375 0.2017578125 0.26921875 0.2041015625 0.28859375 0.2322265625
0 0.253528125 0.23639843749999997 0.27166718749999996 0.25990625 0.2840953125 0.2720796875 0.29685937500000004 0.2840421875 0.30089062499999997 0.280265625 0.287621875 0.269140625 0.2681390625 0.2464734375 0.24361875 0.21372968750000002 0.240259375 0.2183484375 0.253528125 0.23639843749999997
0 0.1843828125 0.0780515625 0.179553125 0.0759203125 0.1661953125 0.0663328125 0.1269796875 0.0320609375 0.09898749999999999 0.0089765625 0.09548593749999999 0.014478125 0.13038906249999999 0.0425375 0.16804375 0.0755640625 0.17926875 0.084265625 0.183246875 0.08959375 0.18608906249999999 0.0892375 0.1964609375 0.097584375 0.19859218750000002 0.0920796875 0.19020937499999999 0.086396875 0.18793593749999998 0.080359375 0.1843828125 0.0780515625
1 0.415325 0.438840625 0.4139421875 0.367978125 0.4096203125 0.3677625 0.41065781250000005 0.4394875 0.415325 0.438840625
0 0.430771875 0.33517031249999996 0.5252609374999999 0.3314421875 0.524834375 0.3270015625 0.43078125 0.3302734375 0.430771875 0.332328125 0.430771875 0.33517031249999996
0 0.47971718750000003 0.33824375 0.4319453125 0.33609374999999997 0.4310125 0.340190625 0.4817265625 0.343265625 0.524190625 0.3439828125 0.523903125 0.33842343750000003 0.47971718750000003 0.33824375