1 0 0.446484375 0.0035937499999999997 0.4435546875 0.0046875 0.3291015625 0.00640625 0.28125 0.021718750000000002 0.284375 0.020624999999999998 0.27109375 0.0071874999999999994 0.271484375 0.01109375 0.233984375 0.028125 0.236328125 0.0290625 0.22421875 0.01171875 0.2237796875 0.013671875 0.1896 0.02515625 0.18515625 0.02640625 0.1716796875 0.01953125 0.15297812500000002 0.04015625 0.1515625 0.039531250000000004 0.133984375 0.03484375 0.1337890625 0.031406250000000004 0.1390625 0.0224609375 0.1395515625 0.02078125 0.1181640625 0.04265625 0.1193359375 0.04375 0.0998046875 0.0244140625 0.1029296875 0.023125 0.0853515625 0.045156249999999995 0.0857421875 0.04609375 0.07109375 0.04546875 0.0669921875 0.040781250000000005 0.0671875 0.038125 0.072265625 0.0234375 0.0724125 0.0283203125 0.000390625 0.017499999999999998 0.000390625 0.01203125 0.0703125 0 0.0724125 0 0.082178125 0.009765625 0.09194375 0.0078125 0.10170937499999999 0 0.1021484375 0 0.1134765625 0.005859375 0.12856406250000002 0 0.140771875 0 0.446484375
1 0.23703124999999997 0.27109375 0.23828125 0.267334375 0.23703124999999997 0.2634765625 0.22265625 0.2624515625 0.22265625 0.22582968750000001 0.23671875 0.223046875 0.23765624999999999 0.2177734375 0.23640625 0.216796875 0.22265625 0.21606406250000001 0.22265625 0.20141562500000001 0.236875 0.198046875 0.23718750000000002 0.1900390625 0.2177734375 0.192871875 0.21390625000000002 0.2044921875 0.2034375 0.205859375 0.2034375 0.2126953125 0.21484375 0.21362343749999999 0.21484375 0.2624515625 0.1975 0.2654296875 0.19921875 0.2722171875 0.2138671875 0.2734375 0.21484375 0.28930625 0.197265625 0.2917484375 0.198125 0.298828125 0.21484375 0.299071875 0.2138671875 0.31494218749999997 0.20656249999999998 0.31484375 0.1984375 0.3142578125 0.19796875 0.3228515625 0.21484375 0.3234859375 0.216796875 0.4724125 0.22265625 0.4772953125 0.22265625 0.3234859375 0.23828125 0.318603125 0.2373046875 0.3125 0.22265625 0.3137203125 0.22265625 0.299071875 0.23875000000000002 0.29765625 0.2373046875 0.2880859375 0.22265625 0.28930625 0.22265625 0.2746578125 0.23703124999999997 0.27109375
1 0.30828125 0.2810546875 0.29625 0.4517578125 0.294921875 0.4650875 0.29453125 0.4677734375 0.30078125 0.4675296875 0.30203125000000003 0.46796875 0.3155609375 0.282609375 0.30828125 0.2810546875
1 0.347853125 0.315028125 0.34296875 0.314453125 0.3414234375 0.3152875 0.3393484375 0.3173609375 0.333984375 0.41381875 0.3316765625 0.461921875 0.33968750000000003 0.4599609375 0.34390624999999997 0.3791015625 0.347853125 0.315028125
1 0.35546875 0.423584375 0.35546875 0.453515625 0.36453125000000003 0.4564453125 0.36671875 0.346484375 0.366875 0.3333984375 0.35750000000000004 0.3341796875 0.35546875 0.423584375
0 0.5657656249999999 0.367759375 0.5875 0.34453125 0.595 0.3353515625 0.593884375 0.32773125 0.5670671875 0.3592984375 0.54858125 0.3768734375 0.5491015625 0.381753125 0.5657656249999999 0.367759375
0 0.5300953125000001 0.339771875 0.5340015625000001 0.3433515625 0.5384265625 0.343025 0.5806250000000001 0.3310546875 0.59414375 0.32642812499999996 0.5936234375 0.322196875 0.5631609375 0.33065781250000004 0.53640625 0.3380859375 0.5300953125000001 0.339771875
0 0.10109375000000001 0 0.14640625000000002 0.09375 0.16765625 0.130859375 0.185 0.15546875 0.200465625 0.17315468750000002 0.21625 0.1884765625 0.22156250000000002 0.1921875 0.22765624999999998 0.189453125 0.21125 0.17421875 0.1975 0.1583984375 0.1755203125 0.1280765625 0.1509375 0.084765625 0.12562500000000001 0.0359375 0.1078078125 0 0.10109375000000001 0
0 0.0589515625 0 0.0678125 0.0197265625 0.10906249999999999 0.101171875 0.1351109375 0.1437171875 0.1546875 0.1712890625 0.18163125 0.1989625 0.1984375 0.2072265625 0.2 0.20546875 0.19437500000000002 0.200390625 0.18265625000000002 0.1908203125 0.16421875 0.1712890625 0.139871875 0.1359359375 0.12546875 0.1134765625 0.118125 0.1015625 0.06515625 0 0.0640765625 0 0.0589515625 0
0 0.25069375 0.27838124999999997 0.26604218749999997 0.2923 0.283196875 0.299071875 0.2984375 0.3076171875 0.30328125 0.3095703125 0.304375 0.302734375 0.29140625 0.2974609375 0.30453125000000003 0.2990234375 0.30453125000000003 0.2947265625 0.30359375 0.29453125 0.28500312499999997 0.2919234375 0.27808125 0.28628125 0.26296875000000003 0.262890625 0.23937499999999998 0.22109375 0.23296875 0.224609375 0.2648390625 0.281015625 0.2553125 0.2720703125 0.22541406249999998 0.23700000000000002 0.22390625000000003 0.244921875 0.25069375 0.27838124999999997
0 0.024435937499999998 0.0615796875 0.037534374999999995 0.0686671875 0.0457453125 0.06622343750000001 0.025609375 0.05425 0.024435937499999998 0.0615796875
0 0.1988171875 0.2900625 0.17109375 0.272265625 0.1655828125 0.27515625 0.19177968750000002 0.2927515625 0.19343749999999998 0.2939453125 0.1960796875 0.295928125 0.1988171875 0.2900625
0 0.1921703125 0.318165625 0.19624999999999998 0.3205078125 0.19901249999999998 0.31498906249999997 0.143125 0.2779296875 0.1386046875 0.2834640625 0.1714484375 0.305215625 0.1921703125 0.318165625
0 0.49890625 0.351171875 0.525 0.3443359375 0.52015625 0.3419921875 0.4996875 0.3458984375 0.44406249999999997 0.3529296875 0.3671875 0.3541015625 0.3671875 0.3591796875 0.4496875 0.357421875 0.49890625 0.351171875
0 0.244375 0.2203125 0.2690625 0.257421875 0.28828125 0.2798828125 0.29984375 0.286328125 0.3071875 0.2880859375 0.30843750000000003 0.2880859375 0.30828125 0.28359375 0.3025 0.2828125 0.29093749999999996 0.2748046875 0.27421875 0.2544921875 0.25359375 0.2234375 0.23953125000000003 0.1966796875 0.23500000000000001 0.198828125 0.244375 0.2203125
0 0.2375 0.2712890625 0.26687500000000003 0.3142578125 0.27203125 0.3103515625 0.24015625 0.26640625 0.23796875 0.2705078125 0.2375 0.2712890625
0 0.25921875 0.3154296875 0.24234375 0.29453125 0.23781249999999998 0.2978515625 0.25578124999999996 0.319921875 0.25921875 0.3154296875
0 0.16234375 0.3306640625 0.12921875 0.32421875 0.1296875 0.3298828125 0.16234375 0.336328125 0.16234375 0.3306640625
0 0.053593749999999996 0.316015625 0.01859375 0.2880859375 0.01515625 0.293359375 0.05078125 0.3212890625 0.053593749999999996 0.316015625
0 0.0721875 0.31640625 0.07328124999999999 0.309765625 0.0415625 0.2958984375 0.02328125 0.2810546875 0.01921875 0.283984375 0.02953125 0.29375 0.038906249999999996 0.3017578125 0.0721875 0.31640625
0 0 0.0451171875 0.012968750000000001 0.054296875 0.013125000000000001 0.0556640625 0.01328125 0.046875 0.00015625 0.0390625 0 0.0451171875
0 0.13453125 0.2728515625 0.10187500000000001 0.24453125 0.05546875 0.198828125 0.025937500000000002 0.167578125 0.0246875 0.1751953125 0.07078124999999999 0.2236328125 0.10921875 0.2607421875 0.13234375 0.2767578125 0.13453125 0.2728515625
0 0.04015625 0.14375 0.09625 0.2052734375 0.09984375 0.2103515625 0.09890625 0.2109375 0.09734374999999999 0.210546875 0.0878125 0.2013671875 0.04171875 0.1486328125 0.03625 0.1546875 0.06015625 0.1794921875 0.08015 0.2013859375 0.099375 0.2205078125 0.12765625 0.245703125 0.15578125 0.2669921875 0.16234375 0.2640625 0.1134375 0.216015625 0.0875 0.1873046875 0.043437500000000004 0.1357421875 0.04015625 0.14375
0 0.148665625 0.23107812499999997 0.1132765625 0.1989625 0.09421874999999999 0.179490625 0.06765625 0.15077968749999998 0.04140625 0.118553125 0.03796875 0.12284999999999999 0.08328125 0.1779296875 0.1159375 0.2109375 0.1375 0.2291015625 0.16171875 0.247265625 0.19593750000000001 0.2693359375 0.19875 0.2648453125 0.18171874999999998 0.2507796875 0.13093749999999998 0.20331875 0.07234375 0.13613124999999998 0.044687500000000005 0.10449062499999999 0.04328125 0.11581875 0.08796875 0.16581875 0.121875 0.2023421875 0.148665625 0.23107812499999997
0 0.11328125 0.1628890625 0.13453125 0.1849625 0.16546875 0.216603125 0.20296875 0.24765781250000002 0.21375000000000002 0.25527500000000003 0.21437499999999998 0.248240625 0.20437500000000003 0.242384375 0.16328125 0.2058578125 0.12125 0.1609359375 0.07640625 0.1070296875 0.04828125 0.0695296875 0.0459375 0.07831875 0.06828125 0.10722499999999999 0.11328125 0.1628890625
0 0.039218750000000004 0.0984375 0.027187499999999996 0.090625 0.02375 0.0951171875 0.035625000000000004 0.1025390625 0.039218750000000004 0.0984375
0 0.07734375 0 0.0878125 0.021873437500000002 0.11156250000000001 0.07148125 0.13109375 0.11053593749999999 0.15171874999999999 0.14530156249999998 0.17015625 0.173421875 0.19 0.195696875 0.20218750000000002 0.2072265625 0.20593750000000002 0.203125 0.19359375 0.18984375 0.17671874999999998 0.1712890625 0.14937499999999998 0.1298828125 0.12109375 0.078121875 0.083125 0 0.07734375 0