1 0.54203125 0.2701171875 0.55125 0.272265625 0.557065625 0.43486874999999997 0.564453125 0.435790625 0.560546875 0.22338906249999999 0.5847078125 0.2190828125 0.5835015625 0.20882499999999998 0.5243218749999999 0.2098765625 0.5234375 0.21606406250000001 0.5252484374999999 0.2205578125 0.5488078125 0.2204625 0.54935625 0.2505578125 0.54171875 0.2578125 0.54203125 0.2701171875
1 0.505859375 0.32836875 0.50569375 0.4402875 0.517578125 0.4406734375 0.513671875 0.325928125 0.5281875 0.32286875 0.5274140625 0.317446875 0.5146484375 0.3173828125 0.5153015625 0.2987046875 0.5050671875 0.2983828125 0.505728125 0.314584375 0.48875 0.3189453125 0.4900796875 0.32563125 0.505859375 0.32836875
1 0.2769625 0.483553125 0.2753171875 0.4141078125 0.2734375 0.355225 0.2817109375 0.3524640625 0.28210625 0.347746875 0.25741562500000004 0.34568906250000003 0.2582375 0.3526328125 0.2670015625 0.3563984375 0.2685265625 0.3976453125 0.2726421875 0.483553125 0.2769625 0.483553125
0 0.624959375 0.2957859375 0.6090625000000001 0.3142578125 0.6033421875 0.319428125 0.5873437499999999 0.333203125 0.5751640625000001 0.3425890625 0.5628124999999999 0.348046875 0.563196875 0.3556171875 0.5689062500000001 0.353125 0.579409375 0.3483796875 0.6060453125 0.3271484375 0.6217125 0.3101921875 0.6359375 0.2939453125 0.6569984375 0.2653859375 0.66665 0.2513921875 0.6635609375 0.248015625 0.6508234374999999 0.26490468749999996 0.624959375 0.2957859375
0 0.3275703125 0.3135171875 0.415021875 0.312978125 0.5022734375 0.3147578125 0.5021875 0.311328125 0.500603125 0.308446875 0.47447968749999997 0.3079328125 0.42005625 0.30743906249999997 0.32359375 0.307421875 0.2209640625 0.306234375 0.1828078125 0.3069515625 0.18413437500000002 0.3122765625 0.3275703125 0.3135171875
0 0.521875 0.35 0.525 0.3453125 0.5296875 0.3365234375 0.53609375 0.319921875 0.5421875 0.2990234375 0.54609375 0.2716796875 0.54296875 0.270703125 0.53828125 0.295703125 0.5349999999999999 0.3078125 0.53046875 0.3208984375 0.526328125 0.33208125 0.52210625 0.341659375 0.5157812500000001 0.351953125 0.5170312499999999 0.3568359375 0.521875 0.35
0 0.5767187500000001 0.3251953125 0.5782812500000001 0.3296875 0.5890625 0.320703125 0.6065625 0.30390625 0.6285937500000001 0.2796875 0.63875 0.268359375 0.66703125 0.2345703125 0.66359375 0.2314453125 0.64109375 0.257421875 0.62671875 0.2740234375 0.6053124999999999 0.2982421875 0.5767187500000001 0.3251953125
0 0.5739062500000001 0.278125 0.5771875 0.2841796875 0.58515625 0.29375 0.5978125000000001 0.3048828125 0.60203125 0.3 0.5856250000000001 0.2857421875 0.5873437499999999 0.2837890625 0.60609375 0.29765625 0.6095312500000001 0.29375 0.59640625 0.284375 0.56171875 0.261328125 0.56078125 0.26953125 0.5739062500000001 0.278125
0 0.6331249999999999 0.328125 0.6171875 0.3140625 0.6140625 0.31875 0.6314062500000001 0.333203125 0.6331249999999999 0.328125
0 0.62734375 0.3037109375 0.62265625 0.308984375 0.649375 0.3251953125 0.67671875 0.3390625 0.67890625 0.3349609375 0.65953125 0.3236328125 0.62734375 0.3037109375
0 0.6135937499999999 0.2240234375 0.6303124999999999 0.2037109375 0.6425 0.1888671875 0.6404687499999999 0.1830078125 0.6215625 0.20703125 0.6009375 0.2296875 0.5856250000000001 0.244921875 0.5625 0.2615234375 0.5660937500000001 0.2650390625 0.57765625 0.2578125 0.5940624999999999 0.2447265625 0.6135937499999999 0.2240234375
0 0.62765625 0.2712890625 0.59265625 0.246484375 0.5890625 0.25 0.5871875 0.2515625 0.62421875 0.276953125 0.62765625 0.2712890625
0 0.5610937500000001 0.2490234375 0.56140625 0.2576171875 0.5790625 0.2447265625 0.5928125 0.2337890625 0.6065625 0.219921875 0.63484375 0.1857421875 0.6396875 0.1794921875 0.63359375 0.1755859375 0.61671875 0.195703125 0.6071875 0.2080078125 0.5921875 0.2240234375 0.5610937500000001 0.2490234375