0 0.43859375 0.2697265625 0.39859374999999997 0.2703125 0.39859374999999997 0.27578125 0.43875000000000003 0.2751953125 0.43859375 0.2697265625
0 0.43624999999999997 0.262890625 0.39484375 0.2642578125 0.395 0.26875 0.43624999999999997 0.2673828125 0.43624999999999997 0.262890625
0 0.4374921875 0.24792187499999999 0.24567031250000002 0.25558593749999997 0.24567031250000002 0.2610953125 0.4380671875 0.253909375 0.4374921875 0.24792187499999999
0 0.40108125 0.2407359375 0.24375312500000001 0.24815937500000002 0.24413749999999998 0.253190625 0.4496875 0.2435546875 0.47294375000000005 0.242171875 0.47234375 0.2369140625 0.40108125 0.2407359375
0 0.3641734375 0.22668125 0.2406265625 0.2324859375 0.24025781249999997 0.237084375 0.3719765625 0.23225625 0.4692953125 0.2262765625 0.4689265625 0.2205265625 0.3641734375 0.22668125
0 0.16125 0.2390625 0.21234375 0.238671875 0.21218750000000003 0.2337890625 0.15687500000000001 0.233984375 0.15687500000000001 0.2390625 0.16125 0.2390625
0 0.22937500000000002 0.22421875 0.15531250000000002 0.2251953125 0.15515625 0.23046875 0.22953125000000002 0.229296875 0.22937500000000002 0.22421875
0 0.2385703125 0.228540625 0.40848125 0.21913906249999998 0.460553125 0.2155234375 0.460553125 0.2104609375 0.2387625 0.22299687499999998 0.2385703125 0.228540625
0 0.2513828125 0.16871875 0.34325937500000003 0.16506875000000001 0.4171171875 0.160571875 0.48343125000000003 0.1556265625 0.48343125000000003 0.1493765625 0.3477421875 0.1574125 0.24685937500000002 0.1609828125 0.1045046875 0.1624703125 0.1040296875 0.1693140625 0.2513828125 0.16871875
0 0.450765625 0.13120937500000002 0.5339343750000001 0.125125 0.533921875 0.1185109375 0.43423437500000006 0.1256546875 0.306109375 0.133325 0.189290625 0.1351765625 0.1010421875 0.1349125 0.10083125 0.141790625 0.2708140625 0.1409953125 0.36547968750000004 0.13729375 0.450765625 0.13120937500000002
0 0.253078125 0.11260937499999998 0.33575 0.1101234375 0.460209375 0.102209375 0.508415625 0.0983640625 0.508053125 0.09293749999999999 0.3716546875 0.1008515625 0.21684687500000002 0.106053125 0.11474218750000001 0.10763437499999999 0.1149234375 0.1144203125 0.253078125 0.11260937499999998
0 0.98921875 0.1517578125 0.9499109375 0.151615625 0.9497046875 0.1570296875 0.9891046875 0.1572875 0.98921875 0.1517578125
0 0.9781718749999999 0.124540625 0.936090625 0.1237671875 0.935884375 0.129696875 0.97828125 0.1306640625 0.9781718749999999 0.124540625