1 0.5984375 0.0419921875 0.6048312499999999 0.19005 0.6078125 0.2080078125 0.6140625 0.2099609375 0.609375 0.0439453125 0.62734375 0.025390625 0.65234375 0.021484375 0.65390625 0.0078125 0.61171875 0.01171875 0.60234375 0.005859375 0.55 0.0205078125 0.550471875 0.0329390625 0.57265625 0.03125 0.5984375 0.0419921875
0 0.5793484375 0 0.5734375 0.0126953125 0.5796875 0.0146484375 0.58828125 0 0.5793484375 0
0 0.1528125 0.257421875 0.15421875000000002 0.2638671875 0.24125000000000002 0.243359375 0.350625 0.2107421875 0.37515624999999997 0.2021484375 0.50546875 0.1521484375 0.517284375 0.14604999999999999 0.514375 0.140234375 0.365 0.1974609375 0.33359375 0.20703125 0.246875 0.2341796875 0.1528125 0.257421875
0 0.1511359375 0.26878281249999997 0.151521875 0.2769859375 0.20884999999999998 0.27433125 0.1727546875 0.283984375 0.168121875 0.28543124999999997 0.1775796875 0.2914625 0.2358734375 0.2731265625 0.279303125 0.2702296875 0.4011 0.2576859375 0.48236249999999997 0.245378125 0.5203875 0.240071875 0.52058125 0.233315625 0.4080484375 0.2504453125 0.33515625 0.2578125 0.22545 0.266853125 0.1511359375 0.26878281249999997
0 0.2126046875 0.31141874999999997 0.44383906250000005 0.2760296875 0.5017390625 0.2650703125 0.5015625 0.2587890625 0.21077812499999998 0.304340625 0.2126046875 0.31141874999999997
0 0.24553124999999998 0.3242484375 0.25 0.33082656250000003 0.3390265625 0.3194390625 0.41027812499999994 0.307103125 0.4124515625 0.3066859375 0.41562968749999996 0.30585 0.422821875 0.3041765625 0.5006437499999999 0.28561875 0.5015984375 0.2784609375 0.40542656250000003 0.299996875 0.3313328125 0.3137921875 0.24553124999999998 0.3242484375
1 0.5234375 0.267334375 0.5234375 0.43335 0.5246328124999999 0.44634843750000003 0.5302984375 0.44345468749999994 0.53251875 0.3794640625 0.533203125 0.2648921875 0.55078125 0.25756875 0.5498046875 0.25390625 0.5400390625 0.25146562499999997 0.5205078125 0.25146562499999997 0.5015421875 0.2545015625 0.5087890625 0.263671875 0.5205078125 0.263671875 0.5234375 0.267334375
1 0.5090703125 0.2609265625 0.5041875 0.26947031250000003 0.5041453125 0.28149375 0.506140625 0.28411875000000003 0.49387187499999996 0.2860125 0.494253125 0.29172031249999997 0.506140625 0.301209375 0.5012578125 0.3073125 0.49101875 0.3069390625 0.4913984375 0.3159765625 0.50809375 0.31829843750000003 0.50809375 0.45990000000000003 0.5130874999999999 0.46012343749999995 0.51590625 0.45501718750000003 0.517859375 0.31341562500000003 0.5210828125 0.31322031250000004 0.5218125 0.3065375 0.517859375 0.30365000000000003 0.52355 0.2902921875 0.5225984375 0.2850609375 0.5189843749999999 0.2822078125 0.517859375 0.2670296875 0.5090703125 0.2609265625
1 0.49609375 0.33569375 0.4912109375 0.33203125 0.486328125 0.338134375 0.486328125 0.3430171875 0.48828125 0.345459375 0.48828125 0.355225 0.490234375 0.357665625 0.490234375 0.43335 0.49609375 0.43335 0.49609375 0.33569375
1 0.48046875 0.3869625 0.48046875 0.45288125 0.486328125 0.45288125 0.48828125 0.4504390625 0.48828125 0.435790625 0.490234375 0.43335 0.490234375 0.4016109375 0.48828125 0.3991703125 0.48828125 0.345459375 0.4853515625 0.341796875 0.478515625 0.3479 0.478515625 0.384521875 0.48046875 0.3869625
0 0.458703125 0.3821640625 0.42651093749999996 0.382971875 0.4269421875 0.3881046875 0.45935156250000003 0.3872953125 0.458703125 0.3821640625
0 0.6643546875 0 0.6373078125 0.08633437499999999 0.6409296875 0.08965625 0.6703921875 0 0.6643546875 0
0 0.640625 0.0970703125 0.64818125 0.0919359375 0.6571875 0.0841796875 0.6721874999999999 0.0703125 0.6706234375 0.0624515625 0.6545703125 0.0773984375 0.6444140625 0.087021875 0.6239375 0.0995125 0.6260671875 0.1056546875 0.640625 0.0970703125
0 0.649390625 0.125234375 0.6711703124999999 0.1433359375 0.6732828125 0.13738125 0.632984375 0.10492656250000001 0.6302765625 0.108709375 0.649390625 0.125234375
0 0.67646875 0.1166734375 0.6366484375 0.09995000000000001 0.6341 0.105125 0.6766281249999999 0.12304531249999999 0.67646875 0.1166734375
0 0.8103781250000001 0 0.7778671875 0.0396625 0.77353125 0.044590625 0.707284375 0.1222921875 0.6657171875000001 0.1672015625 0.6687031250000001 0.1742921875 0.7094015625 0.132628125 0.77429375 0.057665625 0.8200953125 0.0008656250000000001 0.8160999999999999 0 0.8103781250000001 0
0 0.6491109374999999 0.167453125 0.61954375 0.20185312500000002 0.6216796875 0.20919531249999998 0.62754375 0.20333125000000002 0.6490734375 0.178759375 0.6848359375 0.138625 0.7089953125 0.10952187499999999 0.7629140624999999 0.04474375 0.785515625 0.014254687499999998 0.7776640625 0.01191875 0.7139171875 0.09113281250000001 0.67321875 0.14152499999999998 0.6491109374999999 0.167453125
0 0.5570859375 0.030109375 0.5509453125 0.0304046875 0.5521265625 0.061399999999999996 0.5417359375 0.1275234375 0.529928125 0.1921703125 0.5169390625 0.2515046875 0.5235515625 0.2523890625 0.5263828125 0.240303125 0.5348875 0.1977796875 0.548584375 0.1163046875 0.558503125 0.054018750000000004 0.5738531250000001 0.030109375 0.5667671875 0.028929687500000002 0.5566125000000001 0.0425078125 0.5570859375 0.030109375
0 0.5536734375 0.2267046875 0.52963125 0.230625 0.5275593749999999 0.23635625 0.5559390625 0.232584375 0.5874718750000001 0.2234375 0.5857296875 0.217559375 0.5536734375 0.2267046875
0 0.2478125 0.2626953125 0.25171875 0.26484375 0.2541296875 0.2652921875 0.28500000000000003 0.2572265625 0.31374843750000003 0.246015625 0.3871875 0.2169921875 0.44127343750000003 0.19191875 0.5130921875000001 0.1556640625 0.51171875 0.15 0.42055625 0.193934375 0.35031249999999997 0.2240234375 0.2845125 0.2492953125 0.2478125 0.2626953125