1 0.0881671875 0 0.087890625 0.006103125 0.08731093749999999 0.014445312499999998 0.098653125 0.012839062500000002 0.1320375 0.013375000000000001 0.12421875 0.2291015625 0.12326250000000001 0.3432 0.1305390625 0.3418609375 0.13374999999999998 0.2197265625 0.13796875 0.215625 0.13796875 0.20546875 0.13515625 0.1953125 0.136103125 0.1671859375 0.1603125 0.1466796875 0.17640625000000001 0.1451171875 0.2105734375 0.14819374999999999 0.21375000000000002 0.1423828125 0.21164375 0.13883281249999999 0.1934546875 0.136959375 0.18156250000000002 0.137109375 0.15579062500000002 0.139365625 0.1367453125 0.1567546875 0.14195156250000002 0.0132625 0.15621875000000002 0.012346875 0.186178125 0.0109671875 0.1868203125 0 0.0881671875 0
1 0.23817968750000001 0.2319203125 0.2360390625 0.315646875 0.2418171875 0.31618124999999997 0.24545625000000001 0.22817500000000002 0.248046875 0.20385781249999999 0.2677109375 0.2041015625 0.267925 0.1885859375 0.21827812500000002 0.18644531250000002 0.21785000000000002 0.2006234375 0.234375 0.20629843750000001 0.2336859375 0.222290625 0.23817968750000001 0.2241625 0.23817968750000001 0.2319203125
1 0.270921875 0.292375 0.27049375000000003 0.36299375 0.275415625 0.36138906249999997 0.2769140625 0.2910375 0.2803375 0.28943125 0.2805515625 0.2749890625 0.289325 0.27391875 0.2895390625 0.266428125 0.258509375 0.26508906250000003 0.2574390625 0.2712421875 0.26878125 0.2733828125 0.26953125 0.279540625 0.270921875 0.292375
1 0.289753125 0.3381171875 0.29018125 0.3041453125 0.2867578125 0.3038765625 0.2863296875 0.3389203125 0.289753125 0.3381171875
0 0.13225 0.0224703125 0.11871875000000001 0.012118750000000001 0.11432968750000001 0.0148625 0.1318234375 0.0294234375 0.13225 0.0224703125
0 0.15457343750000002 0.010746875 0.1406703125 0.021721874999999998 0.1414015625 0.028353125 0.1600609375 0.012346875 0.15457343750000002 0.010746875
0 0.13024375 0.0692828125 0.104084375 0.0128046875 0.09823125 0.013946875000000001 0.1269515625 0.0743140625 0.13024375 0.0692828125
0 0.12475624999999999 0.09649375 0.0810359375 0.06951093750000001 0.030731249999999998 0.0304125 0.00073125 0.0029734375 0 0.0082328125 0.014634375 0.0219515625 0.0336578125 0.0381859375 0.0546953125 0.056478125000000004 0.0770125 0.0731703125 0.10170781250000001 0.0900921875 0.11323125 0.0976359375 0.1236578125 0.10243906250000001 0.1293296875 0.10266718749999999 0.1293296875 0.0971796875 0.12475624999999999 0.09649375
0 0.082865625 0.1367390625 0.0073171875 0.0759140625 0.0042078125 0.08003125 0.0795734375 0.14131093749999998 0.082865625 0.1367390625
0 0.0407921875 0.1628046875 0.04371875 0.1682921875 0.0814015625 0.1454265625 0.1232921875 0.11730156249999998 0.127865625 0.1145578125 0.1273171875 0.107696875 0.0407921875 0.1628046875
0 0.1591453125 0.13902343749999999 0.13975625 0.11044218750000001 0.1375609375 0.117071875 0.15567031250000002 0.142225 0.1591453125 0.13902343749999999
0 0.1805484375 0.077059375 0.1924390625 0.104725 0.20762187499999998 0.1387953125 0.21274375 0.1362796875 0.1854875 0.075 0.1615234375 0.0130328125 0.15621875000000002 0.014178125 0.1666453125 0.042759375 0.1805484375 0.077059375
0 0.2201453125 0.22631874999999999 0.22328125000000001 0.2197265625 0.1962796875 0.1897875 0.1631703125 0.14657031250000002 0.1580484375 0.15068593749999998 0.17871874999999998 0.1788109375 0.19624999999999998 0.2001953125 0.2201453125 0.22631874999999999
0 0.1965625 0.273828125 0.19953125 0.2693359375 0.17796875 0.246484375 0.14156249999999998 0.2068359375 0.1371875 0.2103515625 0.15890625 0.233984375 0.17546875 0.2515625 0.1965625 0.273828125
0 0.195625 0.1529296875 0.21546875000000001 0.16640625 0.248125 0.185546875 0.25015624999999997 0.1794921875 0.1984375 0.1482421875 0.195625 0.1529296875
0 0.18890625 0.00971875 0.18390625 0.0119140625 0.1984375 0.0548828125 0.21812499999999999 0.11015625 0.23734375000000002 0.1533609375 0.2534375 0.1834125 0.25625 0.1875140625 0.26 0.18575625 0.24015625 0.148046875 0.22593749999999999 0.11504062500000001 0.2 0.0431171875 0.18890625 0.00971875
0 0.3804546875 0.2419625 0.2700390625 0.19245625 0.26918125000000004 0.1980296875 0.37890625 0.247265625 0.3804546875 0.2419625
0 0.24640625 0.228515625 0.3071875 0.2359375 0.30734374999999997 0.2318359375 0.30296875 0.23125 0.24671875000000001 0.2240234375 0.24640625 0.228515625
0 0.33468749999999997 0.25078125 0.24765625 0.2318359375 0.24656250000000002 0.2365234375 0.33359375 0.2556640625 0.33468749999999997 0.25078125