1 0.3180680453125 0.25961134218750004 0.3162521140625 0.3564029765625 0.31158284375 0.48461445625 0.322572690625 0.48367915000000006 0.32462860312499997 0.336062978125 0.329407928125 0.3360712640625 0.3300913484375 0.325307415625 0.3285536546875 0.31744809687500003 0.325990834375 0.31710638750000003 0.32633254375 0.2781515078125 0.325990834375 0.2697796265625 0.326674253125 0.2602117609375 0.3277168734375 0.25920570781249996 0.34751853125 0.2591866328125 0.3471875 0.24640625 0.34296875 0.24640625 0.34234375 0.2509375 0.33468749999999997 0.25140625 0.33296875 0.24640625 0.32828124999999997 0.24562499999999998 0.32515625 0.24953124999999998 0.31906249999999997 0.25015624999999997 0.3 0.250625 0.29985005937500003 0.2585032140625 0.3180680453125 0.25961134218750004
0 0.26532187500000004 0.237175 0.2537828125 0.2263390625 0.2292328125 0.20268906250000002 0.22626249999999998 0.207771875 0.2613640625 0.2403921875 0.2752140625 0.248553125 0.27582968750000003 0.24295312500000002 0.26532187500000004 0.237175
0 0.43525156249999997 0.28135937499999997 0.39128281249999997 0.27354531249999997 0.3358171875 0.261190625 0.33460625 0.2654765625 0.33903906250000004 0.2669953125 0.383415625 0.2773265625 0.43525156249999997 0.2866546875 0.43525156249999997 0.28135937499999997
0 0.45727343749999994 0.2075484375 0.4886808328125 0.2095148859375 0.4883109375 0.2048 0.390434375 0.1970375 0.3897921875 0.202659375 0.45727343749999994 0.2075484375
0 0.9627718749999999 0.0134828125 0.916390625 0 0.9120765625 0.0029671875 0.9616921875 0.017526562500000002 0.9627718749999999 0.0134828125
0 0.9998437499999999 0.0154296875 0.9412499999999999 0 0.936875 0.0029296875 0.9995312500000001 0.0205078125 0.9998437499999999 0.0154296875
0 0.76964375 0.029664062499999998 0.5871500000000001 0 0.5670984375 0.001378125 0.6887640625 0.023454687499999998 0.7730203125 0.0370234375 0.821403125 0.043460937500000005 0.82359375 0.0376953125 0.76964375 0.029664062499999998
0 0.6657984375 0.0626390625 0.7507140625 0.08499218750000001 0.7530015624999999 0.0792734375 0.651115625 0.051203125 0.546109375 0.022353124999999998 0.4611203125 0 0.44975624999999997 0.0012984375 0.536671875 0.02703125 0.6657984375 0.0626390625
0 0.66843125 0.1034453125 0.7336984375 0.1167015625 0.7370265625 0.10656406249999999 0.6307734375 0.08395312499999999 0.49374531250000003 0.053023437500000006 0.35460156249999997 0.024431249999999998 0.3536921875 0.031189062499999996 0.47990781250000003 0.0626390625 0.66843125 0.1034453125
0 0.3510671875 0.0376875 0.44068593749999996 0.07225625 0.5758421874999999 0.1198203125 0.6962375 0.157859375 0.7218125 0.16565625 0.7230609375 0.1596796875 0.6683749999999999 0.142265625 0.5684375 0.1109375 0.47443437499999996 0.077025 0.353421875 0.03388125 0.3510671875 0.0376875
0 0.73953125 0.16796875 0.7975 0.1841796875 0.7984375 0.1787109375 0.7420312499999999 0.16328125 0.7403125 0.16640625 0.73953125 0.16796875
0 0.4904140625 0.1308625 0.3469203125 0.1142953125 0.3467546875 0.119615625 0.454015625 0.13210312500000002 0.676203125 0.15937812499999998 0.676465625 0.15412187500000002 0.4904140625 0.1308625
0 0.564428125 0.16198125000000002 0.36236875 0.13693125 0.362584375 0.14158593749999998 0.49295625000000004 0.158640625 0.717390625 0.18619531250000002 0.7183921875 0.18035 0.564428125 0.16198125000000002