1 0.420515625 0.44760937500000003 0.421875 0.45288125 0.427734375 0.45288125 0.418346875 0.288290625 0.4114109375 0.28449843750000003 0.416015625 0.3894046875 0.420515625 0.44760937500000003
1 0.291565625 0.335090625 0.291015625 0.435790625 0.296875 0.4382328125 0.296809375 0.3361390625 0.291565625 0.335090625
0 0 0.1591796875 0.0546875 0.15991249999999999 0.0517578125 0.1513671875 0 0.15014687499999999 0 0.1591796875
0 0.6219640625 0.17038906250000002 0.6232624999999999 0.16668906249999998 0.6232624999999999 0.1636328125 0.620815625 0.161446875 0.5806281249999999 0.161884375 0.1966453125 0.15425 0.089053125 0.15206718749999998 0.0886234375 0.156725 0.0882484375 0.1610109375 0.6100453124999999 0.1697671875 0.6219640625 0.17038906250000002
0 0.3756796875 0.347153125 0.41385468750000004 0.3345671875 0.414065625 0.3256515625 0.3500890625 0.3484625 0.34106875 0.3505609375 0.3282734375 0.3505609375 0.295340625 0.3489859375 0.294921875 0.356328125 0.341796875 0.357665625 0.3756796875 0.347153125
0 0.291015625 0.3479 0.26324843750000004 0.3584265625 0.268071875 0.3620984375 0.29135625 0.3534453125 0.291015625 0.3479
0 0.0146484375 0 0.0424578125 0.1076953125 0.048168749999999996 0.10335000000000001 0.0223453125 0 0.0146484375 0
0 0.42804843750000005 0.3281703125 0.42125781250000005 0.325271875 0.42081718749999997 0.3304875 0.43364375 0.334053125 0.4535984375 0.33717031249999996 0.4593 0.33717031249999996 0.477471875 0.330934375 0.506690625 0.3149 0.5465984374999999 0.283275 0.6071734375 0.2218109375 0.630690625 0.1968671875 0.6246328125 0.19330468750000002 0.6234609375 0.19528281249999999 0.61679375 0.20399375000000003 0.5943453125 0.2258203125 0.55051875 0.27125 0.5145296874999999 0.302428125 0.47854062500000005 0.3251453125 0.4642875 0.3291515625 0.45751875000000003 0.330934375 0.44718437499999997 0.330934375 0.4382765625 0.3304875 0.42804843750000005 0.3281703125
0 0.5591890625 0.28435 0.52019375 0.32015625000000003 0.49058437499999996 0.3388109375 0.481690625 0.34422031249999996 0.4759015625 0.34693593749999996 0.465790625 0.3472359375 0.457125 0.3472359375 0.457846875 0.35205156249999997 0.47445624999999997 0.35205156249999997 0.4848078125 0.350546875 0.49058437499999996 0.34633437499999997 0.5129718750000001 0.332190625 0.562559375 0.2885609375 0.6145546875 0.231690625 0.633571875 0.209125 0.629803125 0.20513125 0.62586875 0.2097265625 0.601796875 0.238009375 0.5591890625 0.28435
1 0.074015625 0.2648921875 0.0732859375 0.234453125 0.09507656249999999 0.2317234375 0.0971515625 0.2184890625 0.074015625 0.21850624999999999 0.074015625 0.17700156250000001 0.077921875 0.16479531249999999 0.0883609375 0.163396875 0.088765625 0.15453125 0.0871453125 0.150984375 0.07596875 0.15014687499999999 0.07356718749999999 0.136290625 0.0914015625 0.1357859375 0.09119843749999999 0.127678125 0.072959375 0.130465625 0.07336406250000001 0.112984375 0.0899828125 0.108678125 0.09018437500000001 0.102596875 0.0632734375 0.1000984375 0.0445859375 0.1020921875 0.042559374999999997 0.1076640625 0.0593796875 0.1112109375 0.060190625 0.12919687500000002 0.0447375 0.12880156250000002 0.0432484375 0.1343859375 0.0648484375 0.1449390625 0.046409375 0.15174375 0.049653125 0.1626375 0.06311093749999999 0.1660421875 0.062296874999999995 0.21850624999999999 0.0407859375 0.2175375 0.040948437500000004 0.22789687500000003 0.0422484375 0.23276875000000002 0.063046875 0.2348015625 0.058496875000000004 0.2463796875 0.053134375 0.250846875 0.052321875 0.259378125 0.053134375 0.2628328125 0.062296874999999995 0.269775 0.0650125 0.47998593749999996 0.0743265625 0.479034375 0.074015625 0.3308109375 0.12869375 0.323359375 0.1433515625 0.32470781249999997 0.14591875 0.32437499999999997 0.14900625 0.3158453125 0.14266875 0.3148296875 0.11147031249999999 0.31746875 0.10318281250000001 0.319296875 0.07596875 0.3210453125 0.074015625 0.2648921875
1 0.030715625000000003 0.2431421875 0.0331015625 0.24396093749999997 0.0407390625 0.24274218749999998 0.0407390625 0.2338046875 0.028743750000000002 0.2348984375 0.02859375 0.22578125 0.03779375 0.2251390625 0.0370875 0.218484375 0.0276796875 0.2156 0.0321265625 0.20150937500000002 0.0298515625 0.19886874999999998 0.025832812500000003 0.1979765625 0.0219265625 0.1979765625 0.015437500000000002 0.1980765625 0.018996875 0.21628750000000002 0.0084375 0.216015625 0.010624999999999999 0.224609375 0.01921875 0.226953125 0.0190625 0.233203125 0.0075 0.234375 0.0078125 0.240234375 0.02015625 0.243359375 0.018996875 0.2699984375 0.0160671875 0.2736609375 0.0082546875 0.2736609375 0.003371875 0.2797640625 0.0060328125 0.2841390625 0.02218125 0.2848046875 0.022003125000000002 0.2919015625 0.0099375 0.2947875 0.0086953125 0.302328125 0.022357812499999997 0.3052109375 0.02095 0.3212671875 0.026809375000000003 0.32615 0.030715625000000003 0.3212671875 0.030715625000000003 0.3017359375 0.043296875 0.3003328125 0.0454265625 0.2938984375 0.029279687500000002 0.292125 0.031053124999999997 0.281921875 0.0443625 0.2825859375 0.044893749999999996 0.27238281249999996 0.0317640625 0.27238281249999996 0.030715625000000003 0.2431421875
0 0.06505156250000001 0 0.076225 0.06424375 0.08466718749999999 0.1014890625 0.08988125 0.1014890625 0.082184375 0.0639328125 0.0715078125 0 0.06505156250000001 0
0 0.055865624999999995 0 0.06803125 0.06052031249999999 0.07647343749999999 0.10117812500000001 0.08441875 0.10210937499999999 0.076721875 0.0713828125 0.0640578125 0 0.055865624999999995 0
0 0.046678125 0 0.05437499999999999 0.0387953125 0.06803125 0.10179843749999999 0.0754796875 0.10117812500000001 0.06505156250000001 0.04996875 0.054871875 0 0.046678125 0
0 0.03671875 0 0.0518921875 0.069521875 0.05884374999999999 0.10179843749999999 0.0670375 0.10086718750000001 0.056112499999999996 0.0549328125 0.044940625 0 0.03671875 0
0 0.08466718749999999 0.20514843749999997 0.0896328125 0.22004687500000003 0.0945984375 0.220665625 0.0836734375 0.1815609375 0.07895624999999999 0.16821406249999998 0.0749828125 0.17256093749999998 0.08466718749999999 0.20514843749999997
0 0.0374921875 0.19894218749999998 0.03525625 0.1998734375 0.035009374999999995 0.2048375 0.03515625 0.2076171875 0.04109375 0.2052734375 0.048168749999999996 0.2011140625 0.052637500000000004 0.195528125 0.0583484375 0.1855953125 0.0638109375 0.1747328125 0.0618234375 0.1694578125 0.0540625 0.18125 0.048168749999999996 0.18963125 0.0436984375 0.19490625 0.0374921875 0.19894218749999998
0 0.0003125 0 0.02109375 0.0728515625 0.030539062500000002 0.0993171875 0.04444375 0.1334546875 0.0474234375 0.12662656249999998 0.026815625 0.069521875 0.006875000000000001 0 0.0003125 0
0 0.031284374999999996 0.11700625 0.0002015625 0.0344203125 0 0.0344203125 0.0002484375 0.052140624999999996 0.023090625 0.1135921875 0.030787500000000002 0.1319046875 0.03578125 0.143359375 0.039975 0.1508359375 0.0454375 0.1499046875 0.031284374999999996 0.11700625
0 0 0.09900624999999999 0.017628125 0.1508359375 0.0255734375 0.150525 0 0.0841078125 0 0.09900624999999999
0 0.032728125000000004 0.199709375 0.014210937500000001 0.15906562500000002 0.0073203124999999996 0.157990625 0.022823437499999998 0.19055625 0.0277765625 0.20105468750000002 0.032728125000000004 0.199709375
0 0 0.232140625 0.0207984375 0.1877359375 0.016932812499999998 0.180834375 0 0.22270625000000002 0 0.232140625
0 0.03773125 0.19486874999999998 0.048959375 0.21925625 0.054112499999999994 0.216265625 0.04840625 0.202921875 0.0277921875 0.1582875 0.0226390625 0.1598984375 0.03773125 0.19486874999999998
0 0.035339062500000004 0.200159375 0.046565625 0.1622 0.04178125 0.160359375 0.030921874999999998 0.19670937500000002 0.034603125 0.199240625 0.035339062500000004 0.200159375
0 0 0.1396484375 0.0034359374999999998 0.15033593750000002 0.009621875 0.14969062500000002 0 0.130859375 0 0.1396484375
0 0.085046875 0.175678125 0.0884828125 0.1642953125 0.08264218749999999 0.1642953125 0.0798921875 0.1724578125 0.07800312499999999 0.1804015625 0.0749109375 0.1904984375 0.075940625 0.19693906249999998 0.0810953125 0.187275 0.085046875 0.175678125
0 0.06109375 0.1908203125 0.045 0.2115234375 0.048593750000000005 0.2169921875 0.06281250000000001 0.2 0.06109375 0.1908203125