1 0.9559124999999999 0 0.96156875 0.2697796875 0.96156875 0.45139843749999997 0.980453125 0.45139843749999997 0.980453125 0.438390625 0.9775890625000001 0.096459375 0.9762890625 0 0.9559124999999999 0
1 0.23828125 0.1828125 0.23374999999999999 0.180859375 0.234375 0.17704375 0.25867968750000003 0.17598750000000002 0.257884375 0.16528437499999998 0.2340625 0.163671875 0.23453125 0.148046875 0.2580828125 0.1471140625 0.25765625000000003 0.1375 0.2359375 0.1359375 0.2346875 0.1203125 0.25867968750000003 0.1207265625 0.25734375 0.109375 0.23765624999999999 0.110546875 0.23546874999999998 0.110546875 0.2346875 0.1044921875 0.22546875000000002 0.1041015625 0.22328125000000001 0.2720703125 0.21156250000000001 0.2712890625 0.21187499999999998 0.2771484375 0.21187499999999998 0.280859375 0.22374999999999998 0.281640625 0.22312500000000002 0.4205078125 0.2265625 0.421184375 0.23156249999999998 0.421484375 0.23238281249999998 0.3661578125 0.23374999999999999 0.2802734375 0.24375 0.2806640625 0.24343750000000003 0.272265625 0.23312499999999997 0.2720703125 0.2339765625 0.2173609375 0.24512968750000003 0.21821406250000003 0.24330781250000003 0.192325 0.23828125 0.1828125
1 0.3421875 0.3017578125 0.35757343750000004 0.299353125 0.35757343750000004 0.29067031249999997 0.34765625 0.291015625 0.31919375 0.2908859375 0.31988906250000004 0.299134375 0.334375 0.3017578125 0.33453125 0.454296875 0.34140625 0.454296875 0.3421875 0.3017578125
1 0.3984609375 0.389834375 0.40421874999999996 0.387109375 0.40453124999999995 0.3833984375 0.3957546875 0.383703125 0.38625 0.3837890625 0.386790625 0.38814375 0.393725 0.38814375 0.39375 0.4599609375 0.3986296875 0.46107812499999995 0.3984609375 0.389834375
1 0.3725 0.4529296875 0.371875 0.3564453125 0.3831015625 0.35557656249999997 0.382059375 0.33842812499999997 0.36640625 0.337890625 0.3535796875 0.3388609375 0.3539265625 0.3486296875 0.354375 0.3564453125 0.365625 0.3564453125 0.3676796875 0.4519875 0.3725 0.4529296875
1 0.401875 0.4064453125 0.4015625 0.4814453125 0.40625 0.4814453125 0.40703125 0.40625 0.401875 0.4064453125
1 0.020624999999999998 0.3521484375 0.02296875 0.3021484375 0.031718750000000004 0.3017578125 0.03046875 0.294140625 0.01640625 0.287109375 0.007656250000000001 0.291796875 0.0075 0.296484375 0.015625 0.2998046875 0.01515625 0.353125 0.020624999999999998 0.3521484375
0 0.66015625 0.1875 0.604515625 0.1914703125 0.4574828125 0.1954546875 0.24239843749999998 0.19374843749999998 0.24421875 0.1997234375 0.3323015625 0.20228281250000002 0.2437640625 0.2025671875 0.244215625 0.2079625 0.3671875 0.2080078125 0.64296875 0.201171875 0.9169390625 0.1823921875 0.9611703125 0.178953125 0.9607140624999999 0.1724109375 0.780453125 0.185496875 0.8982921875000001 0.1703984375 0.9603859375000001 0.16089375 0.9604874999999999 0.1530625 0.8184625000000001 0.1724109375 0.66015625 0.1875
0 0.9226703125 0 0.8953125 0.1376953125 0.8906484375 0.1615625 0.8974515625 0.160940625 0.92734375 0 0.9226703125 0
0 0.15421875000000002 0 0.19 0.046484375 0.21595312500000002 0.07725 0.24394375 0.109028125 0.2493203125 0.1062890625 0.246334375 0.10205781249999998 0.2247484375 0.0763828125 0.21234375 0.0619140625 0.16179062500000002 0 0.15421875000000002 0
0 0.12522031250000001 0 0.1916484375 0.0824578125 0.224284375 0.1192015625 0.2259046875 0.11167968749999999 0.154153125 0.0266171875 0.13216406249999998 0 0.12522031250000001 0
0 0.0939734375 0 0.103925 0.0124421875 0.1393390625 0.054103124999999995 0.17590937499999998 0.0975015625 0.20924062499999999 0.1328015625 0.22359062500000002 0.147265625 0.2247484375 0.1388765625 0.18655625 0.10039687500000001 0.13424687500000002 0.04050625 0.1009171875 0 0.0939734375 0
0 1 0.1744140625 0.978125 0.1744140625 0.97875 0.18203125 1 0.18203125 1 0.1744140625
0 1 0.153515625 0.9784375000000001 0.1537109375 0.978125 0.1611328125 1 0.16171875 1 0.153515625
0 0.8874968750000001 0.18479062500000001 0.8730609375 0.265884375 0.8765453125 0.26650625 0.8913125000000001 0.18479062500000001 0.8874968750000001 0.18479062500000001
0 0.9127281249999999 0.293725 0.9562359375 0.18026718749999998 0.9506109374999999 0.1800328125 0.908790625 0.291146875 0.9127281249999999 0.293725
0 0.945734375 0.23043125 0.9609249999999999 0.18612656249999998 0.9573609375000001 0.18190781250000002 0.9175000000000001 0.2892578125 0.9213546875 0.29325625 0.945734375 0.23043125
0 0.49733124999999995 0.0494859375 0.4449015625 0.068478125 0.349246875 0.0971015625 0.2929609375 0.10994062499999999 0.2585078125 0.11395312500000002 0.2597921875 0.12064062499999999 0.296875 0.116015625 0.32785625 0.1080984375 0.38487499999999997 0.0926546875 0.45139687500000003 0.0732515625 0.5319984375 0.04253125 0.60454375 0.0147125 0.6371875 0.000390625 0.62765625 0 0.5810046875 0.0181890625 0.49733124999999995 0.0494859375
0 0.6967187499999999 0.0080078125 0.6743640625 0.01631875 0.608453125 0.0395890625 0.55174375 0.061524999999999996 0.47085625000000003 0.0896109375 0.3914625 0.11315625 0.32490625 0.1300078125 0.26477343750000004 0.140709375 0.2664828125 0.1465875 0.302221875 0.14150625 0.3495140625 0.131609375 0.38931875 0.119571875 0.453946875 0.1003125 0.5264921874999999 0.07623593749999999 0.5975390625 0.051359375 0.6784296875 0.020865625 0.72859375 0.000390625 0.7184484375 0.0002671875 0.6967187499999999 0.0080078125
0 0.785115625 0.000390625 0.7469609375 0.0154421875 0.685353125 0.041046875 0.6275015625 0.06274375 0.5086578125 0.10633125000000002 0.42672499999999997 0.13213124999999998 0.33571875 0.1555859375 0.27379375 0.1667265625 0.27413125 0.17173750000000002 0.32289375 0.1649671875 0.3556640625 0.1567578125 0.40659687499999997 0.14445312500000002 0.4757171875 0.1235875 0.5831453125 0.08667343749999999 0.6458468749999999 0.0626 0.69046875 0.0458984375 0.7519921875 0.0195328125 0.793871875 0.00136875 0.785115625 0.000390625
0 0.26875 0.19296875 0.25906250000000003 0.175390625 0.25375000000000003 0.1763671875 0.26390625 0.1935546875 0.26875 0.19296875
0 0.2509375 0.1626953125 0.23734375000000002 0.1501953125 0.23390624999999998 0.1541015625 0.24515625000000002 0.1640625 0.2509375 0.1626953125
0 0.25125000000000003 0.13515625 0.238125 0.122265625 0.23640625 0.127734375 0.24656250000000002 0.1375 0.25125000000000003 0.13515625
0 0.25765625000000003 0.1212890625 0.253125 0.1224609375 0.26578124999999997 0.1671875 0.25625 0.1478515625 0.2525 0.1498046875 0.2728125 0.194140625 0.2790625 0.1916015625 0.25765625000000003 0.1212890625
0 0.33890625 0.2892578125 0.325625 0.275390625 0.316875 0.2666015625 0.30734374999999997 0.252734375 0.2925 0.225390625 0.28609375 0.2083984375 0.28125 0.20859375 0.28328125000000004 0.2201171875 0.27765625 0.209375 0.27234375 0.210546875 0.28515625 0.2302734375 0.29671875000000003 0.2498046875 0.3040625 0.270703125 0.31390625 0.2865234375 0.3178125 0.291796875 0.32171875 0.2884765625 0.31453125000000004 0.27890625 0.305625 0.261328125 0.305 0.257421875 0.3103125 0.2669921875 0.31484375 0.27265625 0.32234375000000004 0.28046875 0.33406250000000004 0.2912109375 0.33890625 0.2892578125
0 0.36101875 0.31795 0.3742703125 0.338384375 0.37956875 0.3367796875 0.376196875 0.33156093750000004 0.36426875000000003 0.3131234375 0.357565625 0.2986484375 0.35350156250000003 0.3006796875 0.36101875 0.31795
0 0.3461796875 0.3021375 0.35578125 0.32265625 0.36267031250000004 0.3376390625 0.36835 0.33649375 0.35039375 0.3003046875 0.3461796875 0.3021375
0 0.25953125 0.303125 0.24234375 0.279296875 0.2390625 0.281640625 0.2553125 0.3056640625 0.25953125 0.303125
0 0.23340624999999998 0.304453125 0.233021875 0.308525 0.23896250000000002 0.31379531250000003 0.24605312499999998 0.32625000000000004 0.2571671875 0.3427796875 0.26953125 0.3599609375 0.2834203125 0.379428125 0.286875 0.3755859375 0.27015625 0.3521484375 0.2481609375 0.3212203125 0.2385796875 0.3042125 0.23340624999999998 0.304453125
0 0.26789843750000003 0.33535312500000003 0.3102875 0.37388125 0.3145390625 0.3705328125 0.30584218750000003 0.362659375 0.27460625 0.334634375 0.2366625 0.2910390625 0.2355140625 0.2967875 0.2468203125 0.31139843749999996 0.26789843750000003 0.33535312500000003
0 0.1851796875 0.3214125 0.09694375 0.364015625 0.0982703125 0.36945937500000003 0.1878296875 0.32661875 0.1851796875 0.3214125
0 0 0.3185546875 0.01515625 0.317578125 0.01484375 0.3125 0 0.3130859375 0 0.3185546875
0 0.17546875 0.3111328125 0.1771875 0.3107421875 0.215625 0.308984375 0.2146875 0.3041015625 0.21421874999999999 0.3025390625 0.1496875 0.30703125 0.021718750000000002 0.3234375 0.021718750000000002 0.3302734375 0.02609375 0.3298828125 0.17546875 0.3111328125
0 0.18765625 0.29921875 0.1821875 0.2947265625 0.1784375 0.2951171875 0.1653125 0.2962890625 0.1290625 0.30078125 0.02203125 0.3115234375 0.0228125 0.3169921875 0.13093749999999998 0.30546875 0.18765625 0.29921875
0 0.161875 0.2955078125 0.13140625 0.275390625 0.1284375 0.27890625 0.15515625 0.298046875 0.161875 0.2955078125
0 0 0.2802734375 0.07203125 0.2685546875 0.105625 0.2609375 0.09984375 0.257421875 0 0.2728515625 0 0.2802734375
0 0.0709375 0.237109375 0 0.2486328125 0.00015625 0.25390625 0.07515625000000001 0.24140625 0.0709375 0.237109375
0 0 0.1875578125 0.046684375 0.21806718749999998 0.0953359375 0.252875 0.1064734375 0.259428125 0.1040171875 0.266390625 0.1045078125 0.2684375 0.10663750000000001 0.2688484375 0.108603125 0.2667984375 0.11056875 0.2651625 0.11171562500000001 0.263728125 0.14808125 0.2811328125 0.18247968750000002 0.2948515625 0.193290625 0.29710312499999997 0.2137671875 0.3016078125 0.22507031249999998 0.3018125 0.22392343750000002 0.2968984375 0.210490625 0.2960796875 0.209671875 0.2948515625 0.2178625 0.2921890625 0.2163875 0.2889140625 0.2013171875 0.29055 0.1895234375 0.291165625 0.18723125000000002 0.291165625 0.16069375 0.2796984375 0.1115515625 0.25512812500000004 0.0645390625 0.222571875 0.00032812499999999997 0.1781390625 0 0.18714843750000001 0 0.1875578125
0 0.0758421875 0.20045625 0.03521875 0.20066250000000002 0.0401328125 0.2059859375 0.08255781250000001 0.2059859375 0.0758421875 0.20045625
0 0.136778125 0.248371875 0.11187968749999999 0.2539 0.1172859375 0.2584046875 0.142675 0.252875 0.136778125 0.248371875
0 0.15135625 0.2502140625 0.186575 0.24181875000000003 0.224578125 0.22994374999999997 0.22244843749999998 0.2248234375 0.1495546875 0.24591406249999997 0.15135625 0.2502140625
0 0.2044296875 0.283590625 0.2219578125 0.2909609375 0.22261250000000002 0.28440781249999997 0.2000078125 0.2747859375 0.12121718749999999 0.2324 0.077153125 0.193290625 0.072403125 0.19656875000000001 0.11351718749999999 0.234653125 0.1341578125 0.24611875 0.17478125 0.2694609375 0.2044296875 0.283590625
0 0.1734703125 0.278265625 0.1585640625 0.2694609375 0.15119375 0.2643421875 0.14185625 0.2543078125 0.14021875 0.252875 0.1349765625 0.25471875 0.1400546875 0.261271875 0.14496875 0.267003125 0.15758125 0.275603125 0.17166874999999998 0.283590625 0.1734703125 0.278265625
0 0.216875 0.2685546875 0.1696875 0.2458984375 0.16312500000000002 0.2490234375 0.2128125 0.273046875 0.216875 0.2685546875
0 0.1028125 0.2158203125 0.15359375 0.24453125 0.16078125000000001 0.241796875 0.10421875 0.209375 0.09718750000000001 0.2109375 0.1028125 0.2158203125
0 0.22421875 0.202734375 0.08687500000000001 0.2009765625 0.0925 0.2068359375 0.2246875 0.2083984375 0.22421875 0.202734375
0 0.14781249999999999 0.2111328125 0.2134375 0.227734375 0.21453125 0.22734375 0.21703125 0.2236328125 0.15765625 0.20859375 0.14781249999999999 0.2111328125
0 0.0395328125 0.1701171875 0.0235953125 0.162109375 0.0004703125 0.1470703125 0 0.16328125 0.0137515625 0.1650390625 0.051095312500000004 0.184375 0.054689062499999996 0.19453125 0.05843906250000001 0.1974609375 0.061876562499999996 0.1994140625 0.0675015625 0.2015625 0.0712515625 0.1998046875 0.0732828125 0.19765625 0.0739078125 0.1943359375 0.0740640625 0.1916015625 0.0737515625 0.1896484375 0.1187515625 0.190625 0.17375000000000002 0.194921875 0.22453281249999998 0.1974609375 0.2243765625 0.1896484375 0.07140625 0.17890625 0.0675 0.178125 0.06375 0.1732421875 0.056406250000000005 0.17109375 0.052500000000000005 0.1712890625 0.0503125 0.170703125 0.0006265625000000001 0.13671875 0 0.14375 0.0398453125 0.169140625 0.0395328125 0.1701171875
0 0.108025 0.2314828125 0.085378125 0.235240625 0.0893859375 0.2392484375 0.11143281249999999 0.2359921875 0.108025 0.2314828125