1 0.192959375 0.197 0.16796875 0.19653281250000001 0.16796875 0.18188437500000001 0.1836140625 0.177425 0.1841203125 0.16827187500000002 0.1572265625 0.1684578125 0.13966875 0.17016562500000001 0.1390984375 0.1786875 0.1448765625 0.18163125 0.14380625 0.1992859375 0.1286125 0.199553125 0.127328125 0.23085 0.127328125 0.2455625 0.12805625 0.2568109375 0.14201875 0.257809375 0.15494375 0.2566984375 0.1552796875 0.4512203125 0.15625 0.482178125 0.1640625 0.48461875 0.16435 0.25144687499999996 0.17590625 0.2509125 0.176984375 0.2510234375 0.176984375 0.23879531250000002 0.1826765625 0.23523906249999998 0.1826765625 0.22678906250000003 0.16862968750000001 0.22657031249999998 0.1686234375 0.22167343750000001 0.1928125 0.219615625 0.192959375 0.197
1 0.27171875 0.3306640625 0.27671875 0.32890625 0.28765625 0.327734375 0.2875 0.3216796875 0.27296875 0.3220703125 0.27328125000000003 0.318603125 0.27328125000000003 0.3137203125 0.2818703125 0.3084078125 0.28168125 0.3027125 0.26449218750000003 0.302734375 0.25378124999999996 0.3039 0.2534015625 0.3107796875 0.26359374999999996 0.3126953125 0.264409375 0.3228796875 0.24906250000000002 0.323046875 0.24906250000000002 0.3294921875 0.26516875 0.329521875 0.26515625 0.3412109375 0.25109375 0.3416015625 0.25187499999999996 0.348046875 0.2646875 0.348046875 0.2660765625 0.44892343749999997 0.2665765625 0.4739 0.27381875 0.47483593749999997 0.27328125000000003 0.36743125 0.27307031249999997 0.364634375 0.27328125000000003 0.3601078125 0.27331875 0.35527031249999996 0.27296875 0.3525390625 0.27265625 0.3486328125 0.28250000000000003 0.3474609375 0.28265625 0.3396484375 0.2725 0.33984375 0.27171875 0.3306640625
1 0.5690953125 0.07728125 0.5687484375 0.08856875 0.5849 0.0896546875 0.5850734375 0.109625 0.5875046875 0.1688890625 0.6084031249999999 0.507678125 0.6193484375 0.506665625 0.611646875 0.3739203125 0.5963609375 0.13545625 0.5954921875 0.08856875 0.614421875 0.08704843749999999 0.61320625 0.076628125 0.5951453124999999 0.07641250000000001 0.59484375 0.06875 0.5817734375 0.0685984375 0.5824671875 0.0768453125 0.5690953125 0.07728125
1 0.5418937500000001 0.48550468750000003 0.53679375 0.26461875 0.5303687499999999 0.2650546875 0.533925 0.43310000000000004 0.5356578125 0.48507187500000004 0.5418937500000001 0.48550468750000003
1 0.48834218749999997 0.3531890625 0.4964453125 0.35396875 0.49824062500000005 0.35405625 0.49875781249999995 0.3608609375 0.50685625 0.483990625 0.5137015625 0.484675 0.501009375 0.3088 0.4944265625 0.3083671875 0.4965046875 0.3466765625 0.4777484375 0.345590625 0.46318281250000004 0.34640781249999997 0.4635375 0.35396875 0.46455 0.35557656249999997 0.46871875 0.35535937500000003 0.47913750000000005 0.3531890625 0.48834218749999997 0.3531890625
0 0 0.046634375 0.017474999999999997 0.06848125000000001 0.049743749999999996 0.105453125 0.064996875 0.12287812499999999 0.095453125 0.152928125 0.1255484375 0.18029843750000002 0.131171875 0.1856875 0.135646875 0.189240625 0.1425078125 0.19284062500000002 0.144525 0.1877984375 0.121334375 0.168053125 0.07159062499999999 0.119315625 0.017140625 0.05755781250000001 0.0003359375 0.038653124999999997 0 0.040396875 0 0.046634375
0 0 0.0920953125 0.0453390625 0.1319453125 0.081940625 0.165890625 0.11274999999999999 0.18994687500000002 0.12468281249999999 0.198359375 0.1279890625 0.1998359375 0.13153125000000002 0.1962921875 0.11925156249999999 0.1862578125 0.08335781249999999 0.1596921875 0.075628125 0.1520859375 0.084775 0.1582140625 0.122321875 0.18360156249999998 0.124446875 0.1779921875 0.0913875 0.156740625 0.054548437500000005 0.13105781249999998 0.0427421875 0.11954687500000001 0.0252671875 0.10242500000000002 0.00023593749999999998 0.07526875 0 0.0817640625 0.009209375 0.093571875 0 0.085896875 0 0.0920953125
0 0 0.1334890625 0.0244796875 0.151609375 0.060365625 0.17864375 0.0896875 0.2021484375 0.0999609375 0.2107328125 0.1269109375 0.22885 0.1269703125 0.22200156249999997 0.0936375 0.20062656250000002 0.125959375 0.21577656250000002 0.125959375 0.20983593749999999 0.07914062499999999 0.1842875 0.0389765625 0.1527984375 0 0.112396875 0 0.12071406250000001 0.024003125 0.143290625 0 0.12487343749999999 0 0.1334890625
0 0 0.1582046875 0.0522109375 0.192740625 0.07049375 0.2018828125 0.0857296875 0.20924843750000002 0.09487187500000001 0.2115328125 0.0967 0.206453125 0.08918437500000001 0.2041671875 0.0536328125 0.185884375 0.0101578125 0.1589671875 0 0.151603125 0 0.1582046875
0 0 0.193190625 0.0316046875 0.216634375 0.052096875 0.2311796875 0.07374375 0.24530625 0.0798390625 0.242259375 0.060335937500000006 0.2282921875 0.019909375 0.19909062500000002 0 0.1841078125 0 0.193190625
0 0 0.207721875 0.0323015625 0.2303234375 0.0578125 0.246484375 0.061250000000000006 0.2486328125 0.06265625 0.249609375 0.0644 0.243021875 0.045303125 0.23159375 0 0.1998046875 0 0.207721875
0 0 0.22321249999999998 0.054242187500000004 0.254703125 0.0581015625 0.2506390625 0 0.2130859375 0 0.22321249999999998
0 0 0.23362500000000003 0.052500000000000005 0.2619140625 0.054445312499999995 0.25571875 0 0.22549999999999998 0 0.23362500000000003
0 0.2325 0.3185359375 0.23139375 0.324246875 0.2482984375 0.335834375 0.2579328125 0.3381046875 0.25956875 0.33424375 0.24848125 0.3301546875 0.2325 0.3185359375
0 0.45989218750000005 0.3276890625 0.4893640625 0.32055781250000004 0.48769999999999997 0.3158046875 0.4163984375 0.33155 0.3641109375 0.33986875 0.2959 0.3404625 0.2959 0.34521718749999997 0.361734375 0.3443265625 0.395721875 0.33986875 0.4251921875 0.33481875 0.45989218750000005 0.3276890625
0 0.3631609375 0.38799843749999996 0.3633984375 0.39334531250000004 0.42875781249999995 0.38799843749999996 0.48718281250000006 0.37965781249999997 0.48607187500000004 0.3745453125 0.43042187500000006 0.382946875 0.3631609375 0.38799843749999996
0 0.6993515625 0.360025 0.65208125 0.359290625 0.6533921874999999 0.36450625 0.6990578125 0.3655296875 0.6993515625 0.360025
0 0.5300812500000001 0.3446828125 0.52455 0.3530796875 0.521371875 0.3577546875 0.516884375 0.3617265625 0.51408125 0.36452968750000003 0.5052953125 0.3657 0.5051078125 0.36920312499999997 0.51408125 0.3689703125 0.5176328125 0.366165625 0.521184375 0.363828125 0.524175 0.3598578125 0.5278125 0.35546875 0.5298921875 0.3519625 0.531771875 0.346796875 0.5300812500000001 0.3446828125
0 0.518621875 0.374971875 0.5206890625 0.37309375 0.5225671875 0.3712171875 0.5246328124999999 0.3683984375 0.5265109375 0.36557968750000003 0.5282015624999999 0.36276406250000004 0.5303125 0.3591796875 0.5310203125 0.35736406249999997 0.5289531249999999 0.35571875 0.52388125 0.3634671875 0.5195609375 0.369571875 0.5159921875 0.372859375 0.5054734375 0.372859375 0.5054734375 0.3759125 0.51655625 0.3759125 0.518621875 0.374971875
0 0.52171875 0.28829531249999996 0.5140265625 0.310471875 0.51245625 0.31596718749999997 0.5170312499999999 0.3162109375 0.524375 0.295703125 0.53046875 0.273828125 0.5273703125 0.2696515625 0.52171875 0.28829531249999996
0 0.5494953125 0.2494140625 0.5446890625 0.25489843749999996 0.536540625 0.26403906250000003 0.5386296875000001 0.268478125 0.54218125 0.2653453125 0.547196875 0.2603828125 0.5517921875 0.25437656249999996 0.560359375 0.237921875 0.5710140625 0.21285156249999998 0.5789546875 0.1893453125 0.574984375 0.1869953125 0.5645374999999999 0.216246875 0.554090625 0.24157968749999997 0.5494953125 0.2494140625
0 0.5733125 0.234265625 0.576446875 0.22172968750000002 0.5733125 0.21833593750000002 0.5601499999999999 0.25698750000000004 0.5509578125 0.278925 0.5382125 0.3037359375 0.5386296875000001 0.3136609375 0.5551359375 0.2802328125 0.56203125 0.26377656250000003 0.5701796875 0.24262343749999998 0.5733125 0.234265625
0 0.58835625 0.22852187499999999 0.5919078125 0.219903125 0.5890125 0.214315625 0.5777609375 0.2402125 0.5565078125 0.285978125 0.5417640625 0.3167953125 0.545315625 0.3207125 0.5620453125 0.285978125 0.5750828125 0.2591890625 0.582296875 0.24288437499999999 0.58835625 0.22852187499999999
0 0.5549015625 0.3212515625 0.569375 0.29765625 0.5796875 0.2787109375 0.5941921875 0.248028125 0.5916921875 0.2402125 0.5695453125000001 0.28486406249999996 0.5457921875 0.3261625 0.5382921875 0.33687812500000003 0.538828125 0.343128125 0.5549015625 0.3212515625
0 0.581365625 0.277596875 0.566225 0.30680625 0.5535125 0.3297046875 0.5456609375 0.339053125 0.5389328124999999 0.3446609375 0.53930625 0.34933437500000003 0.5451015625 0.34559531250000003 0.55171875 0.33984375 0.55640625 0.3333984375 0.5603125 0.3275390625 0.56359375 0.3224609375 0.5846875 0.2830078125 0.5950124999999999 0.261240625 0.59375 0.2529296875 0.5903125 0.2595703125 0.581365625 0.277596875
0 0.6697078125 0.0496546875 0.61241875 0.075853125 0.6142140625 0.08134375 0.6697078125 0.0553921875 0.6697078125 0.0496546875
0 0.7098296875 0.026946875 0.685078125 0.0399234375 0.6826828125 0.04840625 0.70923125 0.034434375 0.7098296875 0.026946875
0 0.759334375 0 0.7256 0.018465625 0.7252 0.025451562500000004 0.7701140625 0 0.759334375 0
0 0.7048390625 0 0.6709046875 0.050651562500000004 0.63546875 0.0998046875 0.6241953125 0.11552812500000001 0.6291859375 0.118271875 0.64435625 0.09930781250000001 0.687871875 0.037928125 0.714021875 0 0.7048390625 0
0 0.729990625 0 0.7102296875 0.030442187500000002 0.6729015625 0.088578125 0.6407640625 0.137234375 0.64411875 0.1443578125 0.6760953125 0.0960640625 0.7258 0.0194625 0.7387734375 0 0.729990625 0
0 0.789771875 0 0.7471140625 0.0558453125 0.6802421875 0.140515625 0.6223062500000001 0.2086125 0.6021296875 0.2291484375 0.6035703125 0.23599375 0.630665625 0.20933125000000002 0.6900421875 0.14123593750000002 0.7468250000000001 0.0677359375 0.7974421875 0 0.789771875 0
0 0.6298 0.23095156249999998 0.688025 0.1740234375 0.7586421875 0.0943984375 0.7520140625 0.091875 0.704165625 0.1451984375 0.652859375 0.2006859375 0.6182703125 0.2334734375 0.60299375 0.2446421875 0.6044359375 0.25184843749999997 0.6298 0.23095156249999998
0 0.7851609374999999 0.0529625 0.7681546875 0.0735 0.771325 0.077103125 0.7903484375 0.055125 0.7851609374999999 0.0529625
0 0.6018749999999999 0.0935546875 0.5965625 0.119921875 0.6003125 0.1232421875 0.6068749999999999 0.09375 0.6018749999999999 0.0935546875