0 1 0.22858593749999997 0.959734375 0.22841406250000001 0.9635999999999999 0.2359015625 1 0.2359015625 1 0.22858593749999997
0 0.12974687499999998 0 0.14484375 0.0255859375 0.17388281249999998 0.07253125 0.20197500000000002 0.1146484375 0.22544218749999997 0.14900156250000002 0.2761046875 0.212434375 0.2777890625 0.212434375 0.28203125 0.2099609375 0.2321875 0.1474609375 0.22675625 0.139315625 0.19401875 0.0905703125 0.15203125 0.026171875 0.136246875 0 0.12974687499999998 0
0 0.11359375000000001 0.0466796875 0.078 0 0.074575 0.0002375 0.072265625 0.0012203125 0.10671875 0.046484375 0.188478125 0.152253125 0.20847968749999998 0.17563125 0.2128703125 0.18030625 0.215625 0.1744140625 0.11359375000000001 0.0466796875
1 0.28875 0.2240234375 0.309375 0.22109375 0.3096875 0.2138671875 0.29140625 0.2140625 0.2809375 0.2146484375 0.28046875 0.216796875 0.2609375 0.2189453125 0.260625 0.2248046875 0.27921874999999996 0.22578125 0.2796875 0.233984375 0.2665625 0.234765625 0.2584375 0.2353515625 0.25875 0.2431640625 0.2796875 0.24140625 0.27984375 0.2513671875 0.260625 0.251953125 0.2625 0.2666015625 0.28125 0.269775 0.287109375 0.4504390625 0.294921875 0.455321875 0.287109375 0.2722171875 0.2900390625 0.26611406249999997 0.301875 0.2662109375 0.30093749999999997 0.24609375 0.28890625000000003 0.2455078125 0.2890625 0.2412109375 0.31046874999999996 0.2388671875 0.31015625 0.2318359375 0.28875 0.2314453125 0.28875 0.2240234375
0 0 0.2349984375 0.0504390625 0.265740625 0.1200515625 0.3079453125 0.1227484375 0.30268125 0.1050828125 0.292021875 0.06461093749999999 0.26730312500000003 0 0.22509843749999997 0 0.2349984375
0 0.1571890625 0 0.166478125 0.017965625 0.16802187500000001 0.0210625 0.2149625 0.10260625000000001 0.2446875 0.150390625 0.2674390625 0.18083906249999998 0.286875 0.205859375 0.29078750000000003 0.20280468749999997 0.248903125 0.14322812499999998 0.21125 0.0818359375 0.17453125 0.0189453125 0.16421875 0 0.1571890625 0
0 0.503034375 0.26531875 0.4617890625 0.26531875 0.46125 0.2705078125 0.5027171874999999 0.270475 0.503034375 0.26531875
0 0.5001796875 0.24529062499999998 0.4603625 0.24469531249999998 0.46083749999999996 0.2502484375 0.4989109375 0.25005 0.5001796875 0.24529062499999998
0 0.5024 0.226453125 0.46968750000000004 0.2263671875 0.47099062500000005 0.23200625000000002 0.5008140625 0.232203125 0.5024 0.226453125
0 0.8888734375 0.22555312500000002 0.8175515624999999 0.22281875 0.8172890625000001 0.23071875 0.887590625 0.233021875 0.8888734375 0.22555312500000002
0 0.8487031249999999 0.24091093749999998 0.8114953125 0.23894687499999998 0.809653125 0.244540625 0.848225 0.2466875 0.8487031249999999 0.24091093749999998