1 0.08515937500000001 0.21507187499999997 0.0799453125 0.4023359375 0.07855625000000001 0.45577968750000003 0.0782078125 0.48619375 0.087890625 0.4870609375 0.090721875 0.393646875 0.09765625 0.20874062499999999 0.103515625 0.18188437500000001 0.12130937500000001 0.1816171875 0.1227 0.169015625 0.0986328125 0.1708984375 0.0709078125 0.1677125 0.0719515625 0.17857343750000002 0.081684375 0.1920453125 0.08515937500000001 0.21507187499999997
1 0.290546875 0.321359375 0.289584375 0.3126328125 0.2594953125 0.3126328125 0.2614203125 0.3210578125 0.27249375 0.323465625 0.2723734375 0.45349218750000003 0.27734375 0.4577640625 0.2785109375 0.325571875 0.290546875 0.321359375
1 0.6367328125 0.4026015625 0.6361390625000001 0.282265625 0.634653125 0.2287859375 0.6281171875 0.2298984375 0.6299 0.4018578125 0.6367328125 0.4026015625
0 0.08158750000000001 0.155046875 0.09004375 0.154165625 0.0905890625 0.15325625 0.001884375 0.10556874999999999 0.001615625 0.11263749999999999 0.048467187499999995 0.1372078125 0.08158750000000001 0.155046875
0 0.0114921875 0.12369375 0.00042500000000000003 0.11704218749999999 0.0005390624999999999 0.1245359375 0.055200000000000006 0.15314531250000002 0.05703125 0.1516234375 0.058734375000000005 0.14843125 0.0114921875 0.12369375
0 0.051925 0.1518890625 0.00042500000000000003 0.1250234375 0 0.1322046875 0.0468171875 0.15614531250000002 0.051925 0.1518890625
0 0.0309234375 0.1509828125 0.0005453125 0.13529375 0.0003640625 0.14075 0.028740625 0.1564390625 0.0309234375 0.1509828125
0 0.1977375 0.175134375 0.3040078125 0.1586140625 0.3013640625 0.1539859375 0.196415625 0.1691875 0.19663906250000002 0.1724671875 0.1977375 0.175134375
0 0.42676406250000004 0.287221875 0.3011453125 0.288428125 0.30186875 0.292946875 0.3879453125 0.292946875 0.44677656250000003 0.2920453125 0.519590625 0.2890296875 0.5188671874999999 0.2842078125 0.42676406250000004 0.287221875
0 0.272671875 0.2887984375 0.17683437500000002 0.2862234375 0.17683437500000002 0.2926640625 0.2726953125 0.2938515625 0.272671875 0.2887984375
0 0.14509531250000002 0.22439218749999998 0.11933281250000001 0.200690625 0.11644687499999999 0.2048125 0.142415625 0.2295453125 0.14509531250000002 0.22439218749999998
0 0.7508953125 0.1703703125 0.7201984375 0.197575 0.721115625 0.20387343750000003 0.7593703125 0.17094375 0.7508953125 0.1703703125
0 0.6982078125 0.21675781249999998 0.6785078125 0.23279375 0.6798828125 0.2385203125 0.7032484375 0.21990781250000002 0.6982078125 0.21675781249999998
0 0.66499375 0.24367343749999998 0.637046875 0.262 0.6384203125 0.2680140625 0.6677421875 0.2485421875 0.66499375 0.24367343749999998
0 0.65239375 0.346184375 0.6371875 0.3423828125 0.637046875 0.34790156250000004 0.6533109375 0.35162343749999997 0.6698031249999999 0.352196875 0.6702609374999999 0.34675625 0.65239375 0.346184375
0 0.649875 0.33444375000000004 0.6377328125 0.3318671875 0.637046875 0.336446875 0.6533109375 0.33959843749999996 0.6707203125000001 0.3404578125 0.67078125 0.3353515625 0.649875 0.33444375000000004
0 0.6652218750000001 0.2777484375 0.671865625 0.276603125 0.67125 0.2705078125 0.6581203125 0.27345312499999996 0.6466671875000001 0.275171875 0.63578125 0.2751953125 0.635671875 0.2803265625 0.6505609375 0.2797515625 0.6652218750000001 0.2777484375
0 0.69359375 0.262109375 0.6775 0.2673828125 0.67734375 0.273828125 0.69609375 0.2673828125 0.7059375 0.262890625 0.70578125 0.25625 0.69359375 0.262109375
0 0.7284375 0.251171875 0.7453125 0.2412109375 0.76328125 0.2279296875 0.7625 0.2216796875 0.74875 0.2302734375 0.7375 0.2375 0.72328125 0.24609375 0.7140625 0.2513671875 0.7140625 0.257421875 0.7284375 0.251171875
0 0.79203125 0.198046875 0.7715625 0.2138671875 0.7731250000000001 0.2193359375 0.798125 0.200390625 0.79203125 0.198046875
0 0.7490625 0.309765625 0.73140625 0.32109375 0.73234375 0.3259765625 0.75203125 0.3142578125 0.7490625 0.309765625
0 0.61421875 0.3162109375 0.62828125 0.2958984375 0.62734375 0.2873046875 0.61140625 0.3115234375 0.61171875 0.3193359375 0.61421875 0.3162109375
0 0.5951562499999999 0.3439453125 0.6059375 0.3294921875 0.6057812499999999 0.321875 0.599375 0.3306640625 0.5951562499999999 0.3365234375 0.59171875 0.3416015625 0.58796875 0.344140625 0.586875 0.344921875 0.58765625 0.3505859375 0.5951562499999999 0.3439453125
0 0.61125 0.338671875 0.6115625 0.3458984375 0.61828125 0.3396484375 0.6214062499999999 0.332421875 0.624375 0.32421875 0.62890625 0.3009765625 0.6265625 0.3017578125 0.62375 0.3021484375 0.62015625 0.3216796875 0.6171875 0.3298828125 0.61421875 0.3361328125 0.61125 0.338671875
0 0.5873437499999999 0.3654296875 0.5871875 0.37109375 0.5934375000000001 0.3685546875 0.6053124999999999 0.35625 0.605 0.3494140625 0.59984375 0.355078125 0.5873437499999999 0.3654296875
0 0.57280625 0.1092125 0.6245390625 0.09955625 0.6221984375 0.0928265625 0.5499343750000001 0.10615000000000001 0.5536109375 0.1133078125 0.57280625 0.1092125
0 0.6530140624999999 0.09969687499999999 0.5688046875 0.113271875 0.5714875 0.119221875 0.6583546874999999 0.105928125 0.6530140624999999 0.09969687499999999
0 0.300184375 0.1608453125 0.2224265625 0.17555156249999998 0.22279374999999998 0.182215625 0.302021875 0.16613125 0.300184375 0.1608453125