1 0.0091015625 0.174853125 0.0081125 0.18375625 0.0205765625 0.18301406250000002 0.0015625 0.4755859375 0.0015625 0.5107421875 0.0140625 0.5126953125 0.033634375 0.186725 0.0488703125 0.18721875 0.0488703125 0.17559375 0.0344265625 0.1723796875 0.041678124999999996 0.023232812499999998 0.032353124999999996 0.0216859375 0.030478125000000002 0.0281328125 0.0265625 0.0888671875 0.020378125 0.17509999999999998 0.0091015625 0.174853125
1 0.36798125000000004 0.26913125 0.3702640625 0.2828921875 0.369834375 0.295996875 0.35757343750000004 0.485521875 0.364609375 0.4852359375 0.3673671875 0.45470625 0.3815296875 0.2869609375 0.3932953125 0.28195312499999997 0.3963 0.2753828125 0.3973015625 0.2681859375 0.384534375 0.2622390625 0.38671875 0.201171875 0.3791109375 0.200940625 0.37316875 0.2566234375 0.36798125000000004 0.26913125
1 0.7273640625 0.2350015625 0.7234375 0.2880859375 0.7109375 0.4580078125 0.71171875 0.46875 0.725 0.4677734375 0.7375 0.2978515625 0.738315625 0.23671250000000002 0.7273640625 0.2350015625
0 0 0.1693515625 0.016309375 0.23214687500000003 0.020225 0.21936874999999997 0.0050015625 0.16690624999999998 0 0.1535859375 0 0.1693515625
0 0.843446875 0.30556875 0.7653171875 0.260978125 0.856796875 0.2938046875 0.8625 0.2900390625 0.740625 0.2451171875 0.7399296875 0.2494890625 0.7808234374999999 0.2779359375 0.8279078125 0.30474843749999997 0.8378421875000001 0.308853125 0.8410390624999999 0.309125 0.843446875 0.30556875
0 0.39918125 0.2724671875 0.5121078125 0.27711874999999997 0.5736046875 0.27356250000000004 0.6084640625 0.2684984375 0.6900328124999999 0.2566015625 0.6895953125000001 0.2505828125 0.6167953125000001 0.2623140625 0.5402984375 0.26913125 0.499853125 0.2697328125 0.40005781249999994 0.266175 0.39918125 0.2724671875
0 0.5060359375 0.30275625 0.47676093750000004 0.29580625 0.3981875 0.27078125000000003 0.398940625 0.27635156250000004 0.47512187499999997 0.3031078125 0.5768171875 0.3240640625 0.5778749999999999 0.32156250000000003 0.579040625 0.31896874999999997 0.5060359375 0.30275625
0 0.20309531249999999 0.29879687499999996 0.36171875 0.2734375 0.36953125 0.279296875 0.3734375 0.2646484375 0.19915624999999998 0.291103125 0.20309531249999999 0.29879687499999996
0 0.0004171875 0.1427703125 0.020775 0.163228125 0.02136875 0.154571875 0.0184 0.1518515625 0 0.133303125 0.0004171875 0.1427703125
0 0.7173796875 0.3108359375 0.6577921875 0.3399640625 0.66211875 0.3449578125 0.7207078124999999 0.3183265625 0.7173796875 0.3108359375
0 0.9832625 0.32466249999999997 0.8979953125 0.3005234375 0.897534375 0.30744531249999996 0.9801359375 0.3310953125 0.9832625 0.32466249999999997
0 0.76094375 0.3322796875 0.8283453125 0.35563125 0.8292203125000001 0.34933749999999997 0.8227781249999999 0.3466984375 0.7614046875 0.32420312500000004 0.76094375 0.3322796875
0 0.0361078125 0.0199625 0.032384375 0 0.0245 0.0003515625 0.031540625 0.02288125 0.0361078125 0.0199625
0 0.34390624999999997 0.2873046875 0.31656249999999997 0.3041015625 0.321875 0.307421875 0.35281250000000003 0.284765625 0.35281250000000003 0.2828125 0.3621875 0.2787109375 0.359375 0.2736328125 0.34296875 0.280078125 0.3296875 0.2865234375 0.309375 0.29921875 0.313125 0.3033203125 0.34328125 0.28515625 0.34390624999999997 0.2873046875