1 0.6531390625 0 0.647975 0.0236703125 0.6085890625 0.0189359375 0.607421875 0.0378421875 0.6071734375 0.0418671875 0.6513671875 0.0463875 0.65625 0.052490625 0.65625 0.12329062500000001 0.646725 0.11179687499999999 0.6207140625 0.099325 0.5743921875 0.098878125 0.5743921875 0.11090625000000001 0.6220703125 0.1098640625 0.65625 0.13549843749999999 0.658203125 0.4797359375 0.6602812499999999 0.5187406250000001 0.674421875 0.5181312499999999 0.673828125 0.474853125 0.66796875 0.0598140625 0.6696875 0.0474609375 0.7017187500000001 0.044140625 0.70109375 0.0578125 0.71421875 0.0578125 0.7138671875 0.0463875 0.71875 0.0378421875 0.7138671875 0.0317390625 0.67345 0.0298421875 0.6763 0 0.6531390625 0
1 0.591796875 0.21850624999999999 0.592728125 0.2081578125 0.5699828124999999 0.2078203125 0.5556640625 0.2099609375 0.5483203125 0.21086718750000003 0.5415515625 0.21018906249999997 0.5369484375 0.210528125 0.536678125 0.217296875 0.5429046875 0.2271125 0.560546875 0.22582968750000001 0.5625 0.25756875 0.5399265625 0.2599453125 0.5423640625 0.26772968750000004 0.5625 0.269775 0.564453125 0.4284671875 0.5703125 0.4309078125 0.57421875 0.4284671875 0.5703125 0.36743125 0.5703125 0.269775 0.5919156250000001 0.2657 0.5908203125 0.2587890625 0.5703125 0.25756875 0.5703125 0.22582968750000001 0.5748562500000001 0.2271125 0.5849609375 0.224609375 0.591796875 0.21850624999999999
1 0.5478515625 0.2783203125 0.5244140625 0.2783203125 0.525390625 0.28930625 0.5322265625 0.29052812499999997 0.537109375 0.29663125 0.537109375 0.3088375 0.525390625 0.3112796875 0.5283203125 0.31494218749999997 0.5361328125 0.31494218749999997 0.5390625 0.3210453125 0.5390625 0.423584375 0.5419921875 0.42724687499999997 0.544921875 0.426025 0.5450765625 0.31732499999999997 0.55841875 0.3159875 0.5582828125 0.3072640625 0.5458984375 0.3076171875 0.544921875 0.3039546875 0.546875 0.2941890625 0.5498046875 0.29052812499999997 0.5592078125 0.2893265625 0.5594390625 0.2786203125 0.5478515625 0.2783203125
1 0.53125 0.426025 0.533203125 0.4211421875 0.53125 0.3112796875 0.5263671875 0.31005937499999997 0.5234375 0.3137203125 0.525390625 0.3161625 0.525390625 0.3308109375 0.52734375 0.3332515625 0.52734375 0.423584375 0.5302734375 0.42724687499999997 0.53125 0.426025
0 0.7828125 0.26875 0.73125 0.2419921875 0.677078125 0.20941875 0.670765625 0.2107234375 0.6991640625 0.2291375 0.7244046875000001 0.2445171875 0.762896875 0.2654203125 0.803596875 0.286321875 0.85975625 0.31077499999999997 0.9036125 0.32615625000000004 0.903928125 0.320240625 0.870484375 0.30880312499999996 0.8263125 0.2898734375 0.7828125 0.26875
0 0.8316375 0.236309375 0.83135625 0.2314 0.7772234375 0.222634375 0.6717609375 0.20440156250000002 0.6717609375 0.2096625 0.7124312500000001 0.215971875 0.7876015625 0.2303484375 0.8316375 0.236309375
0 0.8367609375 0.0614375 0.8317249999999999 0.0644359375 0.886390625 0.0884125 0.9200953125 0.1027203125 0.92108125 0.09532968750000001 0.8825546875000001 0.0797203125 0.8367609375 0.0614375
0 0.797440625 0.10039843749999999 0.7926453125 0.1036953125 0.8485093750000001 0.140859375 0.8758421875 0.1573421875 0.8784375000000001 0.1513671875 0.8468312499999999 0.13216875 0.797440625 0.10039843749999999
0 0.8262109375 0.0749265625 0.8545031249999999 0.09740156250000001 0.8842421874999999 0.12081249999999999 0.91921875 0.1439453125 0.92453125 0.140234375 0.888821875 0.11652031249999999 0.868409375 0.1012984375 0.82765 0.0704296875 0.8262109375 0.0749265625
0 0.9207109375 0.123265625 0.885878125 0.11079687499999999 0.886859375 0.1152921875 0.9192390625 0.12715 0.9207109375 0.123265625
0 0.830275 0.0993484375 0.8481015624999999 0.10691250000000001 0.8786828124999999 0.11938125 0.8790093750000001 0.11611093750000001 0.834690625 0.09771250000000001 0.830275 0.0993484375
0 0.8359984375 0.0975078125 0.865109375 0.107934375 0.865109375 0.1040515625 0.8083609375 0.081359375 0.8065625000000001 0.085446875 0.8359984375 0.0975078125
0 0.88765625 0.12421875 0.83140625 0.100390625 0.82875 0.1029296875 0.8856249999999999 0.1283203125 0.88765625 0.12421875
0 0.8572984375000001 0 0.84078125 0.0202390625 0.8177203125 0.05090312500000001 0.8113421875 0.0598984375 0.8153328125 0.06277812499999999 0.8236109375 0.05013125 0.846178125 0.021875 0.864003125 0 0.8572984375000001 0
0 0.815625 0.0509765625 0.78991875 0.043134375 0.7879562499999999 0.047632812499999996 0.8137953124999999 0.05560468750000001 0.815625 0.0509765625
0 0.67578125 0 0.67921875 0.008984375 0.685625 0.01875 0.6912499999999999 0.024609375 0.69640625 0.0275390625 0.7009375 0.028125 0.7040625 0.0287109375 0.7121875 0.02890625 0.71265625 0.0283203125 0.71328125 0.024609375 0.7009375 0.02421875 0.6953125 0.0208984375 0.6900000000000001 0.0169921875 0.6865625 0.0125 0.68296875 0.0068359375 0.68015625 0 0.67578125 0
0 0.8059734375 0.20882968750000003 0.7839171875 0.20253593749999999 0.767071875 0.1984109375 0.7566531249999999 0.1955875 0.7526578125000001 0.1934171875 0.72765 0.18929218750000001 0.7250453125 0.19406874999999998 0.7490109375 0.19775937500000002 0.7623828125000001 0.20275156249999998 0.800415625 0.2123046875 0.8071890625 0.2149078125 0.8156984375 0.217296875 0.8391421875 0.2181640625 0.8387953125 0.21252187500000003 0.820734375 0.21208593750000002 0.8117046875 0.2107859375 0.8059734375 0.20882968750000003
0 0.73890625 0.1638671875 0.736525 0.16823593750000002 0.7335734375 0.1727953125 0.7307812499999999 0.1767578125 0.72609375 0.1849609375 0.72390625 0.1875 0.72263125 0.1890765625 0.7212421875 0.1908125 0.71875 0.1935546875 0.7150000000000001 0.197265625 0.7128125 0.199609375 0.70984375 0.2015625 0.7047453124999999 0.20231875000000002 0.70318125 0.20231875000000002 0.6990140625000001 0.20253593749999999 0.69831875 0.20253593749999999 0.69831875 0.20644374999999998 0.7108234375 0.2060078125 0.7142953125 0.2040546875 0.7210687499999999 0.1971078125 0.7281890625 0.189728125 0.73171875 0.185546875 0.735309375 0.179525 0.7413875 0.16823593750000002 0.74381875 0.1628109375 0.74109375 0.1630859375 0.73890625 0.1638671875
0 0.8143062499999999 0 0.7886968750000001 0.030326562499999998 0.7607765625 0.0652265625 0.710328125 0.12081875 0.66854375 0.16510625 0.6696984375 0.1713625 0.6818296875 0.158846875 0.7139859375000001 0.126115625 0.764434375 0.0697921875 0.7804171875 0.0505375 0.769634375 0.0688296875 0.7731 0.0712359375 0.7792625 0.0579984375 0.7757953125 0.0724390625 0.7808015625 0.073884375 0.7885046874999999 0.0406671875 0.8212375 0 0.8143062499999999 0
0 0.766190625 0.0767421875 0.76515625 0.0763671875 0.75763125 0.0890875 0.75296875 0.0955078125 0.7449578125 0.10801562499999999 0.73804375 0.1176859375 0.7278390625 0.1302359375 0.7234375 0.1359375 0.7163171875 0.14422656250000002 0.7015046875000001 0.1578046875 0.6962375 0.16274375000000002 0.6888296875 0.1660359375 0.6802718750000001 0.17035625000000001 0.678125 0.1716796875 0.679778125 0.17529375 0.6888296875 0.1722078125 0.693603125 0.16953281250000002 0.7021625 0.16377187499999998 0.7177984375 0.1487515625 0.7288265625 0.1364078125 0.7403484375 0.1224171875 0.751046875 0.10719375 0.766190625 0.08394375 0.769153125 0.0771546875 0.766190625 0.0767421875
0 0.8256249999999999 0.06015625 0.81734375 0.064453125 0.8150000000000001 0.06171875 0.809375 0.06015625 0.8065625000000001 0.062109375 0.8 0.0689453125 0.7970312500000001 0.076953125 0.795625 0.079296875 0.7934375 0.0857421875 0.7982812499999999 0.0939453125 0.80171875 0.0892578125 0.81484375 0.073828125 0.84375 0.05546875 0.8521875 0.05 0.8964062500000001 0.013671875 0.9106249999999999 0.0001953125 0.8978125 0 0.8846875000000001 0.0123046875 0.86234375 0.0306640625 0.8387499999999999 0.0517578125 0.8256249999999999 0.06015625
0 0.760625 0.064453125 0.7279687499999999 0.051171875 0.7140625 0.0458984375 0.714375 0.0513671875 0.72110625 0.0556265625 0.72609375 0.059375 0.74890625 0.0763671875 0.7528125 0.0716796875 0.72859375 0.0564453125 0.7485937500000001 0.06640625 0.75578125 0.06953125 0.760625 0.064453125
0 0.79375 0.08844375 0.7915625000000001 0.086490625 0.7904687499999999 0.0862953125 0.77 0.1066078125 0.775625 0.0861 0.7698437499999999 0.0855140625 0.7634375 0.11031875 0.7381249999999999 0.1316078125 0.6995312499999999 0.1669015625 0.66953125 0.1946359375 0.6704687500000001 0.2013671875 0.70265625 0.1712890625 0.74 0.1380859375 0.7579687500000001 0.122428125 0.753125 0.1345375 0.75234375 0.1364328125 0.7578125 0.13688125 0.7625 0.125553125 0.764375 0.117740625 0.7675 0.1140296875 0.79375 0.08844375
0 0.79609375 0.0802734375 0.76671875 0.067578125 0.7621875 0.0732421875 0.79203125 0.0859375 0.79609375 0.0802734375
0 0.77140625 0.11875 0.75484375 0.1400390625 0.7490625 0.1447265625 0.7457812500000001 0.14765625 0.7420312499999999 0.1548828125 0.7318749999999999 0.1640625 0.71796875 0.1767578125 0.70859375 0.1845703125 0.7 0.1896484375 0.696875 0.1912109375 0.6940625 0.192578125 0.6876562500000001 0.1958984375 0.6840625 0.1970703125 0.6821875000000001 0.1974609375 0.6832812500000001 0.2021484375 0.6939062500000001 0.199609375 0.70546875 0.19375 0.72359375 0.1794921875 0.73671875 0.16640625 0.75046875 0.1525390625 0.7690625 0.1314453125 0.7932812499999999 0.099609375 0.78849375 0.09626875 0.7834375 0.103515625 0.77140625 0.11875
0 0.6221875 0.2568359375 0.6546875 0.216015625 0.65140625 0.2123046875 0.62796875 0.2400390625 0.5979687499999999 0.2796875 0.57578125 0.3083984375 0.576875 0.3138671875 0.59078125 0.2955078125 0.6221875 0.2568359375
0 0.6264062499999999 0.2341796875 0.654375 0.1904296875 0.6540625 0.1804140625 0.6396875 0.20502343750000002 0.5974999999999999 0.27106093750000004 0.5740624999999999 0.30328750000000004 0.57625 0.3080078125 0.6012500000000001 0.2734375 0.6264062499999999 0.2341796875
0 0.6515625 0.1765625 0.5925 0.215234375 0.5921875 0.22109375 0.6534375 0.1818359375 0.6515625 0.1765625
0 0 0.028065625 0.06605 0.0158046875 0.1292671875 0.00326875 0.12207343749999999 0 0.06430625 0.0114453125 0 0.023978125 0 0.028065625
0 0.00021875000000000003 0.019073437500000002 0.07367968750000001 0.007903125 0.11248125 0.0013640625 0.0898109375 0 0 0.014715625 0.00021875000000000003 0.019073437500000002
0 0.52814375 0.257196875 0.5617796875 0.23872187500000003 0.5606640625 0.23260625 0.5287453125 0.2501703125 0.47176875 0.275409375 0.4418265625 0.2878078125 0.37538125 0.3103921875 0.37658593749999997 0.3154109375 0.4309859375 0.29809687500000004 0.476553125 0.28128593749999997 0.52814375 0.257196875
0 0.2936671875 0.27424218749999996 0.33712343749999996 0.2784609375 0.34049843750000003 0.2726578125 0.2727 0.265196875 0.22110781249999997 0.25708125000000004 0.203209375 0.25225624999999996 0.3107640625 0.24786718749999997 0.3894671875 0.24166249999999997 0.45401875 0.235753125 0.5038875 0.230140625 0.5395749999999999 0.22541406249999998 0.5382921875 0.2199203125 0.356565625 0.23890625000000001 0.211428125 0.24681718749999998 0.12578125 0.2499828125 0.1268359375 0.25551875 0.1947296875 0.2568375 0.20063593750000003 0.258946875 0.2310125 0.26527500000000004 0.2936671875 0.27424218749999996
0 0.53498125 0.071659375 0.4338078125 0.10342031249999999 0.33476875 0.1306015625 0.246640625 0.15063125 0.1795796875 0.16350625000000002 0.0949828125 0.1806734375 0.095440625 0.18668125 0.1327515625 0.17924374999999998 0.2341546875 0.158928125 0.278440625 0.1491984375 0.356496875 0.1311734375 0.43085000000000007 0.11057187500000001 0.5201203125 0.0813890625 0.558346875 0.06851093750000001 0.47635468750000004 0.10370781250000001 0.39606093750000004 0.138821875 0.3728125 0.1486484375 0.2904609375 0.1822328125 0.1694015625 0.2280125 0.1261390625 0.2451796875 0.1265828125 0.2497875 0.1675546875 0.23405 0.30329375000000003 0.18369375 0.3810078125 0.152203125 0.42178125 0.13403437499999998 0.50945 0.09512343749999999 0.578015625 0.0639359375 0.6144109375 0.04905625 0.6128078125 0.043334375 0.597471875 0.0499140625 0.53498125 0.071659375
0 0.6152046875 0.04368125 0.5982890624999999 0.09821250000000001 0.6025171874999999 0.099046875 0.6198796875 0.04535 0.6152046875 0.04368125
0 0.16217187500000002 0.0609859375 0.0689453125 0.07181562500000001 0 0.07723125 0.0000921875 0.0823609375 0.10041562500000001 0.07405937500000001 0.1928546875 0.0634734375 0.3641703125 0.038825 0.465553125 0.021373437500000002 0.5519609375 0.003990624999999999 0.54876875 0 0.5152546874999999 0.006840625 0.3675171875 0.032203125 0.2690984375 0.0467390625 0.16217187500000002 0.0609859375
0 0 0.07238750000000001 0.052985937500000004 0.0658328125 0.1375703125 0.054146875000000004 0.31089687499999996 0.029068749999999997 0.4545640625 0.006840625 0.4869390625 0.0008546875000000001 0.46642031250000004 0 0.4285734375 0.0056984374999999995 0.291096875 0.0267890625 0.14923124999999998 0.0478765625 0 0.0681109375 0 0.07238750000000001
0 0 0.06868125 0.1245578125 0.0498734375 0.29188437500000003 0.025078125 0.45207968750000005 0.001590625 0.42648906249999996 0 0.31044218749999997 0.0171 0.157821875 0.0396125 0.039671875 0.05728124999999999 0 0.063553125 0 0.06868125
0 0.573890625 0.1568734375 0.5592015625 0.20325781250000002 0.5631609375 0.2071609375 0.585440625 0.1410015625 0.5941359375 0.111771875 0.5880640625 0.11048906249999998 0.573890625 0.1568734375
0 0.522253125 0.2766328125 0.42089375 0.3172359375 0.423046875 0.3221265625 0.5246015625 0.2820140625 0.522253125 0.2766328125