1 0.6213546875 0 0.6207453125 0.011803125000000001 0.6225734375 0.015990625 0.6630859375 0.017090625 0.669921875 0.025634374999999997 0.671875 0.0866703125 0.6220703125 0.087890625 0.621659375 0.0955640625 0.6716125 0.0993703125 0.670978125 0.1382609375 0.644 0.11658125 0.6271375 0.1128609375 0.5966796875 0.1123046875 0.5912015625 0.112728125 0.5873468749999999 0.1199546875 0.5882109375 0.12407656250000001 0.59231875 0.1270484375 0.5955640625 0.127859375 0.6195671875000001 0.1243453125 0.6245406250000001 0.12461718749999999 0.6455078125 0.126953125 0.671875 0.15014687499999999 0.673934375 0.531540625 0.685546875 0.53100625 0.6856234375 0.1020375 0.6917140625 0.1020375 0.735340625 0.10068593749999999 0.735340625 0.088159375 0.685546875 0.0866703125 0.685546875 0.030517187499999997 0.6923828125 0.017090625 0.7352703125 0.0171328125 0.735575 0 0.7255234374999999 0 0.7230875 0.0057109375 0.686840625 0.0064734375 0.6845703125 0 0.6213546875 0
1 0.5127390625 0.21372968750000002 0.5127390625 0.2273734375 0.5354234375 0.22978125 0.5355984375 0.2732140625 0.5112859375000001 0.27381875 0.512096875 0.2814078125 0.5360796875 0.28314531249999997 0.536321875 0.392371875 0.5430609375000001 0.392371875 0.5440234375 0.28314531249999997 0.5692999999999999 0.281640625 0.56880625 0.27365 0.545053125 0.27418593750000003 0.544625 0.229246875 0.5698765625 0.22844375 0.5694484375 0.21587031250000002 0.5493328125 0.21587031250000002 0.5127390625 0.21372968750000002
1 0.49540468750000005 0.3054828125 0.4951921875 0.3009359375 0.5101718749999999 0.302271875 0.511240625 0.29077031249999996 0.47293593749999996 0.2891640625 0.47272187499999996 0.301203125 0.4868453125 0.30200312500000004 0.487059375 0.3193921875 0.47420156249999995 0.31880312499999997 0.474025 0.3269375 0.4881296875 0.327415625 0.4881296875 0.3560390625 0.493265625 0.356575 0.49369375 0.32955625 0.49754531249999995 0.33009218749999997 0.49797343749999995 0.318590625 0.49626093750000005 0.3188578125 0.49626093750000005 0.313240625 0.50525 0.3129734375 0.5058906249999999 0.30575 0.49540468750000005 0.3054828125
0 0.86798125 0.1740015625 0.7911046875000001 0.0982515625 0.7882781249999999 0.10390625 0.8012828125 0.116984375 0.8182484375 0.133946875 0.8640296875000001 0.1792328125 0.86798125 0.1740015625
0 0.8331953125 0.2377390625 0.701696875 0.2077875 0.7015109374999999 0.21289687499999999 0.833121875 0.24290625000000002 0.8331953125 0.2377390625
0 0.7333203125 0.2759203125 0.7465484375 0.345209375 0.749975 0.3446515625 0.72776875 0.2177625 0.7238046875 0.2177625 0.7333203125 0.2759203125
0 0.764596875 0.13037812499999998 0.7815624999999999 0.134190625 0.7832328125 0.1256015625 0.771346875 0.1235109375 0.7760296875 0.1171875 0.7817093749999999 0.1134296875 0.7837671875 0.1069984375 0.7882953125000001 0.101340625 0.8338468750000001 0.0465078125 0.8693031250000001 0.0005468749999999999 0.8552953125 0 0.7937953125 0.0824484375 0.780075 0.100478125 0.7716921875 0.10176875 0.769065625 0.10395625 0.7708171875 0.11107031249999999 0.730109375 0.1663328125 0.7079609375 0.1928203125 0.68615 0.21458593750000002 0.6864671875 0.221253125 0.693525 0.2154484375 0.6994687500000001 0.21730624999999998 0.700396875 0.2094140625 0.7163703124999999 0.1952515625 0.7228703125 0.1945546875 0.727884375 0.1896796875 0.7297421875000001 0.179928125 0.7297421875000001 0.1780703125 0.735575 0.1723734375 0.764596875 0.13037812499999998
0 0.83548125 0 0.774975 0.084140625 0.7267812499999999 0.151859375 0.722559375 0.152959375 0.7208 0.15471718750000002 0.71956875 0.16109374999999998 0.6852703124999999 0.201328125 0.68615 0.20924375 0.7016281249999999 0.1903359375 0.7088390625 0.189796875 0.7141171875000001 0.18254062499999998 0.7142921875 0.17440625 0.7215046875 0.1750640625 0.7241421875 0.17286718750000002 0.7255499999999999 0.160115625 0.7774375 0.0926171875 0.8127906250000001 0.043971875 0.843571875 0 0.83548125 0
0 0.77638125 0.0823578125 0.732409375 0.032448437499999996 0.728890625 0.0368453125 0.7728640625 0.0858765625 0.77638125 0.0823578125
0 0.7327609374999999 0.042562499999999996 0.7118296875000001 0.087415625 0.71710625 0.0878546875 0.7371578125 0.046740625 0.7327609374999999 0.042562499999999996
0 0.7499984375000001 0 0.7359265625 0.0370671875 0.740325 0.0416828125 0.7552749999999999 0 0.7499984375000001 0
0 0.698990625 0.0804703125 0.687909375 0.0294609375 0.6838640625 0.031659375000000003 0.6863265625 0.04309375 0.695296875 0.08157031249999999 0.698990625 0.0804703125
0 0.6986375 0.1024578125 0.699165625 0.10553593750000001 0.69969375 0.10861406250000001 0.7120062500000001 0.16753437499999999 0.7172828124999999 0.162478125 0.7033875 0.1024578125 0.6986375 0.1024578125
0 0.6583265625 0.25125625 0.6731578125000001 0.23547500000000002 0.6691484375 0.23221875 0.655721875 0.24599687499999998 0.66935 0.2267078125 0.6733578125 0.22069531250000002 0.670753125 0.21568593749999998 0.64750625 0.24574687499999998 0.6204515625 0.27680781250000003 0.5927953125000001 0.3078703125 0.569146875 0.329915625 0.56953125 0.333984375 0.57055 0.335175 0.5739062500000001 0.332421875 0.5875843749999999 0.3201453125 0.6166437499999999 0.28933437500000003 0.621453125 0.28933437500000003 0.6252609375 0.28858125 0.6278125 0.2859375 0.6266640625 0.28181875 0.6250609375 0.280815625 0.636684375 0.2733 0.6583265625 0.25125625
0 0.6188703125 0.012817187499999999 0.5674734375 0.11755625 0.5552406249999999 0.14065468750000001 0.514634375 0.2136 0.5204515625 0.21480312499999998 0.560553125 0.1443421875 0.57756875 0.1132484375 0.623334375 0.0175171875 0.6188703125 0.012817187499999999
0 0.5862640625 0.1243453125 0.533065625 0.213009375 0.5389046875 0.21652343749999997 0.5918875 0.12813125 0.5862640625 0.1243453125
0 0.64696875 0.018140625 0.598084375 0.1085296875 0.60234375 0.1119140625 0.6527265625 0.0197171875 0.64696875 0.018140625
0 0.6482812499999999 0.1208984375 0.6675 0.1125 0.670625 0.1111328125 0.6665625000000001 0.106640625 0.64515625 0.1154296875 0.6482812499999999 0.1208984375