1 0.23381875000000002 0.06599843749999999 0.22734375 0.064453125 0.22265625 0.076171875 0.21015625 0.080078125 0.1880125 0.0809453125 0.1830453125 0.0731265625 0.17458281250000002 0.0731265625 0.176421875 0.0931328125 0.2125 0.0947265625 0.21793749999999998 0.5210859375 0.230290625 0.5206890625 0.230925 0.45298125 0.22535781250000003 0.0901421875 0.25847031249999997 0.0864625 0.259021875 0.08232500000000001 0.2586546875 0.0781859375 0.25791875000000003 0.0673765625 0.24945625 0.0676078125 0.247984375 0.077725 0.23768281249999998 0.0779546875 0.23381875000000002 0.06599843749999999
1 0.32390625 0.25234375 0.32546875000000003 0.240234375 0.27140624999999996 0.23828125 0.27218749999999997 0.25234375 0.29390625 0.2544921875 0.29421875000000003 0.290234375 0.3 0.2919921875 0.301875 0.2541015625 0.32390625 0.25234375
1 0.36578125 0.3236328125 0.37796875 0.3208984375 0.378125 0.3142578125 0.3629296875 0.314496875 0.3492734375 0.3150765625 0.34781249999999997 0.320703125 0.35734374999999996 0.3216796875 0.3600203125 0.4108109375 0.3658078125 0.40966874999999997 0.36578125 0.3236328125
1 0.3903125 0.3576171875 0.39109375 0.3490234375 0.36546875 0.349609375 0.36640625 0.358984375 0.37546875 0.359375 0.3759375 0.4072265625 0.3821875 0.4068359375 0.38171875 0.35859375 0.3903125 0.3576171875
0 0.13203125 0 0.171875 0.0736328125 0.17546875 0.073046875 0.17890625 0.070703125 0.13890625 0 0.13203125 0
0 0.21484375 0 0.24859375 0.0669921875 0.2560859375 0.0645703125 0.22178124999999999 0 0.21484375 0
0 0.1847734375 0 0.2253453125 0.06899531249999999 0.22953125000000002 0.06328125 0.19328125000000002 0 0.1847734375 0
0 0.31706249999999997 0.24221718750000001 0.3201203125 0.2405125 0.3228515625 0.2387671875 0.3007578125 0.19318437500000002 0.28041875 0.13545625 0.263246875 0.08481562499999999 0.2576125 0.0864625 0.262203125 0.1027375 0.29574375 0.1990546875 0.31706249999999997 0.24221718750000001
0 0.2828125 0.238671875 0.29002500000000003 0.23733437500000001 0.26631875 0.1756 0.238859375 0.0901875 0.23300937500000002 0.0922234375 0.254503125 0.1609765625 0.27578125 0.2203125 0.2828125 0.238671875
0 0.212675 0.1337546875 0.192440625 0.093725 0.185478125 0.09585468750000001 0.21218750000000003 0.1471796875 0.212675 0.1337546875
0 0.2129109375 0.23781249999999998 0.1939515625 0.22450625 0.18515625 0.2173828125 0.17390624999999998 0.2076171875 0.15602968749999999 0.1916578125 0.1353125 0.1697265625 0.12421875 0.156640625 0.10411718750000001 0.13275625 0.10180937500000001 0.1421765625 0.1222328125 0.1665 0.13890625 0.18515625 0.1524234375 0.199578125 0.160625 0.2080078125 0.175625 0.22109375 0.1940625 0.23515625 0.2085453125 0.2448671875 0.2129109375 0.23781249999999998
0 0.10283125 0.16050625000000002 0.0964375 0.16428125 0.1465203125 0.21289843749999998 0.1888578125 0.2563359375 0.19200625 0.24945 0.15738125 0.21443125 0.10283125 0.16050625000000002
0 0.0322640625 0.10773437500000001 0.0786875 0.1591109375 0.098821875 0.1804953125 0.14575156250000001 0.2298515625 0.1518421875 0.22731249999999997 0.1234140625 0.1960078125 0.05 0.116796875 0.000225 0.059789062500000004 0 0.0684671875 0.0322640625 0.10773437500000001
0 0 0.1036234375 0.0331078125 0.1504625 0.06108281250000001 0.1870359375 0.08033281249999999 0.21077812499999998 0.093934375 0.22617500000000001 0.10163437500000001 0.22585625 0.0605703125 0.17548593750000002 0.026178125000000003 0.1286484375 0 0.091015625 0 0.1036234375
0 0.075009375 0.2298359375 0.08109374999999999 0.2251953125 0.060312500000000005 0.2046875 0.0002703125 0.146228125 0 0.1570609375 0.055625 0.2126953125 0.075009375 0.2298359375
0 0.2823015625 0.35712968749999996 0.2315671875 0.299378125 0.22890625 0.307421875 0.2672796875 0.350396875 0.27805 0.36067187500000003 0.2823015625 0.35712968749999996
0 0.109578125 0.25710625 0.0679578125 0.2405203125 0.0661484375 0.2468 0.10877343749999999 0.2633890625 0.109578125 0.25710625
0 0.084846875 0.2362453125 0.1065625 0.25459375 0.1113875 0.25182812499999996 0.088265625 0.2317234375 0.084846875 0.2362453125