1 0.0881328125 0.1658046875 0.0952546875 0.165528125 0.0952546875 0.154678125 0.0970359375 0.15495468750000002 0.09970625 0.15384375 0.09948281249999999 0.14188125000000001 0.0729984375 0.14188125000000001 0.0729984375 0.135759375 0.08368125 0.13409218750000002 0.08523906249999999 0.130196875 0.0872421875 0.1268578125 0.09169374999999999 0.1260234375 0.092584375 0.12351875000000001 0.092584375 0.1179546875 0.07923125 0.1165640625 0.0716640625 0.1165640625 0.0647640625 0.1143390625 0.06320624999999999 0.1054375 0.0565296875 0.10654843750000001 0.0558625 0.12073750000000001 0.0574203125 0.1229625 0.061871875 0.1251890625 0.062315625 0.1293609375 0.06209375 0.14633281250000002 0.0365 0.14744531249999998 0.0365 0.15412187500000002 0.045625 0.1544 0.046068750000000006 0.16441406249999999 0.054081250000000004 0.16357968750000002 0.053859375 0.1555125 0.06209375 0.1555125 0.0627609375 0.1850015625 0.072109375 0.1855578125 0.0718859375 0.1530078125 0.07744999999999999 0.1521734375 0.0776734375 0.1663609375 0.07811718749999999 0.16664062500000001 0.08435000000000001 0.16664062500000001 0.08501718750000001 0.15273125 0.08835625 0.1530078125 0.0881328125 0.1658046875
1 0.23799687500000002 0.238253125 0.2398734375 0.2354828125 0.240384375 0.22738437500000003 0.23729062500000003 0.2222 0.22774843749999998 0.22349531250000002 0.22340703906249998 0.2239368578125 0.2065921875 0.2266078125 0.19829531250000001 0.23127499999999998 0.18916875 0.2400890625 0.1827375 0.24890625000000002 0.1796265625 0.159975 0.21343593749999998 0.158678125 0.21364375 0.14415781249999998 0.21177656250000002 0.14415781249999998 0.21053281250000003 0.1438984375 0.210378125 0.137240625 0.20161406249999997 0.1381953125 0.20078437500000001 0.14545468749999999 0.18730156250000002 0.14649218749999998 0.18709375 0.14234375 0.179834375 0.1426015625 0.1796265625 0.149603125 0.1769296875 0.14856562499999998 0.176515625 0.0928203125 0.1985015625 0.090746875 0.19828125000000002 0.10218750000000001 0.20804375 0.1016359375 0.20786567968749997 0.07929625312500001 0.17431047187499998 0.0815921359375 0.174234375 0.074153125 0.20908125000000002 0.0705234375 0.20783593749999998 0.051856250000000007 0.2005765625 0.052373437499999995 0.19829531250000001 0.0583375 0.1494046875 0.0581171875 0.149665625 0.0659515625 0.138765625 0.0668921875 0.1373125 0.060929687499999996 0.1292234375 0.0619671875 0.1292234375 0.0684484375 0.1259046875 0.06870937499999999 0.1263203125 0.0811546875 0.16303281249999999 0.0790796875 0.1624109375 0.0855609375 0.125490625 0.08789375 0.1265265625 0.0977484375 0.1312984375 0.09878437500000001 0.1317125 0.1122671875 0.1398015625 0.1122671875 0.140425 0.0977484375 0.157640625 0.09800624999999999 0.15888437500000002 0.1288609375 0.16531562500000002 0.129378125 0.166559375 0.1529734375 0.16125 0.15203125 0.16109374999999998 0.145625 0.15535937500000002 0.14545468749999999 0.1551578125 0.15399218750000002 0.1392921875 0.15544843749999998 0.13859375000000002 0.14921875 0.13140625 0.14921875 0.13019375 0.164490625 0.134159375 0.1659484375 0.13439218749999998 0.1709078125 0.141625 0.170615625 0.14232499999999998 0.1656578125 0.15562499999999999 0.16419999999999998 0.1558578125 0.168575 0.164025 0.167990625 0.164025 0.1639078125 0.167990625 0.16419999999999998 0.17485625 0.308759375 0.1827375 0.30720468749999996 0.183775 0.2579796875 0.194353125 0.2447578125 0.204103125 0.2374984375 0.20970312500000002 0.2349046875 0.22422187500000001 0.23568125 0.225675 0.23853437500000002 0.2323125 0.23853437500000002 0.23799687500000002 0.238253125
0 0.2582859375 0.1080453125 0.1761109375 0.11209374999999999 0.17578125 0.1201171875 0.25906250000000003 0.11453125 0.2582859375 0.1080453125
0 0.1994671875 0.09461875 0.1766234375 0.095471875 0.1766234375 0.1005859375 0.19895625 0.10037343750000001 0.1994671875 0.09461875
0 0.2553875 0.09014531249999999 0.20828125000000003 0.09375 0.20884375 0.09952187500000001 0.2552171875 0.0956859375 0.2553875 0.09014531249999999
0 0.17660625000000002 0.1211875 0.182309375 0.1414234375 0.1883796875 0.1407328125 0.182125 0.12026718750000001 0.17660625000000002 0.1211875
0 0.24828125 0.1759375 0.18937500000000002 0.18062499999999998 0.20171875 0.16734374999999999 0.20828125000000003 0.16 0.20265624999999998 0.15859375 0.18062499999999998 0.18125 0.18062499999999998 0.187109375 0.24874999999999997 0.1814453125 0.24828125 0.1759375
0 0.1940625 0.1865234375 0.2053125 0.2259765625 0.21140625000000002 0.2244140625 0.1990625 0.1853515625 0.1940625 0.1865234375
0 0.21781250000000002 0.266796875 0.2228125 0.2650390625 0.2165625 0.2478515625 0.2140625 0.2357421875 0.2084375 0.2369140625 0.21171875 0.2529296875 0.21781250000000002 0.266796875
0 0.1846875 0.2162109375 0.18296874999999999 0.22265625 0.19265625 0.2298828125 0.19859374999999999 0.2318359375 0.2015625 0.2267578125 0.19484375 0.22421875 0.1846875 0.2162109375
0 0.20484375 0.25390625 0.19875 0.2419921875 0.19421875 0.2453125 0.19734374999999998 0.2525390625 0.205 0.265234375 0.210625 0.2623046875 0.20484375 0.25390625
0 0.25859375 0.23984375 0.21671875 0.2455078125 0.21812499999999999 0.251171875 0.259375 0.2458984375 0.25859375 0.23984375
0 0.13015625 0.26875 0.141875 0.258984375 0.155 0.2412109375 0.16481718750000002 0.2261609375 0.17046875 0.2244140625 0.17015625 0.2111328125 0.15640625 0.21328125 0.1328125 0.2126953125 0.11156250000000001 0.2115234375 0.11109374999999999 0.21875 0.16218749999999998 0.2205078125 0.15734375 0.22734375 0.14578125 0.2419921875 0.135 0.2568359375 0.1253125 0.2658203125 0.13015625 0.26875
0 0.115625 0.18984375 0.10640625 0.1986328125 0.1084375 0.2048828125 0.1209375 0.1939453125 0.12765625 0.1865234375 0.13921875 0.17265625 0.13328125 0.1701171875 0.115625 0.18984375
0 0.11296874999999999 0.2099609375 0.1221875 0.204296875 0.1390625 0.1916015625 0.14953125 0.1828125 0.16 0.16953125 0.155 0.1677734375 0.14421875 0.1787109375 0.13703125 0.184765625 0.12359374999999999 0.1947265625 0.10968750000000001 0.2044921875 0.11296874999999999 0.2099609375
0 0.15734375 0.19375 0.16703125000000002 0.1833984375 0.1640625 0.1771484375 0.1534375 0.1873046875 0.14328125 0.1955078125 0.12375 0.208984375 0.1284375 0.21328125 0.14375 0.20390625 0.15734375 0.19375
0 0.166875 0.1921875 0.13828125 0.2095703125 0.14390624999999999 0.2134765625 0.1696875 0.2001953125 0.166875 0.1921875
0 0.11140625 0.0759765625 0.12578125 0.076953125 0.12562500000000001 0.07109375 0.1109375 0.0681640625 0.09453125 0.06171875 0.06796875 0.04765625 0.049375 0.0373046875 0.007656250000000001 0 0.00078125 0.00078125 0.0265625 0.0259765625 0.04328125 0.0451171875 0.0415625 0.046484375 0.00046875 0.0015625 0 0.008984375 0.052968749999999995 0.0677734375 0.09375 0.1056640625 0.10578125000000001 0.1009765625 0.0503125 0.0466796875 0.05140625 0.0451171875 0.06 0.050390625 0.07468749999999999 0.059765625 0.0878125 0.0669921875 0.09765625 0.071875 0.11140625 0.0759765625
0 0.0200359375 0.091303125 0.047328125 0.1108265625 0.0354953125 0.1193046875 0.03849375 0.1250234375 0.0440140625 0.1204875 0.050640624999999995 0.11674218750000001 0.056320312500000004 0.11595312499999999 0.056478125000000004 0.108853125 0.051587499999999994 0.1060921875 0.0241375 0.0871625 0.0200359375 0.091303125
0 0.1314125 0.1011625 0.11879218750000001 0.10234531250000001 0.12746875 0.0948515625 0.12415625 0.08735937499999999 0.11169375 0.1019515625 0.10522499999999999 0.10333125000000001 0.06310312500000001 0.10589375000000001 0.06468125 0.1120078125 0.0915 0.110234375 0.10064999999999999 0.11043125000000001 0.0916578125 0.11812031249999999 0.0926046875 0.12522031250000001 0.1056984375 0.11358593749999998 0.11185 0.110234375 0.1318859375 0.10865625000000001 0.1314125 0.1011625
0 0.1396660609375 0.1256035609375 0.13654106093750001 0.1256035609375 0.12622856093749998 0.1203301234375 0.13263481093750001 0.1131035609375 0.1290410609375 0.1101738734375 0.1213848109375 0.1164238734375 0.11075981093750001 0.1111504359375 0.10515624999999999 0.11359375000000001 0.1152910609375 0.1222832484375 0.09716606093749999 0.1390801234375 0.099505796875 0.1444610953125 0.11994002343750002 0.12704758124999999 0.12438224687499999 0.13024598125 0.12100615781249999 0.1327336265625 0.0991504203125 0.14783718437499999 0.10092730937500001 0.1510355859375 0.11185356093750001 0.1474785609375 0.1288244703125 0.15423398593749998 0.1302910609375 0.14923637343750001 0.1190410609375 0.1441582484375 0.1332598109375 0.1341973109375 0.15513481093749998 0.1466973109375 0.1581035609375 0.1408379359375 0.1420098109375 0.1299004359375 0.1591973109375 0.1187676234375 0.15622856093749998 0.11368949843750001 0.1396660609375 0.1256035609375
0 0.09328125000000001 0.1345703125 0.09203125 0.14140625 0.09468750000000001 0.14140625 0.096875 0.14140625 0.09875 0.1333984375 0.0996875 0.13125 0.1015625 0.12890625 0.10968750000000001 0.11781250000000001 0.10578125000000001 0.11390625000000001 0.095625 0.128125 0.09328125000000001 0.1345703125
0 0.3737578125 0.31236875 0.24614843749999998 0.3296265625 0.24673906250000002 0.34170625 0.3753359375 0.32222968750000003 0.3737578125 0.31236875
0 0.4248421875 0.32124375 0.2986125 0.3377640625 0.23648281249999997 0.34713125 0.23648281249999997 0.35699375 0.283228125 0.3508296875 0.283228125 0.35255468749999996 0.242203125 0.3567453125 0.24200624999999998 0.3619234375 0.2980203125 0.3555140625 0.366065625 0.345653125 0.4264203125 0.33554531249999997 0.4252359375 0.3298734375 0.37573124999999996 0.335790625 0.2944703125 0.3463921875 0.29368125 0.34466562500000003 0.37296874999999996 0.335296875 0.4254328125 0.32765468750000004 0.4248421875 0.32124375