1 0.11151718749999999 0 0.109375 0.0744625 0.060559375000000006 0.07846875 0.0610515625 0.089546875 0.10019375 0.089853125 0.109375 0.09399375 0.1093015625 0.5218921875 0.1171875 0.521240625 0.12382656249999999 0.521278125 0.12109375 0.18676718750000001 0.1455078125 0.166015625 0.2028484375 0.1597078125 0.20309531249999999 0.147090625 0.1611328125 0.1513671875 0.14401250000000002 0.15570781250000001 0.12109375 0.17211875000000001 0.12109375 0.0891109375 0.17256875 0.07970000000000001 0.1730625 0.06985156249999999 0.1220703125 0.0732421875 0.12013437499999999 0 0.11151718749999999 0
1 0.2802734375 0.21484375 0.2958984375 0.21240312499999997 0.2958984375 0.20263749999999997 0.2446734375 0.20407812500000003 0.2451171875 0.21484375 0.267578125 0.22338906249999999 0.2666015625 0.2294921875 0.244140625 0.23559531250000001 0.2470703125 0.24169999999999997 0.2666015625 0.24169999999999997 0.267578125 0.25756875 0.2470703125 0.2587890625 0.24609375 0.2648921875 0.267578125 0.267334375 0.26953125 0.3161625 0.27734375 0.3210453125 0.27734375 0.267334375 0.298828125 0.2624515625 0.2978515625 0.25634843749999997 0.2783203125 0.2587890625 0.27734375 0.24292031249999999 0.2993859375 0.239640625 0.298828125 0.23071250000000001 0.2783203125 0.2294921875 0.275390625 0.22338906249999999 0.2802734375 0.21484375
1 0.3046875 0.286865625 0.3008265625 0.2904875 0.2867953125 0.291103125 0.287109375 0.299071875 0.3046875 0.3039546875 0.3046875 0.3332515625 0.310546875 0.33569375 0.310546875 0.306396875 0.326171875 0.29663125 0.3251953125 0.29052812499999997 0.3115234375 0.29052812499999997 0.310546875 0.2819828125 0.3264296875 0.2775625 0.326675 0.2704859375 0.28728750000000003 0.27233125 0.2880859375 0.28076249999999997 0.3046875 0.286865625
1 0.314453125 0.318603125 0.314453125 0.3210453125 0.3173828125 0.32470781249999997 0.3251953125 0.32470781249999997 0.328125 0.32836875 0.328125 0.3430171875 0.3330078125 0.34912187499999997 0.3359375 0.3479 0.337890625 0.345459375 0.337890625 0.3210453125 0.3388671875 0.31982499999999997 0.3466796875 0.31982499999999997 0.349609375 0.3161625 0.3447265625 0.3125 0.3291015625 0.3125 0.31890625 0.3134765625 0.315 0.3142578125 0.314453125 0.318603125
0 0.10713593749999999 0.2642609375 0.0649015625 0.2639625 0.0646640625 0.270821875 0.107375 0.270821875 0.10713593749999999 0.2642609375
0 0.067765625 0.2556109375 0.10785156250000001 0.23473281250000003 0.10260312499999999 0.23115468749999998 0.0653796875 0.2487515625 0.066334375 0.2541203125 0.067765625 0.2556109375
0 0.0339390625 0.12011562499999999 0.007424999999999999 0.0943953125 0.004242187499999999 0.0981078125 0.0324546875 0.1262125 0.0339390625 0.12011562499999999
0 0.036696875000000004 0.10447031250000001 0.021212500000000002 0.0896234375 0.01739375 0.0930703125 0.034576562500000005 0.10924375 0.036696875000000004 0.10447031250000001
0 0.080971875 0.19949531250000002 0.0486171875 0.20285000000000003 0.048784375000000005 0.20767031249999998 0.0818109375 0.20410781249999999 0.080971875 0.19949531250000002
0 0.074434375 0.19530625 0.0456 0.174140625 0.0432515625 0.179378125 0.070075 0.19949531250000002 0.074434375 0.19530625
0 0.07560781250000001 0.181265625 0.05683125 0.166178125 0.05398125 0.169740625 0.07594375 0.18818125000000002 0.07560781250000001 0.181265625
0 0.10859375 0.1353515625 0.09890625 0.1265625 0.0965625 0.1328125 0.10796874999999999 0.143359375 0.10859375 0.1353515625
0 0.057343750000000006 0.093359375 0.081875 0.1162109375 0.083125 0.11484375 0.08390625 0.110546875 0.06421875 0.0908203125 0.057343750000000006 0.093359375
0 0.1084375 0.189453125 0.08890624999999999 0.172265625 0.08375 0.1744140625 0.10546875 0.1935546875 0.1084375 0.189453125
0 0.41676562500000003 0.33690312499999997 0.35514687500000003 0.31009375 0.33065937500000003 0.296490625 0.3279390625 0.3010921875 0.343303125 0.3098953125 0.353125 0.315234375 0.39675937499999997 0.3347015625 0.4140453125 0.341703125 0.41676562500000003 0.33690312499999997
0 0.35859375 0.265234375 0.27890625 0.2658203125 0.27921874999999996 0.2703125 0.35921875000000003 0.2705078125 0.35859375 0.265234375
0 0.2513109375 0.2657921875 0.1225640625 0.2642484375 0.12291875000000001 0.2706484375 0.2520171875 0.2702078125 0.2513109375 0.2657921875
0 0.141815625 0.2114859375 0.24407031250000003 0.21192812499999997 0.24371718750000002 0.20618750000000002 0.1400484375 0.20508437499999999 0.13951875 0.21170781249999998 0.141815625 0.2114859375
0 0.1358515625 0.22226718750000002 0.18075312500000001 0.2649265625 0.1900609375 0.2647234375 0.138790625 0.21675781249999998 0.1358515625 0.22226718750000002
0 0.15201562500000002 0.22471718749999997 0.1931625 0.2649265625 0.1985515625 0.2630890625 0.14630156249999998 0.21145156250000002 0.1412390625 0.214103125 0.15201562500000002 0.22471718749999997
0 0.14906250000000001 0.202734375 0.1353125 0.1751953125 0.13093749999999998 0.1787109375 0.1440625 0.2048828125 0.14906250000000001 0.202734375
0 0.17265625 0.2029296875 0.14171875 0.1720703125 0.14109375 0.1716796875 0.1371875 0.1751953125 0.16390625 0.2037109375 0.17265625 0.2029296875
0 0.18687499999999999 0.203125 0.1528125 0.166015625 0.14765625 0.1685546875 0.18031250000000001 0.2046875 0.18687499999999999 0.203125
0 0.17390624999999998 0.177734375 0.19593750000000001 0.2029296875 0.2015625 0.2013671875 0.17484375000000002 0.1669921875 0.17234375 0.1640625 0.16468750000000001 0.1654296875 0.17390624999999998 0.177734375
0 0.2053125 0.1884765625 0.18625 0.1611328125 0.17875000000000002 0.163671875 0.20359375000000002 0.197265625 0.2053125 0.1884765625
0 0.12515625 0.1025390625 0.12171875000000001 0.1072265625 0.1325 0.12109375 0.15531250000000002 0.1533203125 0.15625 0.15234375 0.159375 0.1484375 0.12515625 0.1025390625
0 0.16078125000000001 0.127734375 0.13625 0.091796875 0.13109375 0.09453125 0.1590625 0.134765625 0.16078125000000001 0.127734375
0 0.12203125 0.1328125 0.13796875 0.155859375 0.14296875 0.1521484375 0.12421875 0.1271484375 0.12203125 0.1328125
0 0.306109375 0.0904359375 0.2297265625 0.08719218749999999 0.22943750000000002 0.093315625 0.30582031249999997 0.09692031250000001 0.306109375 0.0904359375
0 0.3512515625 0.0938515625 0.3256 0.0931484375 0.325975 0.098765625 0.3512515625 0.099234375 0.3512515625 0.0938515625
0 0.4018046875 0.0938515625 0.36267187500000003 0.0936171875 0.3619234375 0.0997015625 0.402740625 0.0999359375 0.4018046875 0.0938515625
0 0.25239218750000003 0.1198296875 0.235915625 0.09268125 0.2316078125 0.09525625 0.24284218750000003 0.113978125 0.263625 0.1549359375 0.279353125 0.183021875 0.29264687500000003 0.20338281249999998 0.29695312500000004 0.20197812499999998 0.283284375 0.17974375 0.26980468750000003 0.15423437499999998 0.25239218750000003 0.1198296875
0 0.345821875 0.211809375 0.2984515625 0.2104046875 0.2962046875 0.21578750000000002 0.3461953125 0.216721875 0.345821875 0.211809375
0 0.2964078125 0.2161078125 0.3155453125 0.26313437500000003 0.32293906250000004 0.261775 0.30206093749999996 0.2152921875 0.2964078125 0.2161078125
0 0.245353125 0.24362656249999998 0.21091875 0.2125828125 0.2050046875 0.2169734375 0.242559375 0.24896875000000002 0.245353125 0.24362656249999998
0 0.246965625 0.23060624999999998 0.2271859375 0.21212031250000002 0.2209015625 0.21489375000000002 0.2438234375 0.23568906250000002 0.246965625 0.23060624999999998
0 0.3614859375 0.35694375 0.4041578125 0.364853125 0.40561718750000003 0.360390625 0.364375 0.3525390625 0.362946875 0.35430625 0.3614859375 0.35694375