1 1 0.20874062499999999 0.9755859375 0.2099609375 0.970703125 0.21362343749999999 0.97265625 0.23559531250000001 0.974609375 0.23803749999999999 0.974609375 0.2551265625 0.9775390625 0.2587890625 0.9853515625 0.2587890625 0.98828125 0.2648921875 0.989834375 0.2954828125 0.990234375 0.3112796875 0.990234375 0.32836875 0.99609375 0.32836875 0.99609375 0.25756875 1 0.2551265625 1 0.20874062499999999
1 0.368453125 0.388971875 0.3667515625 0.358896875 0.3611609375 0.359809375 0.360371875 0.251896875 0.35211562500000004 0.25140625 0.3536265625 0.36091875 0.34998125 0.361525 0.3516828125 0.392209375 0.35484218749999996 0.39190625 0.355571875 0.49864687500000004 0.3645640625 0.49834218750000003 0.3635921875 0.4211765625 0.3655359375 0.42056875 0.36505 0.3895828125 0.368453125 0.388971875
0 0.34748437499999996 0 0.2631109375 0.07309687499999999 0.140303125 0.18286093750000001 0.0596796875 0.24849375 0 0.29068125 0.00125 0.295303125 0.045310937499999995 0.2671796875 0.088121875 0.2367109375 0.1556203125 0.18593125 0.232971875 0.1185796875 0.31297031249999996 0.0474875 0.37060781249999997 0 0.34748437499999996 0
0 0 0.0575046875 0.015032812500000001 0.040471875000000004 0.032885937500000004 0.018771875 0.0460234375 0.0002890625 0.0385890625 0 0.027521875 0.0132984375 0.0117953125 0.0326671875 0 0.0477015625 0 0.054060937499999996 0 0.0575046875
0 0.1250984375 0.061304687499999996 0.041646875 0.009503125 0.0376546875 0.0142578125 0.07035156249999999 0.035881249999999996 0.1283125 0.0715234375 0.18153906250000001 0.10455 0.1853578125 0.0995609375 0.1250984375 0.061304687499999996
0 0.03896875 0.07318593749999999 0.0030421875 0.054414062500000006 0 0.059878125000000004 0.033646875 0.0779375 0.03896875 0.07318593749999999
0 0.1781171875 0.1487484375 0.1823 0.1435203125 0.134965625 0.120234375 0.1978875 0.129025 0.1992171875 0.1223734375 0.00019062499999999998 0.0883921875 0 0.094809375 0.11215468749999999 0.11524375 0.1781171875 0.1487484375
0 0 0.0815015625 0.12165937499999999 0.1040765625 0.2126453125 0.11999531249999999 0.221009375 0.11096718750000001 0.1082828125 0.09195624999999999 0 0.0712859375 0 0.08102812499999999 0 0.0815015625
0 0.402709375 0.25796874999999997 0.40404062500000004 0.2532171875 0.3103234375 0.20664218750000002 0.1961828125 0.1517546875 0.190859375 0.1562703125 0.258146875 0.18866875 0.3446390625 0.2288234375 0.402709375 0.25796874999999997
0 0.253028125 0.1390953125 0.24855624999999998 0.14225937500000002 0.316671875 0.1846546875 0.4151734375 0.24537499999999998 0.4194453125 0.2422828125 0.34815625 0.1970234375 0.253028125 0.1390953125
0 0.9869421875000001 0.26375625 0.9549296875 0.2733359375 0.9240468749999999 0.275028125 0.924721875 0.282353125 0.94208125 0.2812265625 0.924271875 0.284890625 0.9251734375 0.29024375 0.98761875 0.2696734375 0.9869421875000001 0.26375625
0 0.643490625 0.17156875 0.640559375 0.1780515625 0.7217156250000001 0.19495625 0.7984453125 0.2076546875 0.8125609375 0.20936875000000002 0.8879765624999999 0.21500625 0.9693578125 0.2158515625 0.970684375 0.20312812500000002 0.888853125 0.2000296875 0.78635625 0.1853765625 0.6497234375 0.160609375 0.648390625 0.1701609375 0.8543687500000001 0.2065109375 0.8240624999999999 0.20312812500000002 0.724871875 0.1887578125 0.643490625 0.17156875
0 0.46990625 0.15297812500000002 0.5502640624999999 0.1607734375 0.6294671875 0.1662578125 0.6299390625 0.1584625 0.594378125 0.15557812499999998 0.47152656249999997 0.145475 0.3415625 0.12815625 0.2378828125 0.11401406249999999 0.2316484375 0.1215171875 0.2715953125 0.127290625 0.3841234375 0.14229843749999999 0.46990625 0.15297812500000002
0 0.46030156250000004 0.162503125 0.46030156250000004 0.163946875 0.29150468749999997 0.1547109375 0.291965625 0.16163906249999999 0.3378578125 0.163946875 0.507325 0.1711640625 0.5955328125 0.1711640625 0.595959375 0.1656796875 0.5370328125 0.16135 0.40745312499999997 0.150959375 0.262440625 0.132196875 0.223878125 0.1264234375 0.219490625 0.1319078125 0.2467375 0.13739218749999998 0.3635484375 0.1524015625 0.46030156250000004 0.162503125
0 0.13876875 0.3616078125 0.137815625 0.3671640625 0.18830625 0.363990625 0.2661640625 0.35640937500000003 0.286428125 0.3536703125 0.2998578125 0.35119375 0.3083390625 0.3481109375 0.3057984375 0.3421578125 0.2927796875 0.34731875 0.2626125 0.350890625 0.197515625 0.3572421875 0.13876875 0.3616078125
0 0.3146484375 0.303840625 0.286678125 0.312140625 0.2635375 0.3166671875 0.23657499999999998 0.321446875 0.1776171875 0.3272328125 0.13817812499999998 0.328740625 0.1380359375 0.333771875 0.17200312499999998 0.33325625 0.1955671875 0.3313203125 0.2373796875 0.3274828125 0.27978125 0.3201890625 0.32028124999999996 0.3076140625 0.341409375 0.30031875 0.35328125 0.2942828125 0.352075 0.2892515625 0.335775 0.29679687499999996 0.3146484375 0.303840625