0 0 0.0997828125 0.0017390625 0.10180625000000001 0.0778984375 0.17955937500000002 0.1187125 0.2154125 0.1596671875 0.2492953125 0.166196875 0.2453375 0.11125 0.19921875 0.08299375 0.1730359375 0 0.091553125 0 0.0997828125
0 0.57421875 0.3503421875 0.6035999999999999 0.323965625 0.5998640625 0.316746875 0.5784640624999999 0.33755 0.5703125 0.345459375 0.57421875 0.3503421875
0 0.6895374999999999 0.20465468750000002 0.609375 0.3088375 0.6124328125 0.315046875 0.693953125 0.20932499999999998 0.6895374999999999 0.20465468750000002
0 0 0.178578125 0.061184375 0.18160156249999998 0.0791921875 0.18174531249999998 0.0738078125 0.17580625 0 0.17265625 0 0.178578125
0 0 0.1943359375 0.0947140625 0.195209375 0.085528125 0.1872890625 0.0010937499999999999 0.1857421875 0 0.1857421875 0 0.189453125 0 0.191796875 0 0.1943359375
0 0 0.2205515625 0.12195625000000002 0.22134218749999998 0.1168875 0.21421406250000002 0 0.2106515625 0 0.2205515625
0 0 0.20877812499999998 0.1134375 0.2123046875 0.1050828125 0.20397500000000002 0 0.1999609375 0 0.20877812499999998
0 0 0.310434375 0.05546875 0.3115234375 0.05891875 0.303703125 0 0.3013265625 0 0.310434375
0 0 0.29765625 0.0592359375 0.2989515625 0.060185937499999995 0.289446875 0 0.288671875 0 0.29765625
0 0 0.2833984375 0.0662046875 0.285884375 0.0669203125 0.2852515625 0.066521875 0.2767765625 0 0.274609375 0 0.2833984375
0 0 0.2501953125 0.097009375 0.252046875 0.1504484375 0.2526484375 0.14984375 0.24453125 0.10265625 0.2435546875 0 0.24151562499999998 0 0.2501953125
0 0.00048125 0.23680625000000002 0.1470796875 0.241921875 0.14322812499999998 0.2350015625 0.12156249999999999 0.23410000000000003 0.0007218750000000001 0.22898437500000002 0.00048125 0.23680625000000002
0 0.166875 0.18671875 0.099590625 0.1872484375 0.1074109375 0.19419375 0.16625 0.19375 0.166875 0.18671875
0 0.169346875 0.17850468749999998 0.0888921875 0.177475 0.09671093750000001 0.184934375 0.1674953125 0.185446875 0.169346875 0.17850468749999998
0 0.7606609375 0.0903453125 0.744253125 0.1167171875 0.7516765624999999 0.119646875 0.768865625 0.093275 0.7606609375 0.0903453125
0 0.7524578125 0.072278125 0.7376109375000001 0.0957171875 0.74151875 0.101578125 0.7563640625 0.0771609375 0.76535 0.063975 0.7606609375 0.059092187500000004 0.7524578125 0.072278125
0 0.658125 0.23314062500000002 0.6907296875 0.1855734375 0.68330625 0.18264375 0.653821875 0.226125 0.656628125 0.23197031250000003 0.658125 0.23314062500000002
0 0.17265625 0.2123046875 0.130625 0.2130859375 0.13374999999999998 0.21796875 0.174375 0.217578125 0.17265625 0.2123046875
0 0.1653125 0.2072265625 0.125 0.20625 0.12562500000000001 0.2119140625 0.16625 0.2123046875 0.1653125 0.2072265625