1 0.703371875 0 0.7249546875 0.247646875 0.728125 0.4091796875 0.73125 0.4345703125 0.740625 0.4365234375 0.746875 0.4326171875 0.7484375 0.3955078125 0.7371296875 0.1791640625 0.734915625 0.15910312499999998 0.721634375 0 0.703371875 0
1 0.390625 0.2138671875 0.38828125 0.20703125 0.359375 0.2060546875 0.3578125 0.1630859375 0.36640625 0.14453125 0.39140625 0.142578125 0.38984375 0.126953125 0.38515625 0.134765625 0.317228125 0.13125 0.31953125 0.14453125 0.33984375 0.14453125 0.35 0.1533203125 0.3484375 0.2041015625 0.3183421875 0.20175 0.3194578125 0.2179125 0.3484375 0.2197265625 0.346875 0.4521484375 0.3546875 0.4560546875 0.357965625 0.27686875 0.37989843749999996 0.26197499999999996 0.41509999999999997 0.2657 0.4169953125 0.25317500000000004 0.41239218749999995 0.24979062500000002 0.374753125 0.25351406249999997 0.35850781249999997 0.266375 0.3578125 0.2236328125 0.36171875 0.216796875 0.390625 0.2138671875
0 0.0954640625 0.06265781249999999 0.0008453125 0.1312984375 0 0.1377390625 0.0560390625 0.09961875 0.1568546875 0.0264 0.15206718749999998 0.023584374999999998 0.0954640625 0.06265781249999999
0 0.0405515625 0 0.0833359375 0.049384375 0.1517859375 0.1277640625 0.19937812500000002 0.17775000000000002 0.23739375 0.21401875 0.26133125 0.23690000000000003 0.3142734375 0.28618125 0.322721875 0.293571875 0.3263828125 0.29040468750000004 0.2235953125 0.19325 0.1152296875 0.0758765625 0.08930312500000001 0.046040625 0.0481546875 0 0.0405515625 0
0 0.031793749999999996 0.0575796875 0.05582812499999999 0.0920015625 0.060082812500000006 0.086996875 0.0450625 0.06696875 0.011828125 0.018653125 0.0008453125 0 0 0.007825 0.031793749999999996 0.0575796875
0 0.0172734375 0 0.0120140625 0.0012515625 0.08912187499999999 0.0791734375 0.160221875 0.150521875 0.2816390625 0.2650546875 0.29590937500000003 0.27757187499999997 0.299915625 0.2753828125 0.199275 0.17994062500000002 0.096884375 0.078234375 0.0172734375 0
0 0.7991765625 0.1125734375 0.8596890625 0.123228125 0.8605421874999999 0.115415625 0.7267296875 0.0933984375 0.7267296875 0.098725 0.7991765625 0.1125734375
0 0.8463359374999999 0.198515625 0.7366734375 0.1722359375 0.7369578125 0.1775625 0.8443484375000001 0.20490781249999998 0.8463359374999999 0.198515625
0 0.7118546875 0.091065625 0.443590625 0.038724999999999996 0.2587328125 0 0.2406890625 0.0008515625000000001 0.2628171875 0.0072343749999999995 0.4303125 0.0425546875 0.64683125 0.085534375 0.7115140625 0.09659999999999999 0.7118546875 0.091065625
0 0.5716249999999999 0.1320625 0.6881203124999999 0.1666078125 0.7185546875 0.174915625 0.71858125 0.16858125 0.69136875 0.1607328125 0.466975 0.0917828125 0.3764875 0.060929687499999996 0.2114171875 0 0.20154999999999998 0.001121875 0.30050625000000003 0.0402296875 0.43064375000000005 0.08745937499999999 0.5716249999999999 0.1320625
0 0.1912390625 0 0.266175 0.0336625 0.4189109375 0.0943953125 0.45550781249999994 0.10799218749999999 0.6608359375 0.17495624999999998 0.719459375 0.1931875 0.7204843750000001 0.18782812499999998 0.6709578125 0.17203593749999999 0.44261249999999996 0.09747343750000001 0.2027921875 0 0.1912390625 0
0 0.12061875 0 0.1366625 0.018103125 0.14625 0.028046875 0.14992031249999999 0.0237125 0.12768593749999999 0 0.12061875 0
0 0.14387031249999999 0 0.212190625 0.08752499999999999 0.252790625 0.13386718749999998 0.2948046875 0.1778140625 0.2986875 0.1743890625 0.2516484375 0.1235828125 0.212009375 0.0764703125 0.15137499999999998 0 0.14387031249999999 0
1 0.4140625 0.25756875 0.4150390625 0.26123124999999997 0.4189453125 0.26123124999999997 0.423828125 0.267334375 0.423828125 0.299071875 0.421875 0.3015140625 0.421875 0.36743125 0.4248046875 0.37109375 0.427734375 0.3698734375 0.4296875 0.36743125 0.4296875 0.2746578125 0.4345703125 0.263671875 0.4443359375 0.263671875 0.44921875 0.25756875 0.4462890625 0.25146562499999997 0.4443359375 0.25390625 0.4287109375 0.25146562499999997 0.4207203125 0.25465781249999997 0.4140625 0.25756875