1 0.6453125 0.1064453125 0.6465265625 0.146109375 0.61485 0.1469015625 0.6138984375 0.1548203125 0.64969375 0.159571875 0.65159375 0.17976562499999998 0.6604640625 0.18253906250000002 0.65983125 0.15719687499999999 0.6927749999999999 0.1556140625 0.6915078125 0.146109375 0.66078125 0.14571406250000002 0.6625 0.1044921875 0.69296875 0.095703125 0.6921875 0.0849609375 0.609146875 0.08275625 0.6135828125 0.09859375000000001 0.6453125 0.1064453125
1 0.874846875 0 0.875 0.0068359375 0.8734375 0.0654296875 0.8796875 0.0908203125 0.8856453125 0.2582171875 0.892196875 0.606521875 0.9122375 0.606521875 0.9033734375 0.2572546875 0.893353125 0.0149328125 0.8925828125 0 0.874846875 0
0 0.4529328125 0.2270578125 0.4069296875 0.2425015625 0.409821875 0.24743125 0.46003125 0.23034374999999999 0.497621875 0.2149 0.5580828125 0.1882828125 0.615915625 0.1610109375 0.6146015625000001 0.15575468750000002 0.5864734375 0.1692265625 0.54756875 0.18565625 0.45529843750000004 0.218515625 0.3977296875 0.2356015625 0.39930625000000003 0.24053125 0.44110468750000004 0.227715625 0.49367968749999996 0.21194375000000001 0.4529328125 0.2270578125
0 0.6061109375 0.15849843749999998 0.61268125 0.11720937499999999 0.6078859375000001 0.1163203125 0.6011375 0.15938593750000002 0.6061109375 0.15849843749999998
0 0.711953125 0.19246093749999998 0.6799875 0.1562765625 0.674659375 0.158275 0.7085796875 0.19623593749999999 0.711953125 0.19246093749999998
0 0.8215265625000001 0.1405171875 0.782278125 0.1849140625 0.785475 0.1909078125 0.8256109374999999 0.14406875 0.8215265625000001 0.1405171875
0 0.8249000000000001 0.1287515625 0.8250781249999999 0.123203125 0.8254328125000001 0.118540625 0.8273859375000001 0.1156546875 0.8307609375 0.11276875 0.835021875 0.10988281250000001 0.8344906249999999 0.10544374999999999 0.8325359375 0.10477812500000001 0.8284515625 0.10544374999999999 0.8270312499999999 0.1069984375 0.8252546875 0.10921718750000001 0.8240125 0.1116578125 0.8231234374999999 0.11387812500000001 0.82188125 0.1176515625 0.8211703124999999 0.118984375 0.8206374999999999 0.1234234375 0.8206374999999999 0.129640625 0.8209937500000001 0.1351890625 0.8213484375 0.1387421875 0.822059375 0.14073906249999998 0.8241890625 0.143625 0.82614375 0.1438484375 0.8284515625 0.14340312500000002 0.8295171874999999 0.142959375 0.8314703124999999 0.1409609375 0.834134375 0.137853125 0.837153125 0.13585624999999998 0.8367984375 0.1343015625 0.8346671875 0.13030625 0.833246875 0.131859375 0.83129375 0.1334140625 0.8286296875 0.13629843749999998 0.825965625 0.137853125 0.8256109374999999 0.13696406249999998 0.8250781249999999 0.1331921875 0.8249000000000001 0.1287515625
0 0.7574156249999999 0.180696875 0.80305625 0.131859375 0.7975515625 0.130084375 0.7543968750000001 0.1775875 0.7574156249999999 0.180696875
0 0.8202828125 0.106553125 0.8021687500000001 0.125865625 0.8062531249999999 0.12742031250000002 0.82276875 0.11010625 0.8202828125 0.106553125
0 0.66240625 0.121871875 0.714971875 0.125865625 0.8067859374999999 0.13119375 0.8060750000000001 0.125865625 0.662584375 0.11610000000000001 0.66240625 0.121871875
0 0.8337359375 0.100578125 0.6935671875 0.09121718749999999 0.6918562500000001 0.09736875 0.8337359375 0.10592968750000001 0.8337359375 0.100578125
0 0.718034375 0.1198171875 0.7388312499999999 0.10105 0.73195 0.099878125 0.710840625 0.118446875 0.718034375 0.1198171875
0 0.7302296875 0.12079375 0.7550921875000001 0.10144375000000001 0.7463359374999999 0.10124843750000001 0.7230375 0.11922812499999999 0.7302296875 0.12079375
0 0.7497765625 0.09421093750000001 0.7668203124999999 0.078184375 0.760878125 0.07505625 0.7414890625 0.09264687499999999 0.7497765625 0.09421093750000001
0 0.778546875 0.0760328125 0.7550921875000001 0.09440625 0.7629109374999999 0.095578125 0.7837078125 0.0799421875 0.778546875 0.0760328125
0 0.69359375 0.0814453125 0.71953125 0.056640625 0.7123437499999999 0.0556640625 0.6884375 0.0787109375 0.69359375 0.0814453125
0 0.72890625 0.046484375 0.76375 0.0009765625 0.75828125 0 0.7215625 0.04609375 0.72890625 0.046484375
0 0.655625 0.0568359375 0.641875 0.0763671875 0.6448437499999999 0.080859375 0.6621875 0.0587890625 0.655625 0.0568359375
0 0.63 0.0693359375 0.63671875 0.0587890625 0.630625 0.0587890625 0.6251562500000001 0.06796875 0.620625 0.073828125 0.614375 0.08125 0.6209374999999999 0.0814453125 0.63 0.0693359375
0 0.6615624999999999 0 0.6371875 0.048046875 0.64265625 0.0484375 0.65359375 0.02734375 0.6665625000000001 0 0.6615624999999999 0
0 0.6921875 0 0.6628125 0.0470703125 0.66890625 0.048046875 0.69875 0 0.6921875 0
0 0 0.094303125 0.1548796875 0.097240625 0.3805234375 0.104584375 0.6047296875 0.116628125 0.6456234375000001 0.1183921875 0.6456234375000001 0.11457187499999999 0.582403125 0.1104609375 0.43269375 0.102528125 0.3335125 0.097525 0 0.0893015625 0 0.094303125
0 0 0.0706765625 0.129846875 0.069753125 0.26471093749999997 0.0736953125 0.4259203125 0.081184375 0.5454078124999999 0.088275 0.6150828125000001 0.0914296875 0.61476875 0.0851234375 0.541940625 0.08 0.3748453125 0.0709359375 0.25661875 0.0677828125 0.25724843750000004 0.06384218750000001 0.5305515625 0.0583265625 0.6453109375 0.0571421875 0.7411546875 0.055960937499999995 0.8470859374999999 0.053595312500000006 0.8625343750000001 0.053203125 0.8625343750000001 0.046896875 0.6605234375 0.048078125 0.564653125 0.0500484375 0.3815296875 0.0532203125 0.1783640625 0.058015625 0.07863281250000001 0.058496875000000004 0 0.055618749999999995 0 0.0706765625