1 0.660571875 0 0.66015625 0.037109375 0.62734375 0.009765625 0.57578125 0 0.568846875 0.00099375 0.5680515625 0.006715625 0.569375 0.012890625 0.57546875 0.01484375 0.62265625 0.017578125 0.659775 0.048746875 0.651775 0.387525 0.665625 0.3642578125 0.6667703125 0.3225734375 0.6772843749999999 0 0.665346875 0 0.66335625 0 0.660571875 0
1 0.528125 0.4013671875 0.5296875 0.2236328125 0.5327468750000001 0.20291406250000002 0.5448734375 0.2001578125 0.55234375 0.193359375 0.5533078125 0.180640625 0.4990375 0.18167968750000002 0.49862031250000005 0.1946765625 0.5200375 0.20455312499999997 0.5203125 0.3974609375 0.528125 0.4013671875
1 0.4734375 0.4013671875 0.478125 0.4013671875 0.47710468749999996 0.3246703125 0.4869734375 0.3228625 0.48577031249999997 0.31684531250000003 0.472303125 0.31676875 0.46121718749999996 0.31774843750000004 0.4602546875 0.3216609375 0.4713265625 0.32406875 0.4713265625 0.329184375 0.4715671875 0.3324921875 0.4734375 0.4013671875
0 0.61546875 0.183984375 0.5740624999999999 0.244140625 0.5796875 0.2490234375 0.65953125 0.13515625 0.65859375 0.112109375 0.6378125 0.148046875 0.61546875 0.183984375
0 0.65921875 0.092578125 0.658125 0.083203125 0.57890625 0.1935546875 0.5378125 0.245703125 0.5403125 0.2513671875 0.58078125 0.2021484375 0.6331249999999999 0.13046875 0.65921875 0.092578125
0 0.4227015625 0.360175 0.352653125 0.36228125 0.353134375 0.3679984375 0.4229421875 0.36589218749999997 0.4227015625 0.360175
0 0.3767390625 0.2622734375 0.3399390625 0.26583125 0.340753125 0.2709140625 0.37694218749999997 0.2673578125 0.3767390625 0.2622734375
0 0.3875578125 0.26003750000000003 0.388253125 0.26568593749999997 0.4642015625 0.2515640625 0.5186515625 0.24016406250000003 0.5184234375 0.2346203125 0.46072499999999994 0.24613437500000002 0.3875578125 0.26003750000000003
0 0.5091578125 0.1750796875 0.5139328125 0.18055000000000002 0.5409921875 0.111409375 0.5756125 0.01590625 0.571234375 0.013915625000000001 0.5314421874999999 0.11912031249999999 0.5091578125 0.1750796875
0 0.6507234375000001 0.04210625 0.6465640625 0.0392484375 0.6068484375 0.10656406249999999 0.5561140625000001 0.177521875 0.5577765625 0.185840625 0.56734375 0.1716796875 0.6124625 0.10708593749999999 0.6484375 0.0455078125 0.6507234375000001 0.04210625
0 0.6876140625 0 0.685440625 0.0045296875 0.6809109375 0.0056625 0.6785546874999999 0.0056625 0.6765625 0.0113234375 0.682721875 0.0117765625 0.6865265625 0.010190625 0.6906953125 0.0052093750000000005 0.6928687499999999 0 0.6876140625 0
0 0.67311875 0.0645484375 0.67311875 0.074740625 0.674025 0.07360781250000001 0.69395625 0.049375 0.7332734375000001 0.00045312499999999997 0.7282015625 0 0.67311875 0.0645484375
0 0.797234375 0 0.7745859375 0.0240078125 0.7537484375 0.0419 0.7262078125 0.0636421875 0.7450515625 0.040540625000000004 0.7805640625 0.00022656249999999998 0.7718671875 0 0.7260265625 0.052318750000000004 0.7060953125 0.0761 0.6713078125 0.1030515625 0.6720328125 0.11120468750000001 0.6785546874999999 0.1044109375 0.6713078125 0.114375 0.6725749999999999 0.1191328125 0.674025 0.11867968749999999 0.6977609375 0.091953125 0.7490375 0.0525453125 0.7827390624999999 0.025820312499999998 0.8071999999999999 0 0.797234375 0
0 0.7156984375000001 0.0144953125 0.6934125 0.0011328125 0.6912375 0.0052093750000000005 0.712075 0.01811875 0.7156984375000001 0.0144953125
0 0.7443265625000001 0.030803124999999997 0.720409375 0.0172125 0.7171484375 0.021968750000000002 0.740340625 0.035784375 0.7443265625000001 0.030803124999999997
0 0.76171875 0.009765625 0.73055625 0.0033968749999999997 0.7276578125000001 0.008607812500000001 0.7584593749999999 0.0154 0.76171875 0.009765625
0 0.8535999999999999 0.02668125 0.7933109375 0.01568125 0.7891921875000001 0.0208296875 0.865021875 0.034404687499999996 0.9211921875 0.0418953125 0.9217531250000001 0.035339062500000004 0.8535999999999999 0.02668125
0 1 0.076359375 0.9507749999999999 0.06576562500000001 0.8436765625 0.041425000000000003 0.7837609375000001 0.025509375 0.7757109375 0.032064062500000004 0.8728843749999999 0.0573390625 0.9503999999999999 0.0727875 1 0.0821859375 1 0.076359375
0 0.7594703125 0.0450171875 0.8232859375 0.07766406249999999 0.864565625 0.10056875000000001 0.935753125 0.1287359375 0.9753484374999999 0.14348125 0.9797703125 0.13953125 0.9433343750000001 0.125578125 0.882678125 0.10109375000000001 0.8032765625 0.0594984375 0.7638921875 0.039753125 0.7594703125 0.0450171875
0 1 0.0986328125 0.964453125 0.10930625000000001 0.9355484374999999 0.12096875 0.9423171874999999 0.12485468749999999 0.97085625 0.1145640625 1 0.105078125 1 0.0986328125
0 0.839140625 0.16827187500000002 0.8067390624999999 0.17140625 0.778196875 0.1718890625 0.77858125 0.1769515625 0.790346875 0.1788796875 0.8088609375000001 0.178396875 0.8393328125 0.176709375 0.8769406249999999 0.164896875 0.9118499999999999 0.15211875 0.9540625 0.1486328125 0.9535078125 0.1415109375 0.9132 0.1439234375 0.8792562500000001 0.156459375 0.839140625 0.16827187500000002
0 0.9400000000000001 0.1302734375 0.91875 0.142578125 0.9285937499999999 0.14296875 0.94828125 0.133984375 0.9400000000000001 0.1302734375
0 0.8968296875 0.1451609375 0.9332390625 0.1276734375 0.9251906249999999 0.1247984375 0.8816906250000001 0.1434828125 0.8968296875 0.1451609375
0 0.8140453125 0.16120937500000002 0.8192187499999999 0.1580953125 0.8456640625 0.1571359375 0.8744078125 0.15330468749999998 0.8964453125 0.1487515625 0.8920390625 0.1456390625 0.88360625 0.14492031249999998 0.8498796875 0.1470765625 0.7992890625 0.14683593749999999 0.692359375 0.13749375 0.6735796875 0.135578125 0.6739625 0.13797500000000001 0.6937015625 0.14228593750000001 0.7603890625 0.1501890625 0.8054218750000001 0.1513890625 0.8056125 0.1554609375 0.7849171875 0.1580953125 0.7586640625000001 0.15761562499999998 0.7237875 0.1516265625 0.6948515625 0.14468125 0.673771875 0.138453125 0.673771875 0.1439625 0.6883359375 0.1487515625 0.7007921875 0.1571359375 0.7153546875 0.16360312500000002 0.7442921874999999 0.1741453125 0.7504234375000001 0.16839375 0.71248125 0.158334375 0.7442921874999999 0.16360312500000002 0.7644124999999999 0.16384375 0.790475 0.16384375 0.8140453125 0.16120937500000002
1 0.513671875 0.4016109375 0.513671875 0.2941890625 0.5087890625 0.2880859375 0.505859375 0.2917484375 0.505859375 0.4016109375 0.513671875 0.4016109375