1 0.28531875 0.09875937500000001 0.2859375 0.097265625 0.28421875 0.0765625 0.274859375 0.0762265625 0.27597187500000003 0.0876328125 0.26195 0.0879109375 0.26106093750000003 0.07678281249999999 0.24970937499999998 0.07706093750000001 0.249265625 0.0876328125 0.2296796875 0.0890234375 0.2105390625 0.0890234375 0.2103171875 0.07873125 0.20074687500000002 0.0795640625 0.2016375 0.097646875 0.236134375 0.10182031250000001 0.236328125 0.513915625 0.24609375 0.5163578125 0.2484375 0.215234375 0.25406249999999997 0.211328125 0.25359375 0.2029296875 0.24906250000000002 0.203125 0.248125 0.141015625 0.25656249999999997 0.13671875 0.25656249999999997 0.1283203125 0.24792968750000002 0.10432343749999999 0.26437499999999997 0.0982421875 0.28531875 0.09875937500000001
1 0.36109375 0.2740234375 0.35375 0.275 0.35296875 0.2658203125 0.34640624999999997 0.26640625 0.34515625 0.269921875 0.32375 0.273046875 0.32406250000000003 0.2658203125 0.31796875 0.26640625 0.318125 0.2798828125 0.33703125 0.2810546875 0.33781249999999996 0.29296875 0.3176890625 0.292459375 0.31736718750000004 0.3051140625 0.3359375 0.306396875 0.333984375 0.511475 0.341796875 0.511475 0.345703125 0.325928125 0.3465625 0.305078125 0.36515624999999996 0.302734375 0.36453125000000003 0.2939453125 0.34640624999999997 0.2943359375 0.3459375 0.2822265625 0.3678125 0.2830078125 0.366875 0.2681640625 0.35984375 0.26796875 0.36109375 0.2740234375
1 0.412515625 0.38086875 0.412515625 0.374109375 0.3834125 0.3729171875 0.3845265625 0.3792796875 0.39359062499999997 0.380271875 0.39359062499999997 0.396771875 0.398596875 0.396728125 0.3989984375 0.38166406249999996 0.412515625 0.38086875
0 0.119725 0 0.15849531249999999 0.041453125 0.2006796875 0.08290468749999999 0.20384843749999998 0.078334375 0.17336875000000002 0.046634375 0.1278296875 0 0.119725 0
0 0.19125 0 0.1828484375 0.0004125 0.209040625 0.03418125 0.248575 0.0803046875 0.2522 0.0749515625 0.21480625 0.02965 0.19125 0
0 0.21464218750000003 0 0.2414921875 0.039328125000000005 0.2742734375 0.08257031249999999 0.2770734375 0.074334375 0.22218749999999998 0 0.21464218750000003 0
0 0.23296875 0.1287109375 0.21703125 0.0990234375 0.21156250000000001 0.10078125 0.22921874999999997 0.1322265625 0.23296875 0.1287109375
0 0.23781249999999998 0.1037109375 0.2296875 0.097265625 0.2240625 0.0994140625 0.2365625 0.109375 0.23781249999999998 0.1037109375
0 0.25640625 0.0966796875 0.24796875 0.1033203125 0.24874999999999997 0.1076171875 0.26234375 0.0982421875 0.25640625 0.0966796875
0 0.06524375 0.1248375 0 0.1252390625 0.0001609375 0.1320515625 0.0660453125 0.1314484375 0.06524375 0.1248375
0 0 0.1607046875 0.07566406249999999 0.156696875 0.0751828125 0.1496859375 0 0.1538921875 0 0.1607046875
0 0.2019796875 0.1849234375 0.14827812499999998 0.1520609375 0.0926578125 0.11299999999999999 0.02565 0.058296875000000005 0.0005234375 0.0374578125 0 0.0442859375 0.03061875 0.0695328125 0.1016328125 0.12744375 0.1269578125 0.14545 0.17120156250000002 0.1751046875 0.207590625 0.1947421875 0.22378125 0.20315781249999998 0.2356484375 0.20619218749999998 0.2358046875 0.200353125 0.22426249999999998 0.1959453125 0.2019796875 0.1849234375
0 0 0.1651125 0.043762499999999996 0.192365625 0.0897703125 0.21941875 0.1348171875 0.24426406250000002 0.175053125 0.26551562500000003 0.21705312499999999 0.28335 0.2301984375 0.2889609375 0.23805312500000003 0.2899625 0.2372515625 0.2827484375 0.22715312499999998 0.2817453125 0.1715265625 0.2564984375 0.132215625 0.235303125 0.034589062500000003 0.178996875 0 0.1591578125 0 0.1651125
0 0.11731406250000001 0.3244140625 0.1871703125 0.3195203125 0.185290625 0.3134515625 0.11950625 0.3177578125 0.11699999999999999 0.3230453125 0.11731406250000001 0.3244140625
0 0.23431406250000003 0.353 0.23400156249999998 0.348103125 0.2210015625 0.35319531249999997 0.1680609375 0.369640625 0.1497359375 0.3708140625 0.148953125 0.3757109375 0.1694703125 0.3751234375 0.179965625 0.37277343749999997 0.20768749999999997 0.362984375 0.23431406250000003 0.353
0 0.2355671875 0.31482031250000003 0.234940625 0.30855625 0.19876093749999998 0.3097296875 0.1260859375 0.294459375 0.0545015625 0.2719453125 0 0.24982031249999997 0.00015625 0.25804375 0.052000000000000005 0.27781875 0.051373437499999994 0.282125 0.0613984375 0.2842796875 0.07471093749999999 0.2840828125 0.0852046875 0.288978125 0.110421875 0.2972015625 0.15788125 0.3093390625 0.1899890625 0.3144296875 0.19421875 0.315603125 0.2355671875 0.31482031250000003
0 0.077953125 0.264896875 0.0001265625 0.23572500000000002 0 0.2441421875 0.049778125 0.2629375 0.0903734375 0.27723125 0.133603125 0.28936875 0.1680609375 0.297984375 0.19354218750000002 0.3028796875 0.23598750000000002 0.30327031249999997 0.235675 0.2970046875 0.1990234375 0.2966140625 0.12963750000000002 0.2815375 0.077953125 0.264896875
0 0.3522515625 0.25020937499999996 0.3282875 0.2012640625 0.3065171875 0.14703125 0.28646875 0.09475781250000001 0.2824 0.0992625 0.2936765625 0.13 0.30777343749999997 0.167396875 0.3181109375 0.190890625 0.3275046875 0.21261875 0.3376859375 0.2325890625 0.347553125 0.25177499999999997 0.3533484375 0.260978125 0.360240625 0.27292031250000004 0.362903125 0.2692015625 0.3522515625 0.25020937499999996
0 0.34796875 0.26640625 0.34176093750000003 0.256078125 0.31184531249999997 0.2032171875 0.2847484375 0.14565625 0.2642296875 0.09847500000000001 0.2598453125 0.1004375 0.26188125 0.1072890625 0.2701828125 0.128434375 0.2858453125 0.16113125 0.2999421875 0.192846875 0.3121578125 0.21633437500000002 0.32078125 0.2322265625 0.32671875 0.2427734375 0.335653125 0.2572515625 0.34254375000000004 0.2686078125 0.34796875 0.26640625
0 0.31796875 0.269140625 0.32140625 0.2650625 0.29984375 0.23830468749999997 0.28781249999999997 0.22149999999999997 0.27609374999999997 0.20196874999999997 0.2709375 0.205078125 0.28265625 0.224609375 0.29640625 0.2435546875 0.30328125 0.25234375 0.31796875 0.269140625
0 0.28453125 0.2689453125 0.2534375 0.2119140625 0.24906250000000002 0.214453125 0.25656249999999997 0.229296875 0.27265625 0.259765625 0.28781249999999997 0.28515625 0.30328125 0.30625 0.3140625 0.3181640625 0.3234375 0.325390625 0.32453125 0.3193359375 0.31296875 0.3087890625 0.3032265625 0.296878125 0.28453125 0.2689453125
0 0.2621875 0.3412109375 0.24906250000000002 0.324609375 0.248125 0.331640625 0.25890625 0.3462890625 0.2621875 0.3412109375
0 0.26796875 0.3353515625 0.24874999999999997 0.3115234375 0.24828125 0.3193359375 0.2646875 0.339453125 0.26796875 0.3353515625
0 0.275 0.3267578125 0.25 0.298828125 0.24906250000000002 0.305859375 0.27203125 0.3328125 0.275 0.3267578125
0 0.38453125 0.346484375 0.3678125 0.28359375 0.36328125 0.284765625 0.38109375 0.349609375 0.38453125 0.346484375
0 0.3721875 0.3560546875 0.40515625 0.374609375 0.41 0.371484375 0.37374999999999997 0.3513671875 0.37109375 0.35546875 0.3721875 0.3560546875
0 0.4221875 0.3599609375 0.4921875 0.3724609375 0.49234375 0.367578125 0.37921875 0.346484375 0.37687499999999996 0.35078125 0.4221875 0.3599609375
0 0.4671875 0.4025390625 0.41296875 0.374609375 0.41218750000000004 0.379296875 0.46546875 0.4078125 0.4671875 0.4025390625