1 0.7873812499999999 0 0.7857140625000001 0.051279687500000004 0.7831390625 0.05450000000000001 0.7816671875 0.0563390625 0.78221875 0.06438906250000001 0.7860828125 0.0781859375 0.7890625 0.4931640625 0.803125 0.4990234375 0.8011890625 0.013192187499999999 0.80078125 0 0.7873812499999999 0
1 0.583848496875 0.2527299625 0.5500210625 0.2524046984375 0.5490625 0.2630859375 0.5555505468749999 0.2644394578125 0.5552252828124999 0.2704568390625 0.561730559375 0.27029420625 0.561730559375 0.2644394578125 0.568235834375 0.26378893125 0.568073203125 0.291436353125 0.55140625 0.292578125 0.5515265625 0.30032187499999996 0.5703125 0.2998046875 0.5716812499999999 0.4331609375 0.578125 0.4326171875 0.5773432203125 0.300218475 0.59484375 0.2986328125 0.5935937499999999 0.290625 0.5779687499999999 0.291015625 0.578125 0.2666015625 0.5946875 0.2669921875 0.5946875 0.2494140625 0.5900000000000001 0.2494140625 0.5900285078125 0.2527299625 0.583848496875 0.2527299625
0 0.901803125 0.0032296875000000004 0.9484375 0.0732421875 0.9987609375 0.1470671875 0.9998781250000001 0.138184375 0.9520265625000001 0.0675640625 0.9067265624999999 0 0.901803125 0.0032296875000000004
0 0.95875 0.07828125 0.99125 0.08125 1 0.081640625 0.99921875 0.0748046875 0.99 0.07421875 0.95473125 0.071715625 0.95875 0.07828125
0 0.8454499999999999 0.066209375 0.9037499999999999 0.0720703125 0.95 0.0751953125 0.9471015625 0.0695921875 0.9389796875 0.0683609375 0.8481562500000001 0.06159375 0.8454499999999999 0.066209375
0 0.784375 0.0693359375 0.633228125 0.10859531250000001 0.6369281250000001 0.114375 0.7846109375 0.0754265625 0.784375 0.0693359375
0 0 0.2445421875 0.1630859375 0.2201328125 0.25799062500000003 0.20171718749999998 0.30178906250000004 0.191678125 0.469510525 0.155533159375 0.5407968750000001 0.13779687499999999 0.5895984375000001 0.1265 0.5874296875 0.12062500000000001 0.4560234375 0.1503234375 0.269296875 0.19058124999999998 0.15578125 0.2119140625 0 0.237659375 0 0.241975 0 0.2445421875
0 0 0.266315625 0.0388 0.263603125 0.0749109375 0.2573609375 0.155390625 0.2429046875 0.24 0.2263671875 0.3025 0.2109375 0.31890625 0.20625 0.4428640625 0.1742046875 0.51285625 0.15329062499999999 0.5695406249999999 0.134775 0.5645328125 0.132584375 0.3872875 0.1826546875 0.33721718749999996 0.195171875 0.23974531250000003 0.21857031249999997 0.061084375 0.2533765625 0.03169375 0.2576015625 0 0.25995 0 0.266315625
0 0.57013125 0 0.534721875 0.0157796875 0.42156874999999994 0.061609375 0.3665125 0.082584375 0.285065625 0.11164062500000001 0.2284375 0.13021093749999998 0.1629921875 0.149346875 0.13468750000000002 0.1583453125 0.0430625 0.17978125 0 0.1887984375 0 0.195096875 0.0601953125 0.1826 0.13999843750000002 0.16343749999999999 0.2312328125 0.1374203125 0.2725515625 0.12285937499999999 0.39168125 0.0812734375 0.4366359375 0.06255625000000001 0.47732343750000006 0.047192187499999996 0.52066875 0.028401562499999998 0.5645374999999999 0.009174999999999999 0.5813171875 0 0.57013125 0
0 0 0.2327578125 0.016117187499999998 0.23163125 0.06480156249999999 0.22063125 0.0996875 0.2119140625 0.12984374999999998 0.2033203125 0.1770359375 0.1887984375 0.27640625 0.15234375 0.34640624999999997 0.1236328125 0.411021875 0.094775 0.47265781249999994 0.0658578125 0.5572359375 0.0236703125 0.59546875 0.003515625 0.591040625 0 0.520953125 0.034828125 0.43128593750000005 0.077890625 0.34078125 0.118359375 0.27125 0.14609375 0.24203125 0.157421875 0.1628125 0.1853515625 0.11234375 0.2 0.057559375 0.2141375 0.0116484375 0.225271875 0 0.22655625000000001 0 0.2327578125
0 0.7873812499999999 0.0212171875 0.7840109375 0.0157984375 0.777909375 0.007171874999999999 0.7695609375 0 0.7626578125 0.0007515625 0.771809375 0.0091796875 0.7774281249999999 0.0162015625 0.7859171875000001 0.027587499999999997 0.7873812499999999 0.0212171875
1 0.64921875 0.1371875 0.65515625 0.13734375000000001 0.655625 0.13234375 0.6559375000000001 0.12765625 0.6637921875 0.1276671875 0.662975 0.11132656249999999 0.6561109375 0.11173437500000001 0.6546406250000001 0.1192921875 0.637809375 0.1197015625 0.6363375 0.1101015625 0.6030028890625 0.10874845156249999 0.5896015625000001 0.108671875 0.5896874999999999 0.12437499999999999 0.59328125 0.12609375 0.5934375000000001 0.1371875 0.600625 0.1371875 0.6025 0.12703124999999998 0.6184375 0.1271875 0.619140625 0.16479531249999999 0.598125 0.165625 0.598125 0.15921875000000002 0.59058125 0.1593296875 0.5896874999999999 0.17359375 0.62171875 0.17578125 0.621840625 0.2289625 0.606309375 0.213178125 0.5966796875 0.21240312499999997 0.56965625 0.20929531250000002 0.5670499999999999 0.21243906250000003 0.5673781250000001 0.21731875 0.56803125 0.2191796875 0.5739140625 0.2202015625 0.6044921875 0.2197265625 0.6224624999999999 0.236209375 0.6224171875 0.3006265625 0.6241734375 0.46303906250000004 0.625 0.482178125 0.630859375 0.482178125 0.6339078125000001 0.48167187499999997 0.630625 0.175625 0.663465625 0.175671875 0.663465625 0.1605546875 0.6575828125000001 0.1605546875 0.6559484375 0.1648453125 0.634765625 0.16479531249999999 0.634540625 0.128484375 0.6487578125 0.12828124999999999 0.64921875 0.1371875
0 0 0.28138125 0.038906249999999996 0.2810546875 0.0396078125 0.275778125 0 0.275778125 0 0.28138125
0 0 0.2735203125 0.0361921875 0.2719203125 0.107834375 0.2687859375 0.10792187499999999 0.26284687500000004 0 0.266584375 0 0.2735203125
0 0.1747703125 0.2571140625 0.12460156250000001 0.2595140625 0.1254421875 0.2661171875 0.1746875 0.2638671875 0.1747703125 0.2571140625
0 0.1329109375 0.27412187499999996 0.15833124999999998 0.2741875 0.157690625 0.2680515625 0.131646875 0.2688515625 0.131646875 0.27231875 0.1329109375 0.27412187499999996
0 0.4545484375 0.23566718749999999 0.5388875 0.22087500000000002 0.566734375 0.2166515625 0.5667187499999999 0.2109375 0.45573125000000003 0.22753125000000002 0.53328125 0.2099609375 0.585940625 0.1979453125 0.6216578125 0.1874671875 0.62015625 0.182421875 0.5323562500000001 0.205990625 0.6211562500000001 0.18093281249999998 0.62046875 0.1763671875 0.5686093750000001 0.1894390625 0.5993875 0.17575625 0.5970187499999999 0.172428125 0.5490781250000001 0.19239843750000002 0.47894375 0.21347812500000002 0.406440625 0.230490625 0.37977500000000003 0.234559375 0.301353125 0.2430640625 0.22625 0.2521484375 0.22562500000000002 0.2576171875 0.3628125 0.24140625 0.229828125 0.259421875 0.231346875 0.263853125 0.27964375 0.2592109375 0.24755781250000003 0.26343125 0.2494578125 0.26964375 0.25076718750000004 0.27630937499999997 0.27591875 0.271465625 0.2996296875 0.2678421875 0.3378046875 0.2604453125 0.365621875 0.2537890625 0.375709375 0.24750156250000002 0.41125 0.241796875 0.43890624999999994 0.2373046875 0.41171875 0.2470703125 0.41312499999999996 0.2513671875 0.4545484375 0.23566718749999999
0 0.6214062499999999 0.201953125 0.588575 0.20692343750000003 0.59140625 0.212109375 0.622090625 0.2066515625 0.6214062499999999 0.201953125
0 0.24689531250000002 0.282521875 0.3188859375 0.27647656249999997 0.39506874999999997 0.268840625 0.39671875 0.2619140625 0.38259375 0.26343125 0.3970984375 0.25746718749999997 0.3932859375 0.25293125 0.35738593750000003 0.2656578125 0.348984375 0.26725 0.2463859375 0.2771109375 0.24689531250000002 0.282521875
0 0.4802890625 0.265615625 0.4979 0.2621171875 0.5849703125 0.24380625 0.6176015625 0.23384375 0.616553125 0.2325703125 0.6148578125 0.2297578125 0.5296640625 0.2430703125 0.4105171875 0.2583421875 0.4102625 0.2643875 0.5020156250000001 0.2538890625 0.5540265625 0.24565781250000002 0.47436249999999996 0.260678125 0.4802890625 0.265615625
0 0.5866453125 0.3238125 0.603125 0.3013671875 0.6137203125 0.2847484375 0.6218421875 0.2739828125 0.61985 0.2660625 0.59875 0.2982421875 0.5819687499999999 0.32258125 0.5866453125 0.3238125
0 0.62135 0.279828125 0.5959984375 0.312740625 0.597721875 0.31858437500000003 0.6223109375 0.289515625 0.62135 0.279828125
0 0.9760828125 0.11542187500000001 0.9753453125 0.1132703125 0.97386875 0.11019375000000001 0.9278421874999999 0.10803906249999999 0.8183125 0.098503125 0.8146203125 0.104040625 0.918734375 0.1126546875 0.9760359375000001 0.1161140625 0.9760828125 0.11542187500000001
0 0.905971875 0.0030328125 0.901521875 0 0.86005 0.0422203125 0.8025953124999999 0.10061875 0.8029890625 0.109975 0.8382 0.0745796875 0.8754250000000001 0.0359 0.905971875 0.0030328125
0 0.85671875 0 0.83280625 0.0299046875 0.8182640625 0.0484734375 0.8141984375 0.049646875 0.8106031249999999 0.054923437500000005 0.80606875 0.0631328125 0.8018468750000001 0.0652828125 0.8021593749999999 0.073296875 0.8049734374999999 0.0705609375 0.8185765625 0.062546875 0.8218609375 0.063328125 0.8415625 0.0631328125 0.8423437500000001 0.0587890625 0.8265625 0.058984375 0.8259265625 0.058246875 0.8257703125000001 0.05453281250000001 0.870646875 0.0256046875 0.8978546875 0.0039078125 0.8936328124999999 0 0.865 0.0208984375 0.8359343750000001 0.042609375 0.8237500000000001 0.0505859375 0.8235812499999999 0.0502328125 0.8486 0.0287328125 0.87046875 0.00859375 0.8787499999999999 0 0.8709374999999999 0 0.8475046875000001 0.023259375 0.8464109375 0.0230640625 0.8651562500000001 0 0.85671875 0
1 0.537178125 0.3007828125 0.5375453125 0.3113609375 0.553734375 0.3120515625 0.5541031249999999 0.3311375 0.5542859375 0.4279484375 0.5601734375 0.4272578125 0.5598046875 0.330446875 0.5712109375 0.3302171875 0.57084375 0.324928125 0.560909375 0.3253890625 0.5607249999999999 0.3106703125 0.570659375 0.3097515625 0.570475 0.3010125 0.537178125 0.3007828125
1 0.533865625 0.322859375 0.53441875 0.330446875 0.54288125 0.3313671875 0.5434328125000001 0.3384953125 0.53956875 0.33918593750000003 0.5397531250000001 0.3447046875 0.5445359375 0.3451640625 0.5450875 0.42564843750000003 0.5491359375 0.424959375 0.5491359375 0.34562499999999996 0.55263125 0.3451640625 0.552446875 0.3389546875 0.549871875 0.3389546875 0.5491359375 0.3318265625 0.553734375 0.330446875 0.5531828125 0.322859375 0.533865625 0.322859375
0 0.698171875 0.32853125 0.6998640625 0.32241718750000004 0.6422953125 0.28831875 0.7034390625 0.29795937499999997 0.7036265625 0.2904328125 0.6311953124999999 0.2817328125 0.631571875 0.2880828125 0.6507609375000001 0.3014875 0.698171875 0.32853125
0 0.6370312499999999 0.155078125 0.6403125000000001 0.160546875 0.6434375 0.1638671875 0.6526562499999999 0.1638671875 0.6526562499999999 0.1607421875 0.64578125 0.1587890625 0.640625 0.15234375 0.63609375 0.14453125 0.63453125 0.148828125 0.6370312499999999 0.155078125
0 0.734265625 0.1519734375 0.757575 0.143971875 0.7582609375 0.1391171875 0.743178125 0.14340312500000002 0.7655734375 0.117978125 0.7708296875 0.11854843749999999 0.779971875 0.1056953125 0.782028125 0.09683906249999999 0.7875125 0.089696875 0.7847703125 0.08255625 0.734265625 0.1425453125 0.66365 0.164540625 0.6645640625 0.168540625 0.6935875 0.16054375 0.6638078125 0.17022500000000002 0.66525 0.175396875 0.7210109375 0.15711250000000002 0.693359375 0.1865375 0.7015859375 0.1891078125 0.734265625 0.1519734375
0 0.6817734375 0.1968421875 0.685821875 0.197303125 0.66908125 0.21937968749999998 0.66485 0.2205265625 0.631184375 0.22765624999999998 0.631 0.23225625 0.6453484375 0.2301859375 0.6639296875 0.22604687499999998 0.6298953125 0.2568609375 0.631184375 0.26215 0.6608216203125 0.2382200625 0.6539618796875 0.2511080578125 0.6406581421875 0.2633724421875 0.6479336234375 0.2652432796875 0.6656026500000001 0.250692315625 0.6722078125000001 0.2251265625 0.689684375 0.2009828125 0.690053125 0.20581093749999999 0.6948359375 0.20581093749999999 0.6977796875 0.2039703125 0.6999859374999999 0.19937031249999998 0.6992515625 0.1890234375 0.69373125 0.1869546875 0.6918921874999999 0.1876453125 0.6874765625 0.1862640625 0.66025 0.174996875 0.6571234375 0.179365625 0.6797500000000001 0.19086406250000001 0.6302640625 0.19937031249999998 0.63063125 0.204890625 0.6817734375 0.1968421875
0 0.719375 0.283203125 0.6603125000000001 0.26796875 0.6309375 0.2623046875 0.630625 0.2681640625 0.6537499999999999 0.2725 0.6440625 0.2821875 0.65171875 0.282421875 0.6576562499999999 0.274609375 0.6626562500000001 0.280078125 0.7015625 0.2904296875 0.7028125000000001 0.2849609375 0.6715625000000001 0.2771484375 0.7189062500000001 0.288671875 0.719375 0.283203125
0 0.7304 0.1989796875 0.75836875 0.15190937499999999 0.759775 0.152690625 0.7429 0.17983906249999998 0.7475875000000001 0.18120624999999999 0.7679 0.1497609375 0.77165 0.148784375 0.7719625 0.15444843749999998 0.773525 0.15640156249999998 0.7789937499999999 0.15620625 0.779775 0.1556203125 0.779775 0.1403859375 0.78368125 0.139053125 0.78524375 0.134365625 0.783525 0.1314359375 0.7828999999999999 0.1267484375 0.78555625 0.1236234375 0.78711875 0.1216703125 0.787275 0.1162015625 0.7857125 0.1150296875 0.7754 0.1294828125 0.7732125 0.1287015625 0.7875875 0.1037015625 0.7854687499999999 0.0974609375 0.76046875 0.1359375 0.7575000000000001 0.1408203125 0.7559375 0.1455078125 0.725 0.177734375 0.6922125 0.21282031250000003 0.6944671875 0.21590625000000002 0.67649375 0.217925 0.6754 0.22339375 0.70743125 0.2208546875 0.7129 0.2185109375 0.7304 0.1989796875
0 0.6915625000000001 0.23671875 0.6912499999999999 0.240625 0.6875 0.24140625 0.67875 0.244375 0.6825 0.23640625 0.678125 0.2346875 0.67421875 0.24015625 0.6696875 0.2435546875 0.6671875 0.24921875 0.64953125 0.26328125 0.654375 0.2669921875 0.66859375 0.255078125 0.6678124999999999 0.260546875 0.6746875 0.260546875 0.67671875 0.2546875 0.6846875 0.257421875 0.69265625 0.2615234375 0.7224999999999999 0.283203125 0.7253125 0.278125 0.7015625 0.2630859375 0.72421875 0.268359375 0.7246875 0.262890625 0.70078125 0.257421875 0.683125 0.2494140625 0.69453125 0.2443359375 0.696875 0.242578125 0.70234375 0.243359375 0.7110937500000001 0.246484375 0.7221875 0.2509765625 0.7275 0.2513671875 0.7271875 0.2435546875 0.7196875 0.24375 0.70875 0.2404296875 0.70921875 0.23671875 0.71546875 0.233984375 0.73125 0.23203125 0.7309375 0.226953125 0.71703125 0.2279296875 0.7096875 0.2314453125 0.7253125 0.2130859375 0.7279687499999999 0.21015625 0.72546875 0.205859375 0.71328125 0.2193359375 0.7065625 0.22578125 0.701875 0.2302734375 0.6965625 0.234765625 0.68671875 0.23125 0.691141225 0.2229538796875 0.68561083125 0.2224798453125 0.681186515625 0.23022239687499998 0.6725 0.22734375 0.66984375 0.2322265625 0.6809375 0.23515625 0.68671875 0.236328125 0.690625 0.2365234375 0.6915625000000001 0.23671875