1 0.7281734375 0.11949218749999999 0.72308125 0.11804531250000001 0.7170640625 0.128171875 0.6943359375 0.12724375000000002 0.6812921875 0.1252859375 0.678965625 0.1160328125 0.6719890625 0.1160328125 0.6696140625 0.12701562500000002 0.656884375 0.12643593749999998 0.65410625 0.115153125 0.6483203125 0.1174671875 0.6478578125000001 0.135984375 0.6708984375 0.13700937500000002 0.681640625 0.147996875 0.6787109375 0.15654062500000002 0.6453109375 0.1562359375 0.64693125 0.1631796875 0.6569499999999999 0.163275 0.657153125 0.1728953125 0.6634296875000001 0.1734 0.6622078124999999 0.164915625 0.6669921875 0.163865625 0.677253125 0.17215 0.6771171875 0.28155312499999996 0.6652750000000001 0.269940625 0.6603984374999999 0.267328125 0.646465625 0.265296875 0.6413578125 0.2670390625 0.6427515625 0.27197343749999997 0.6650421875 0.2774890625 0.676653125 0.2914203125 0.67578125 0.465378125 0.675525 0.5035578125 0.685846875 0.501040625 0.68766875 0.43775000000000003 0.691978125 0.211309375 0.6982484375 0.20608437500000001 0.69848125 0.16864062500000002 0.7282203125 0.16691562499999998 0.7291390625 0.1583125 0.6943359375 0.15654062500000002 0.6946125000000001 0.138009375 0.7286374999999999 0.1365625 0.7281734375 0.11949218749999999
1 0.62109375 0.44555625 0.625 0.2771 0.642578125 0.269775 0.6448484375 0.241875 0.6142578125 0.24169999999999997 0.5987875 0.24129687500000002 0.5967046875 0.2647328125 0.6008703125 0.26907187499999996 0.6171875 0.2746578125 0.6147109375 0.4465796875 0.62109375 0.44555625
0 0 0.23305156249999998 0.077709375 0.239828125 0.1632484375 0.24246249999999997 0.1632484375 0.2356875 0.0837328125 0.23342812500000001 0 0.22665000000000002 0 0.23305156249999998
0 0.475371875 0.23079375 0.393746875 0.2356875 0.3159234375 0.2387 0.25176875 0.2394515625 0.2521015625 0.2454765625 0.3102328125 0.2451 0.3888453125 0.24133437500000002 0.47769843749999996 0.23719375 0.566853125 0.22966250000000002 0.6382375 0.222509375 0.6786796875000001 0.2179921875 0.67898125 0.2119671875 0.6446453125 0.2153546875 0.5844046875 0.22138125 0.475371875 0.23079375
0 0.5270296875 0.2677640625 0.4693578125 0.27741875 0.4685859375 0.28256875 0.4969453125 0.278128125 0.53269375 0.271625 0.5950015625 0.26003906250000003 0.59345625 0.2539234375 0.5270296875 0.2677640625
0 0.6239421875 0.325671875 0.6255671875 0.3294453125 0.6439125 0.32189843749999997 0.6536640625000001 0.315803125 0.6657390624999999 0.305353125 0.67595625 0.2949046875 0.6734015624999999 0.29055 0.659934375 0.303903125 0.6487875 0.31260937499999997 0.6439125 0.3143515625 0.632534375 0.321028125 0.6239421875 0.325671875
0 0.6700859375 0.2304796875 0.643865625 0.23814687499999998 0.645134375 0.24396093749999997 0.6717765625000001 0.2368234375 0.6700859375 0.2304796875
0 0.7301375 0.204578125 0.6924984375000001 0.20907187500000002 0.6927109375 0.21488749999999998 0.7311953124999999 0.2096 0.7301375 0.204578125
0 0.7265421875 0.1926828125 0.6973625 0.193740625 0.6977859375000001 0.199290625 0.7280234375 0.1984984375 0.7265421875 0.1926828125
0 0.7140671875 0.177353125 0.70116875 0.19215625 0.704340625 0.1947984375 0.71745 0.1797328125 0.7140671875 0.177353125
0 0.7333093749999999 0.1570015625 0.76396875 0.11233125 0.761009375 0.10625312499999999 0.7273890625 0.1570015625 0.7333093749999999 0.1570015625
0 0.7266984375 0.11656249999999999 0.7283906250000001 0.1239625 0.734521875 0.11735625000000001 0.764125 0.0814078125 0.7771874999999999 0.0654296875 0.7990625 0.0310546875 0.7928828125 0.0309234375 0.76609375 0.06953125 0.746575 0.093303125 0.7266984375 0.11656249999999999
0 0.7878125 0.075390625 0.8134375 0.0333984375 0.80796875 0.0318359375 0.7814062500000001 0.0736328125 0.7878125 0.075390625
0 0.8301562499999999 0 0.8178124999999999 0.016015625 0.82261875 0.018437500000000002 0.82328125 0.0173828125 0.8357812499999999 0 0.8301562499999999 0
0 0.80546875 0.022265625 0.8175000000000001 0.0001953125 0.8125 0 0.79984375 0.021875 0.80546875 0.022265625
0 0 0.18048906250000002 0.11421718750000001 0.18732500000000002 0.11462187500000001 0.18048906250000002 0 0.1731484375 0 0.17998281249999998 0 0.18048906250000002
0 0.187059375 0.1865640625 0.186715625 0.1921328125 0.3147046875 0.19618437500000002 0.43220000000000003 0.19745 0.5872890625 0.19972812499999998 0.6786328125 0.199475 0.678025 0.193653125 0.643396875 0.19441250000000002 0.5640109375 0.19441250000000002 0.4440015625 0.193653125 0.282690625 0.1896015625 0.187059375 0.1865640625
0 0.6328515625 0.1954234375 0.6504703125 0.1346703125 0.6448 0.132646875 0.6277874999999999 0.19339843750000002 0.6328515625 0.1954234375
0 0.6660625 0.0815109375 0.6520890625 0.1151796875 0.656746875 0.11695156250000001 0.68671875 0.046578125 0.6812515625 0.0455640625 0.6660625 0.0815109375
0 0.720740625 0.042021875 0.71385625 0.042021875 0.6897562500000001 0.09037031250000001 0.674365625 0.1151796875 0.679834375 0.11695156250000001 0.6948203125 0.09315625 0.720740625 0.042021875
0 0.6982625 0 0.6881375000000001 0.029617187499999996 0.684896875 0.03873125 0.6901625 0.03873125 0.7008953124999999 0.010125 0.7043375000000001 0 0.6982625 0
0 0.733296875 0 0.7185140624999999 0.0339203125 0.7245890625 0.0351859375 0.7405875 0 0.733296875 0
0 0.815165625 0.0363828125 0.817590625 0.036045312499999996 0.8213640625 0.027623437499999997 0.8240578125000001 0.019539062500000003 0.8189375 0.01650625 0.808428125 0.0215609375 0.797109375 0.023579687499999998 0.738628125 0.0326765625 0.6585875 0.04413125 0.46478437499999997 0.06434218750000001 0.36535 0.0710796875 0.23843437500000003 0.0771421875 0.09390156250000001 0.0774796875 0.0003859375 0.07445 0 0.081228125 0.052012499999999996 0.08320625000000001 0.1301671875 0.0842171875 0.2311828125 0.08388124999999999 0.3715765625 0.0774796875 0.52774375 0.065015625 0.6853390625 0.0458140625 0.7812078125 0.031665624999999996 0.8049250000000001 0.0272875 0.8068109375000001 0.031665624999999996 0.815165625 0.0363828125
0 0.9853249999999999 0 0.9524078125000001 0.03515 0.957421875 0.0367875 0.99251875 0 0.9853249999999999 0
0 0.9875046875000001 0.0422359375 1 0.03051875 0.9997125 0.022889062499999998 0.9829265625 0.0381484375 0.9875046875000001 0.0422359375
0 0.6070359375 0.3164921875 0.508903125 0.3263203125 0.508903125 0.3318265625 0.6079796875000001 0.32278281249999996 0.6070359375 0.3164921875
0 0.4149328125 0.28419531249999996 0.37263437499999996 0.2848265625 0.37238125 0.28986093749999997 0.4154359375 0.289546875 0.4149328125 0.28419531249999996