1 0.0971015625 0.4795546875 0.096875 0.4462890625 0.09859375000000001 0.1607421875 0.1065625 0.1599609375 0.10796874999999999 0.1400390625 0.097284375 0.13159375 0.09734374999999999 0.1216796875 0.0841 0.12160625 0.0848359375 0.3760234375 0.084375 0.4736328125 0.0971015625 0.4795546875
0 0 0.12015625 0.083559375 0.1424078125 0.0841890625 0.1345546875 0 0.1123046875 0 0.12015625
0 0 0.237434375 0.054240625 0.18350781249999998 0.0846875 0.150390625 0.08209375 0.14424062499999998 0 0.2274859375 0 0.237434375
0 0.0825125 0.1688484375 0 0.2719875 0.003979687500000001 0.2774859375 0.0841890625 0.1774859375 0.0825125 0.1688484375
0 0.29487968750000004 0.263284375 0.24511406249999998 0.24135625 0.2462703125 0.24858281249999997 0.292903125 0.268334375 0.29487968750000004 0.263284375
0 0.24745625000000002 0.3169015625 0.24695 0.322275 0.26616093749999997 0.327646875 0.3007890625 0.33206875 0.30053593749999996 0.3273296875 0.26439218750000004 0.322275 0.24745625000000002 0.3169015625
0 0.22774062499999997 0.23191250000000002 0.176934375 0.200315625 0.1471875 0.1783203125 0.10868906250000002 0.147234375 0.104896875 0.1541859375 0.14913125 0.18988906249999998 0.195134375 0.2218 0.2255546875 0.239815625 0.22774062499999997 0.23191250000000002
0 0.1124609375 0.3316765625 0.096334375 0.3625640625 0.0984890625 0.3681078125 0.1277484375 0.3136109375 0.131728125 0.305496875 0.12627968750000002 0.30475625 0.1124609375 0.3316765625
0 0.176753125 0.293978125 0.0952875 0.301046875 0.09549687500000001 0.307853125 0.1775921875 0.3 0.176753125 0.293978125
0 0.0160109375 0.3390984375 0.020200000000000003 0.34381093749999997 0.03758125 0.330196875 0.02396875 0.343025 0.026271875 0.348259375 0.0830265625 0.294334375 0.076325 0.293025 0.0160109375 0.3390984375
0 0 0.281928125 0.016959375 0.2827546875 0.043390625 0.287984375 0.082815625 0.29238906249999996 0.0839171875 0.2868828125 0.0493375 0.2835796875 0.037884375 0.27999999999999997 0 0.2755953125 0 0.281928125
0 0.1154140625 0.2907375 0.0972625 0.2895578125 0.09693906249999999 0.2956390625 0.11585468750000001 0.29734531249999996 0.1154140625 0.2907375