1 0.7158203125 0 0.7138671875 0.026856249999999998 0.69625 0.0259765625 0.6956249999999999 0.013671875 0.6875 0.0158203125 0.68671875 0.024609375 0.6876562500000001 0.0423828125 0.6878124999999999 0.0626953125 0.6875 0.0755859375 0.6909375 0.1 0.6917187499999999 0.1130859375 0.70078125 0.1125 0.7009375 0.1025390625 0.7185937499999999 0.10078125 0.71875 0.12573281249999999 0.720703125 0.23315468749999999 0.70890625 0.234765625 0.71015625 0.248828125 0.720703125 0.24780312499999999 0.72265625 0.2771 0.72265625 0.521240625 0.7275390625 0.5322265625 0.736328125 0.53100625 0.7368750000000001 0.2451171875 0.7540625000000001 0.2455078125 0.7537499999999999 0.2365234375 0.73828125 0.23559531250000001 0.736328125 0.21118125000000001 0.7392578125 0.205078125 0.7666015625 0.20752031249999997 0.76953125 0.19897499999999999 0.7646484375 0.192871875 0.736328125 0.19409218749999999 0.73828125 0.10864218750000001 0.7490625 0.1015625 0.76271875 0.100303125 0.7625 0.084375 0.7620312499999999 0.0724609375 0.76296875 0.065625 0.759765625 0.025634374999999997 0.7596875 0.016015625 0.7535937500000001 0.0154296875 0.7496875000000001 0.0201171875 0.729375 0.0255859375 0.72859375 0 0.7158203125 0
1 0.48609375000000005 0.1748046875 0.48671875 0.1939453125 0.479375 0.19609375 0.4803125 0.2015625 0.486328125 0.20141562500000001 0.48828125 0.21606406250000001 0.48828125 0.2746578125 0.478515625 0.2746578125 0.47874999999999995 0.310546875 0.490234375 0.3137203125 0.48828125 0.3894046875 0.5 0.3894046875 0.5 0.3137203125 0.51171875 0.308203125 0.50984375 0.2712890625 0.498046875 0.2722171875 0.49609375 0.18188437500000001 0.494140625 0.16967812499999999 0.4873046875 0.166015625 0.47703125 0.16796875 0.47796874999999994 0.175390625 0.48609375000000005 0.1748046875
1 0.438125 0.2650390625 0.4346875 0.264453125 0.43328125 0.25546875 0.428125 0.2546875 0.42109375 0.25703125 0.4215625 0.2624515625 0.42796874999999995 0.2638671875 0.42828125000000006 0.2732421875 0.42453124999999997 0.2755859375 0.425 0.28046875 0.42953125 0.28359375 0.43 0.3234375 0.42421875 0.3255859375 0.423515625 0.345459375 0.43171875000000004 0.3484375 0.43328125 0.3942875 0.439140625 0.3942875 0.4390625 0.3734375 0.44484375 0.3650390625 0.44406249999999997 0.358203125 0.43921875000000005 0.3537109375 0.44625000000000004 0.34765625 0.4453125 0.3220703125 0.4371875 0.3248046875 0.43484375000000003 0.2724609375 0.43796875 0.271484375 0.438125 0.2650390625
0 0.8623921875 0.1213 0.92705 0.0851859375 0.9284578124999999 0.0760328125 0.8594640625000001 0.11475312499999998 0.7701390625 0.162059375 0.737128125 0.17748906250000002 0.74034375 0.183396875 0.8212765624999999 0.1441671875 0.8623921875 0.1213
0 0.8957906250000001 0.150309375 0.9373437499999999 0.1263671875 0.9359375 0.1197265625 0.8964062500000001 0.1427734375 0.8907812500000001 0.14609375 0.8957906250000001 0.150309375
0 0.742596875 0.23514218750000002 0.8420046875 0.1816375 0.840625 0.174609375 0.7558328125 0.2203578125 0.737809375 0.23126875 0.742596875 0.23514218750000002
0 0.8191843750000001 0 0.76161875 0.0414625 0.7594796875000001 0.0436015625 0.76171875 0.0476078125 0.76333125 0.0497546875 0.832665625 0 0.8191843750000001 0
0 0.8704468750000001 0 0.856084375 0.00985625 0.7992 0.048578125 0.7949765625 0.051745312499999994 0.78934375 0.055265625 0.7603390625 0.0763875 0.762309375 0.0820171875 0.8025796875 0.0566734375 0.8828374999999999 0 0.8704468750000001 0
0 0.7709374999999999 0.2591796875 0.7775000000000001 0.256640625 0.85484375 0.2259765625 0.8543953125 0.2171890625 0.767578125 0.2526859375 0.7709374999999999 0.2591796875
0 0.6407671875000001 0.3383515625 0.6573984375 0.3283171875 0.65625 0.3220703125 0.6338843749999999 0.335246875 0.63425625 0.3413875 0.6407671875000001 0.3383515625
0 0.6505156249999999 0.2896078125 0.651471875 0.296296875 0.6531921875 0.296296875 0.7119640625 0.2510140625 0.7105406249999999 0.2446828125 0.6530015625 0.28793437499999996 0.6505156249999999 0.2896078125
0 0.65128125 0.260934375 0.6463109375 0.26714375 0.6478390625 0.2740734375 0.6531921875 0.2685796875 0.71875 0.19653281250000001 0.71671875 0.1884765625 0.65128125 0.260934375
0 0.59421875 0 0.568771875 0.05063125 0.53359375 0.1078125 0.5171875 0.13359375 0.49574999999999997 0.1561703125 0.48440312499999993 0.16555625000000002 0.49004531250000005 0.17114374999999998 0.519140625 0.1454734375 0.54203125 0.1107421875 0.5739062500000001 0.058984375 0.60359375 0 0.59421875 0
0 0.47546875 0.206640625 0.47234375 0.214453125 0.46671874999999996 0.2267578125 0.45284375 0.25099062499999997 0.44421875 0.2654296875 0.4381984375 0.271225 0.4393546875 0.2794140625 0.44629062499999994 0.27315 0.4603125 0.2638671875 0.46640625 0.2578125 0.48714375 0.2230484375 0.48624999999999996 0.2142578125 0.470571875 0.23942968750000002 0.45900937500000005 0.2582171875 0.4809765625 0.205225 0.47843749999999996 0.19921875 0.47546875 0.206640625
0 0.68640625 0.0341796875 0.68828125 0.0314453125 0.6840625 0.0224609375 0.6501671875 0.075634375 0.6100859375 0.1377796875 0.5734734375 0.18788125 0.5453390625 0.22353125000000001 0.524859375 0.243353125 0.5097875000000001 0.25630625 0.49765625 0.2666015625 0.49984375 0.273828125 0.53763125 0.24087343749999998 0.5538171875 0.22497656250000003 0.583125 0.1896484375 0.6093140625 0.1512703125 0.636678125 0.11369375 0.6576562499999999 0.080078125 0.67484375 0.05234375 0.68640625 0.0341796875
0 0.5326203125 0.265925 0.539171875 0.2596625 0.550734375 0.2471359375 0.5831078125 0.21293125000000002 0.600625 0.189453125 0.6095312500000001 0.178515625 0.6621140624999999 0.10213125 0.6859375 0.0666015625 0.6917187499999999 0.05546875 0.6896875 0.048828125 0.6334375 0.1318359375 0.5973671875 0.1825828125 0.5790625 0.20546875 0.557671875 0.22931249999999997 0.5260687500000001 0.2639984375 0.5091109375 0.27267031249999996 0.51171875 0.2794921875 0.5326203125 0.265925
0 0.51171875 0.2984375 0.5121875 0.30390625 0.5134546875 0.30609375 0.55805625 0.2897734375 0.588503125 0.26713125 0.6275000000000001 0.2330078125 0.6540625 0.20546875 0.7069875 0.147653125 0.719153125 0.13175937499999998 0.717421875 0.1232984375 0.7101578125 0.1326171875 0.6682812499999999 0.1799359375 0.66045625 0.18900937499999998 0.6185921875 0.2310640625 0.5717578125 0.2716859375 0.5493921875 0.284828125 0.53085 0.2917578125 0.51171875 0.2984375
0 0.531196875 0.277940625 0.5092140625 0.28630468750000004 0.5109359375 0.29441562499999996 0.5286921875 0.286459375 0.5525 0.276171875 0.5724734375 0.2642859375 0.6084375 0.2328125 0.656875 0.18125 0.69484375 0.1359375 0.7040625 0.1244140625 0.712040625 0.11389687500000001 0.7142999999999999 0.10867968750000001 0.710284375 0.10511875 0.7061171875000001 0.1101953125 0.6773015625000001 0.1452921875 0.6329796875 0.197321875 0.6141281249999999 0.21756718749999998 0.5844765625 0.2447890625 0.55359375 0.267578125 0.545625 0.2732421875 0.531196875 0.277940625
0 0.59846875 0.21783437499999997 0.615625 0.2009765625 0.6303124999999999 0.1849609375 0.6503125 0.1619140625 0.65859375 0.1525390625 0.6688156249999999 0.139459375 0.69309375 0.10767968750000001 0.69118125 0.10098750000000001 0.61185 0.19871875 0.65515625 0.14140625 0.673125 0.1169921875 0.6820062499999999 0.10457187500000001 0.68875 0.0958984375 0.6833437499999999 0.09167031249999999 0.6791390625 0.0978828125 0.646875 0.1419921875 0.6099390625 0.1874890625 0.5870015625 0.2170015625 0.5777015624999999 0.228153125 0.55859375 0.249609375 0.5496875 0.2583984375 0.54125 0.267578125 0.545625 0.2703125 0.59846875 0.21783437499999997
0 0.7872984375 0 0.75990625 0.024075 0.7618328125 0.030762499999999998 0.799925 0 0.7872984375 0
0 0.7714624999999999 0 0.7517750000000001 0.014981249999999998 0.7596921875 0.017921875 0.78301875 0.0005359375000000001 0.7714624999999999 0
0 0.757553125 0 0.73829375 0.016584375000000002 0.74193125 0.022203125 0.7710343749999999 0 0.757553125 0
0 0.743215625 0 0.7293046875 0.0115015625 0.730375 0.0184578125 0.7314453125 0.0189921875 0.7551984375 0 0.743215625 0
0 0.7073437499999999 0 0.6896875 0.0150390625 0.68953125 0.0154296875 0.6951562499999999 0.0162109375 0.71359375 0.0005859375 0.7073437499999999 0
0 0.6431250000000001 0 0.6062515625 0.061329687499999994 0.5674812499999999 0.119540625 0.5486375 0.1425546875 0.5365078125 0.1560921875 0.5309375000000001 0.1607421875 0.5453890625 0.1412 0.5774453125 0.08894687500000001 0.621846875 0.0098890625 0.6276953125 0.0001421875 0.6190625 0 0.5700796875 0.0909703125 0.5261109375 0.15703125 0.5100828125 0.17625625 0.501853125 0.1824828125 0.49730468749999995 0.1813984375 0.49578749999999994 0.191109375 0.5016359375 0.1892125 0.50835 0.18488125 0.5310937499999999 0.171884375 0.5488546875 0.154015625 0.578528125 0.11611093750000001 0.60776875 0.0717109375 0.6411234375 0.0172 0.6515625 0 0.6431250000000001 0
0 0.45530625 0.3418734375 0.46598281249999995 0.3306859375 0.48011406250000005 0.3106671875 0.47650156250000003 0.3055671875 0.466925 0.3204796875 0.4620578125 0.32656406250000003 0.45531249999999995 0.3341796875 0.44745625 0.3412828125 0.4476140625 0.346975 0.45530625 0.3418734375
0 0.46990781249999997 0.3122390625 0.479328125 0.2959484375 0.47618906250000004 0.2916328125 0.46975156250000005 0.3032109375 0.4573484375 0.32244375000000003 0.448084375 0.3285265625 0.449375 0.3353515625 0.4620578125 0.3251921875 0.46990781249999997 0.3122390625
0 0.459703125 0.315575 0.46755312499999996 0.3026234375 0.4782296875 0.2841734375 0.47650156250000003 0.27651875000000004 0.4716359375 0.28652968749999996 0.459703125 0.3049765625 0.454521875 0.3136140625 0.44635781249999995 0.3208734375 0.44855625000000005 0.32636875 0.459703125 0.315575
1 0.41671874999999997 0.3962890625 0.41656250000000006 0.3796875 0.41622031249999997 0.362225 0.41597343750000004 0.343775 0.41425156249999995 0.327784375 0.4058890625 0.329015625 0.4056421875 0.3339359375 0.40921874999999996 0.33984375 0.4105625 0.3960484375 0.41484375 0.395703125 0.41671874999999997 0.3962890625
0 0.44375 0.24765625 0.440625 0.2517578125 0.43578124999999995 0.2564453125 0.43828125 0.26171875 0.44421875 0.256640625 0.45171875000000006 0.24453125 0.46125 0.2259765625 0.47078125000000004 0.2041015625 0.4803125 0.17578125 0.4759375 0.175 0.46656250000000005 0.201953125 0.45328125 0.232421875 0.44625000000000004 0.244921875 0.44375 0.24765625
0 0.7187 0.27034375 0.7065 0.2832828125 0.7096421875 0.2865203125 0.7222125 0.27473437500000003 0.7187 0.27034375