1 0.1375 0.4794921875 0.1265625 0.0869140625 0.1257984375 0.055037499999999996 0.11640625 0.052734375 0.1099078125 0.052968749999999995 0.1125 0.1005859375 0.1234375 0.4990234375 0.12397812500000001 0.5439375 0.13916875 0.548225 0.1375 0.4794921875
1 0.65 0.3212890625 0.6412140625 0.2383125 0.6375 0.1591796875 0.63203125 0.150390625 0.62451875 0.15088437500000002 0.6387328125 0.3133296875 0.64375 0.4267578125 0.6436953125 0.44983125 0.653125 0.4501953125 0.65 0.3212890625
1 0.3703125 0.3466796875 0.3744 0.4221109375 0.3780453125 0.42438906249999997 0.38116875 0.42243593749999997 0.3765625 0.3427734375 0.37921875 0.3380859375 0.3796875 0.3251953125 0.3890625 0.3193359375 0.389240625 0.312759375 0.35546875 0.3125 0.353125 0.3212890625 0.3625 0.3251953125 0.3628125 0.3400390625 0.3703125 0.3466796875
0 0.51796875 0.232421875 0.47921874999999997 0.240234375 0.4463453125 0.24038125 0.4002203125 0.2344671875 0.3304421875 0.21110937500000002 0.30859375 0.19921875 0.26015625 0.171875 0.2221078125 0.1460609375 0.1975 0.12734375 0.12671875 0.0689453125 0.12625 0.0775390625 0.13999999999999999 0.089453125 0.1939609375 0.1360078125 0.2552234375 0.1782890625 0.32999999999999996 0.21953125 0.39875 0.2421875 0.4090625 0.24453125 0.45093750000000005 0.2482421875 0.46875 0.2490234375 0.53984375 0.23515625 0.55171875 0.2298828125 0.5909375 0.20703125 0.5974999999999999 0.20234375 0.626875 0.1755859375 0.6256390625 0.16971562499999998 0.5953125 0.194921875 0.56934375 0.21288281250000002 0.5475828125 0.22411875 0.51796875 0.232421875
0 0.55765625 0.28203125 0.6340625 0.252734375 0.632778125 0.245721875 0.54859375 0.27734375 0.50546875 0.291015625 0.3884375 0.31796875 0.38937499999999997 0.32421875 0.4734375 0.306640625 0.55765625 0.28203125
0 1 0.2639765625 0.82125 0.25703125 0.703559375 0.25072031250000004 0.7046875 0.258984375 0.7976093750000001 0.2634875 1 0.2705078125 1 0.2639765625
0 0.132578125 0.234275 0.13484218750000002 0.2449671875 0.171875 0.2724609375 0.1796875 0.2705078125 0.132578125 0.234275
1 0.3994140625 0.3759765625 0.3955078125 0.3759765625 0.39453125 0.3796390625 0.3974609375 0.380859375 0.40234375 0.3869625 0.40234375 0.3942875 0.404296875 0.396728125 0.404296875 0.416259375 0.40625 0.4187015625 0.40625 0.4382328125 0.408203125 0.4406734375 0.408203125 0.4577640625 0.4111328125 0.46142656249999997 0.412109375 0.4602046875 0.4140625 0.4577640625 0.4140625 0.443115625 0.412109375 0.4406734375 0.412109375 0.416259375 0.41015625 0.41381875 0.41015625 0.3796390625 0.4150390625 0.37841874999999997 0.41796875 0.37475625 0.4013671875 0.37353593749999997 0.3994140625 0.3759765625
1 0.32421875 0.2806640625 0.3178125 0.280859375 0.318359375 0.299071875 0.3292203125 0.40984999999999994 0.33203125 0.4602046875 0.3332453125 0.467578125 0.33984375 0.4650875 0.337890625 0.423584375 0.33132812500000003 0.3640984375 0.3299875 0.3521203125 0.328125 0.3332515625 0.3486328125 0.322265625 0.353515625 0.3161625 0.3521375 0.3131234375 0.3466796875 0.31494218749999997 0.3291015625 0.3271484375 0.32421875 0.2806640625
0 0.32546875000000003 0.3 0.33525 0.3213328125 0.339940625 0.3184 0.32774375 0.2967046875 0.32546875000000003 0.3
0 0.0883015625 0.12326875 0.000503125 0.206915625 0 0.21509218749999998 0.0649046875 0.16068906249999998 0.11270312499999999 0.11918124999999999 0.11245156249999999 0.1147796875 0.105659375 0.11760937499999999 0.041257812500000005 0.1779859375 0.0893078125 0.12924375 0.11194843750000001 0.0996859375 0.110690625 0.0930796875 0.1028921875 0.10062968750000001 0.0883015625 0.12326875
0 0.1290546875 0.088678125 0.1271875 0.0869140625 0.12640625 0.109765625 0.16553281250000002 0.18521875000000002 0.1864140625 0.2185515625 0.198740625 0.2345890625 0.200753125 0.229871875 0.18238749999999998 0.2034578125 0.1605015625 0.160375 0.1290546875 0.088678125
0 0.17617031249999998 0.3189453125 0.14598125 0.29103124999999996 0.14101875 0.290515625 0.1403984375 0.2858625 0.132334375 0.279659375 0.13109375 0.288446875 0.13585 0.29154843750000003 0.13605625 0.2943921875 0.13833125 0.29982031249999996 0.14225937500000002 0.29982031249999996 0.147428125 0.298784375 0.169553125 0.3186875 0.174721875 0.32153125 0.17617031249999998 0.3189453125
0 0.8758437499999999 0.211171875 0.922153125 0.2154765625 0.92243125 0.2095484375 0.8426562499999999 0.20152968750000003 0.7084890625 0.1830484375 0.6370828125 0.1711953125 0.6379203125 0.17607656249999998 0.7480984375 0.19455625000000001 0.8758437499999999 0.211171875
0 0.7866453124999999 0.189446875 0.637428125 0.166375 0.6384671875000001 0.170925 0.7726078125 0.192696875 0.9272859375 0.20992031249999998 0.9283250000000001 0.203746875 0.7866453124999999 0.189446875
0 0.8456578125 0.194971875 0.936125 0.20504531250000002 0.9369046875 0.198871875 0.82278125 0.1874984375 0.7267859375 0.1740921875 0.6366484375 0.1592265625 0.6369078125 0.1657265625 0.7653296875 0.1855484375 0.8456578125 0.194971875