1 0.8640625 0.6494140625 0.87109375 0.6640625 0.9046875 0.6689453125 0.93515625 0.6640625 0.9375 0.6455078125 0.91875 0.5771484375 0.915625 0.3564453125 0.9 0.0029296875 0.86796875 0 0.8796875 0.5458984375 0.878125 0.6142578125 0.8640625 0.6376953125 0.8640625 0.6494140625
1 0.284375 0.1708984375 0.30515781249999996 0.171171875 0.3078125 0.1630859375 0.309684375 0.14633281250000002 0.309684375 0.12026406249999999 0.2421984375 0.12149218749999999 0.2388546875 0.1291171875 0.24082187500000002 0.1728953125 0.26875 0.1708984375 0.275 0.4619140625 0.2765625 0.4912109375 0.284375 0.4970703125 0.28125 0.2607421875 0.30078125 0.2421875 0.32842812499999996 0.24016406250000003 0.3296875 0.2353515625 0.327453125 0.23102187500000002 0.31328125 0.232421875 0.29296875 0.240234375 0.28204843749999997 0.251228125 0.28125 0.2470703125 0.284375 0.1708984375
1 0.43203125 0.3180546875 0.43187499999999995 0.3099609375 0.4 0.313171875 0.40133125 0.31940625 0.4125 0.320984375 0.41445 0.47425937500000004 0.4212953125 0.4724765625 0.41875 0.3229375 0.43203125 0.3180546875
1 0.43909374999999995 0.36190625 0.440625 0.4833984375 0.446875 0.4853515625 0.446875 0.4052734375 0.456059375 0.3778109375 0.4546875 0.3642578125 0.43909374999999995 0.36190625
0 0.1101796875 0 0.1642859375 0.058040625 0.210915625 0.10427656249999999 0.24023124999999998 0.12985625 0.2429859375 0.12198437499999999 0.23098437500000002 0.1101796875 0.11844375 0 0.1101796875 0
0 0.170778125 0 0.2187859375 0.05902500000000001 0.27545000000000003 0.12223124999999999 0.28292656250000003 0.1190328125 0.1788453125 0 0.170778125 0
0 0.19930781250000001 0 0.2388546875 0.053859375 0.250265625 0.0673859375 0.270728125 0.0912421875 0.294928125 0.1182953125 0.30122343749999997 0.12419687500000001 0.30712656250000003 0.121 0.2482984375 0.0521390625 0.20737343749999998 0 0.19930781250000001 0
0 0.29609375 0.2478515625 0.290115625 0.252703125 0.3328125 0.3154296875 0.364565625 0.3530328125 0.3694421875 0.348109375 0.3366234375 0.3099 0.3235734375 0.2896125 0.29609375 0.2478515625
0 0.0020843750000000003 0.119321875 0.030846875000000003 0.1422484375 0.0379328125 0.1406859375 0.0050015625 0.1161953125 0.0020843750000000003 0.119321875
0 0 0.189303125 0.0336890625 0.2105609375 0.050982812499999995 0.222196875 0.1015109375 0.2500796875 0.138625 0.26990625 0.1812828125 0.2895703125 0.22459687499999997 0.3072171875 0.253153125 0.31644218749999997 0.2717625 0.32125312500000003 0.2711203125 0.31604062499999996 0.2275078125 0.3024234375 0.1764609375 0.2810609375 0.1408859375 0.26401875 0.053903124999999996 0.2153734375 0.006275 0.1857625 0 0.1821953125 0 0.189303125
0 0 0.169003125 0.042499999999999996 0.199665625 0.1098171875 0.2417390625 0.15859218749999998 0.2688359375 0.196528125 0.2873765625 0.23731718750000003 0.3037765625 0.27 0.3142578125 0.27171875 0.3119140625 0.2712609375 0.30912656250000003 0.20964999999999998 0.28559375 0.1759921875 0.27026249999999996 0.10953125 0.23389375 0.028809374999999998 0.182553125 0 0.1636546875 0 0.169003125
0 0.284303125 0.197978125 0.3087828125 0.23314218750000001 0.314209375 0.2299515625 0.28587656250000004 0.1883859375 0.284303125 0.197978125
0 0.251753125 0.2627203125 0.269184375 0.235759375 0.2641015625 0.23258125000000002 0.24757812499999998 0.2595890625 0.24910312499999998 0.264671875 0.251753125 0.2627203125
0 0.40113281250000005 0.3175640625 0.40029843749999994 0.3120796875 0.372928125 0.29745468750000004 0.344096875 0.26820468750000004 0.32140625 0.2404296875 0.3153125 0.2431640625 0.33782968750000003 0.2702953125 0.3672875 0.3013734375 0.38650937500000004 0.31181875 0.40113281250000005 0.3175640625
0 0.37539218750000003 0.2836328125 0.3979421875 0.305259375 0.41077343749999995 0.3120640625 0.4127171875 0.3091484375 0.403775 0.3040453125 0.3829734375 0.283390625 0.3551734375 0.24426562500000001 0.3295125 0.20198437500000002 0.30859375 0.16484375 0.30501875 0.1711234375 0.33670625 0.22749999999999998 0.37539218750000003 0.2836328125
0 0.30929531250000003 0.1370546875 0.31734375 0.15546875 0.32875 0.1798828125 0.35281250000000003 0.228125 0.374225 0.2629296875 0.38232187500000003 0.2764546875 0.38656250000000003 0.28203125 0.40183125000000003 0.3005953125 0.4171890625 0.312259375 0.42029843749999996 0.3088578125 0.41531250000000003 0.3041015625 0.40378749999999997 0.2921078125 0.3885015625 0.27259375 0.37234375000000003 0.24765625 0.3458421875 0.1992640625 0.3242640625 0.1574671875 0.31162812500000003 0.13170781250000002 0.30929531250000003 0.1370546875
0 0.29859375 0.325671875 0.3365625 0.362390625 0.34781249999999997 0.37098437500000003 0.350625 0.3664921875 0.31140625 0.3298828125 0.2834375 0.3037109375 0.28171875 0.3090703125 0.29859375 0.325671875
0 0.30593750000000003 0.3412109375 0.2822015625 0.3113609375 0.28201875 0.326078125 0.319546875 0.36861875 0.35026875 0.39874375 0.36848125 0.40978125 0.373265625 0.4113921875 0.38540625 0.4118515625 0.3933171875 0.41231093750000003 0.3990203125 0.4102421875 0.3973640625 0.4056421875 0.39265 0.4069453125 0.3799265625 0.4063265625 0.3697703125 0.4028828125 0.35578750000000003 0.3939140625 0.3403125 0.378125 0.33625 0.3744140625 0.31328125 0.35078125 0.30593750000000003 0.3412109375