1 0.70675 0.1236703125 0.71875 0.1217703125 0.7203125 0.1569265625 0.706971875 0.17021718749999998 0.70625 0.1745046875 0.705065625 0.206415625 0.7192671875000001 0.20882499999999998 0.7190265625000001 0.22898437500000002 0.7130093750000001 0.23259375000000002 0.7115640625 0.23650625 0.7140625 0.2995046875 0.71785 0.48644687500000006 0.7237796875 0.4897421875 0.7290515625 0.48603593749999996 0.7280625 0.423440625 0.7328125 0.24481718749999998 0.7375 0.1686453125 0.7346734374999999 0.153459375 0.73203125 0.048528125 0.7236 0.048145312499999995 0.7168609375 0.07672812500000001 0.70723125 0.07763125 0.706028125 0.09809375000000001 0.70675 0.1236703125
1 0.06593750000000001 0.2302734375 0.06484375 0.1767578125 0.05765625 0.1787109375 0.056406250000000005 0.2283203125 0.05765625 0.2294921875 0.06593750000000001 0.2302734375
0 0.626446875 0.07906250000000001 0.7051375 0.09604531250000001 0.7059109375 0.088640625 0.493375 0.035553125000000005 0.4846453125 0.0330875 0.33674218749999996 0 0.332821875 0.0044546875 0.3394140625 0.0071265625 0.359375 0.0125 0.44578281249999996 0.03340625 0.573171875 0.0650359375 0.626446875 0.07906250000000001
0 0.7546875 0.2177734375 0.8074578125 0.4274484375 0.8160234375 0.42662500000000003 0.7688390625 0.23277343749999999 0.739246875 0.125475 0.7346734374999999 0.1357046875 0.7546875 0.2177734375
0 0.5891859375 0.161334375 0.36345625 0.160984375 0.0871640625 0.1508015625 0.0820609375 0.15845625000000002 0.340828125 0.16831875000000002 0.42016875000000004 0.1693671875 0.5861125 0.1690171875 0.5891859375 0.161334375
0 0.00828125 0.2076171875 0.00671875 0.21328125 0.045156249999999995 0.2365234375 0.047343750000000004 0.2279296875 0.00828125 0.2076171875
0 0.7031046875 0.18833125 0.6390515625 0.189928125 0.639903125 0.1973765625 0.70416875 0.196578125 0.7031046875 0.18833125
0 0.70331875 0.17636093749999998 0.662459375 0.1760953125 0.6307515625 0.1760953125 0.63091875 0.182453125 0.6330921875 0.1830109375 0.679696875 0.181946875 0.7043828125 0.181946875 0.70331875 0.17636093749999998
0 0.7136484375000001 0.1616171875 0.6943796875 0.161465625 0.687996875 0.171040625 0.671396875 0.171040625 0.6633109375 0.1622640625 0.6115999999999999 0.1630609375 0.60798125 0.163859375 0.6086203125 0.16997656249999998 0.6177703125 0.17024375 0.6592671875 0.17024375 0.6675671875 0.1766265625 0.68671875 0.17689531249999998 0.69523125 0.17024375 0.7112203125 0.1664234375 0.7136484375000001 0.1616171875
0 0.44515625 0.1794921875 0.49609375 0.179296875 0.521875 0.179296875 0.5215625 0.1744140625 0.44484375 0.175 0.44515625 0.1794921875
0 0.43499999999999994 0.1826171875 0.4346875 0.188671875 0.5001562500000001 0.1890625 0.51765625 0.1892578125 0.51828125 0.1833984375 0.4921875 0.1837890625 0.43499999999999994 0.1826171875
0 0.3846703125 0.1699328125 0.3112890625 0.168003125 0.1650421875 0.1644625 0.06890625 0.1603515625 0.0684375 0.1693359375 0.186928125 0.17283125 0.2986734375 0.17508437500000001 0.3854421875 0.177015625 0.3846703125 0.1699328125
0 0.336834375 0.180446875 0.2827234375 0.1792765625 0.1390625 0.1771484375 0.07375000000000001 0.1763671875 0.0725 0.1837890625 0.104278125 0.1837734375 0.2935234375 0.18602812500000002 0.336834375 0.18653124999999998 0.336834375 0.180446875
0 0.3743375 0.2277796875 0.2463265625 0.20477812499999998 0.161625 0.18742343749999998 0.15224375 0.18577656250000002 0.1509265625 0.19174375 0.244546875 0.211209375 0.3195328125 0.223575 0.3737453125 0.23371406249999999 0.3743375 0.2277796875
0 0.08390625 0.220703125 0.07078124999999999 0.1865234375 0.06671875000000001 0.1884765625 0.07843750000000001 0.2236328125 0.08390625 0.220703125
0 0.11125 0.204296875 0.10609375000000001 0.1841796875 0.1003125 0.18515625 0.10593749999999999 0.204296875 0.11125 0.204296875
0 0.3359 0.2395703125 0.176990625 0.24358749999999998 0.17678906249999998 0.2521265625 0.3357 0.24810781249999997 0.3359 0.2395703125
0 0.348959375 0.23580312499999997 0.21837656249999998 0.21922812500000002 0.07774687500000001 0.19989218749999998 0.07774687500000001 0.204915625 0.07835 0.20592031249999998 0.18763749999999998 0.2219921875 0.3485578125 0.24157968749999997 0.348959375 0.23580312499999997