1 0.49351093749999997 0.2798515625 0.4965984375 0.4687671875 0.5046875 0.4697265625 0.501715625 0.2798890625 0.5181703125 0.27843125 0.517846875 0.2646421875 0.5021093750000001 0.265046875 0.49885156249999996 0.18746093749999998 0.49208281249999997 0.18713437500000002 0.49375 0.2646484375 0.4763140625 0.26545312499999996 0.4769640625 0.27741875 0.49351093749999997 0.2798515625
1 0.3978328125 0.2795625 0.3994171875 0.45161562499999997 0.4061640625 0.45172656250000004 0.40471406249999997 0.280040625 0.3978328125 0.2795625
1 0.5785671875 0.0527734375 0.570115625 0.054340625 0.57505625 0.138409375 0.55734375 0.1390625 0.5540812500000001 0.14119375 0.5539578125 0.15348124999999999 0.576325 0.15348124999999999 0.5764828125 0.1572484375 0.5549984375 0.1577734375 0.554815625 0.16600625 0.560303125 0.1673609375 0.5623640625 0.17231875000000002 0.5664890625 0.1713265625 0.5685515624999999 0.1649828125 0.5741031249999999 0.1651796875 0.5771328125 0.1653203125 0.5778640625 0.177209375 0.5919218749999999 0.3402515625 0.5989187499999999 0.4565734375 0.609965625 0.454171875 0.5893890625 0.16989218749999999 0.5900703125 0.1639078125 0.60768125 0.163946875 0.6082296875 0.1504578125 0.586828125 0.1511421875 0.586096875 0.14702656249999999 0.6082296875 0.1467984375 0.60768125 0.1303359375 0.5842562499999999 0.1292890625 0.5785671875 0.0527734375
0 0.53584375 0.28946875 0.5215453125 0.3053265625 0.5235593749999999 0.3083453125 0.5384609375 0.2937484375 0.5501406249999999 0.2786453125 0.5640343750000001 0.253725 0.579225 0.2231125 0.5821578125 0.2157171875 0.5791375000000001 0.212946875 0.5680625 0.2361046875 0.555175 0.26077343750000004 0.5447031250000001 0.2783921875 0.53584375 0.28946875
0 0.50210625 0.3132796875 0.5029671875 0.3216703125 0.540146875 0.313709375 0.510025 0.3354421875 0.512434375 0.3423265625 0.5492703125 0.3126328125 0.562525 0.3057484375 0.562525 0.29585 0.5523687500000001 0.3029515625 0.50210625 0.3132796875
0 0.5355000000000001 0.3436171875 0.5477218749999999 0.3319984375 0.5442781250000001 0.32876875 0.5348109375 0.338453125 0.5237953125 0.3461984375 0.5091640625 0.354159375 0.51036875 0.35781874999999996 0.52310625 0.353084375 0.5355000000000001 0.3436171875
0 0.6113578125 0.17369375 0.6345171875 0.23440781249999998 0.63875 0.233203125 0.6148421875000001 0.17215625 0.6113578125 0.17369375
0 0.5790625 0.185546875 0.57484375 0.18359375 0.54765625 0.2248046875 0.5178125 0.2640625 0.5190625 0.268359375 0.53515625 0.248828125 0.5650000000000001 0.2072265625 0.5790625 0.185546875
0 0.5073703125 0.1479609375 0.52141875 0.1185453125 0.5173796875 0.11649375 0.4855921875 0.176884375 0.46486875000000005 0.2054234375 0.41868125 0.25525625 0.4220171875 0.259428125 0.45925000000000005 0.219715625 0.4808515625 0.192934375 0.49314375000000005 0.1734265625 0.5073703125 0.1479609375
0 0.5253125 0.139453125 0.5220312500000001 0.135546875 0.5090625 0.1591796875 0.49421875000000004 0.1861328125 0.49468750000000006 0.1859375 0.49828124999999995 0.187109375 0.5253125 0.139453125
0 0.50484375 0.19921875 0.510625 0.1904296875 0.528125 0.1619140625 0.53859375 0.14140625 0.5354687499999999 0.1392578125 0.5014062499999999 0.1955078125 0.50484375 0.19921875
0 0.51765625 0.2208984375 0.541875 0.1806640625 0.55359375 0.1578125 0.55015625 0.153515625 0.5140625 0.218359375 0.51765625 0.2208984375
0 0.53859375 0.20078125 0.5571875000000001 0.167578125 0.55296875 0.1642578125 0.52 0.2228515625 0.52296875 0.2263671875 0.53859375 0.20078125
0 0.5154687499999999 0.26484375 0.5343671875 0.2395609375 0.55021875 0.214196875 0.565625 0.188671875 0.5615625 0.1857421875 0.5499015625 0.2060734375 0.531875 0.2345703125 0.5128125 0.2611328125 0.5154687499999999 0.26484375
0 0.462065625 0.2257484375 0.43593281250000004 0.2548765625 0.43992812499999995 0.2586234375 0.46939062500000006 0.2261640625 0.48670156249999996 0.20410937499999998 0.48270625 0.20161250000000003 0.462065625 0.2257484375
0 0.405625 0.3322265625 0.40603437500000006 0.3373421875 0.43747187500000007 0.3330046875 0.49437499999999995 0.3212890625 0.4936109375 0.315653125 0.44033125 0.326878125 0.405625 0.3322265625
0 0.5808734375 0.2028109375 0.5594953125 0.213978125 0.5579 0.2197625 0.5815109374999999 0.20779687500000002 0.5808734375 0.2028109375
0 0.5350859375 0.22454843750000003 0.5006265625 0.240103125 0.5015828124999999 0.24508749999999999 0.5360437499999999 0.22893593750000002 0.5350859375 0.22454843750000003
0 0.45117031250000006 0.26443125 0.4921875 0.2466796875 0.49093749999999997 0.2416015625 0.4613796875 0.25406249999999997 0.49265 0.2179671875 0.4889796875 0.21387499999999998 0.4490953125 0.26053906250000003 0.403125 0.271484375 0.40410625 0.277290625 0.44446874999999997 0.26711874999999996 0.410009375 0.29264687500000003 0.410646875 0.29902656250000004 0.44111874999999995 0.2765984375 0.45117031250000006 0.26443125
0 0.21333281249999997 0.3108734375 0.297525 0.30174687499999997 0.34954687500000003 0.292621875 0.383771875 0.28206875 0.39244218750000004 0.27949999999999997 0.3915296875 0.2735125 0.3614 0.2832890625 0.3457984375 0.2871890625 0.3000359375 0.295471875 0.21333281249999997 0.3051703125 0.21333281249999997 0.3108734375
0 0.38620625 0.31051562499999996 0.3041609375 0.3712421875 0.30578125 0.37742343749999996 0.389240625 0.3153640625 0.38620625 0.31051562499999996
0 0.3851703125 0.29800625 0.299853125 0.3602046875 0.30271875000000004 0.3657359375 0.3859328125 0.3036546875 0.3851703125 0.29800625
0 0.3868203125 0.28593437499999996 0.3866421875 0.285159375 0.3839109375 0.2832421875 0.365075 0.2992171875 0.3364765625 0.3227 0.2965625 0.35 0.2984265625 0.3555453125 0.3369890625 0.32803125 0.3656546875 0.3045703125 0.3868203125 0.28593437499999996