1 0.6433671875 0.0365171875 0.640490625 0.047584375 0.6128109375 0.046425 0.608178125 0.03873125 0.6025390625 0.0390625 0.5966796875 0.0463875 0.5791015625 0.0463875 0.573209375 0.0343046875 0.5615234375 0.0341796875 0.555946875 0.035134375 0.5541765625 0.0395609375 0.5555046875 0.05947812500000001 0.56811875 0.0691625 0.578078125 0.0694375 0.5810546875 0.05859375 0.59375 0.06225625 0.595703125 0.15991249999999999 0.5676765625 0.1410890625 0.5537109375 0.13671875 0.5322265625 0.134278125 0.5280609375 0.1341734375 0.52275 0.1397046875 0.5258484375 0.1449625 0.5271765625 0.147175 0.531159375 0.1466234375 0.5377984375 0.147175 0.5517421875 0.1468984375 0.5634765625 0.1489265625 0.595703125 0.17456093749999999 0.58984375 0.3942875 0.59765625 0.3942875 0.6132671875 0.08243906250000001 0.6170296875 0.062245312500000004 0.626325 0.060860937500000004 0.6331859375 0.07248125 0.640046875 0.0722046875 0.6542109375 0.05947812500000001 0.6555390625 0.04315625 0.6517765625 0.038453125 0.6477937500000001 0.0359640625 0.6433671875 0.0365171875
1 0.5095953125 0.2654140625 0.521921875 0.26003125 0.527671875 0.255803125 0.5295328125000001 0.2407921875 0.47896406249999995 0.242484375 0.47879531249999996 0.25855 0.4993453125 0.26578124999999997 0.5002140625 0.43991406250000004 0.50575 0.43690468750000006 0.5095953125 0.2654140625
1 0.49097187499999995 0.335290625 0.4891109375 0.4399375 0.49609375 0.4406734375 0.498046875 0.338134375 0.49097187499999995 0.335290625
1 0.4716 0.36100937499999997 0.471521875 0.35664375000000004 0.4480140625 0.35664375000000004 0.44845781249999994 0.36061875 0.458984375 0.3625484375 0.458328125 0.4360015625 0.4633828125 0.43690468750000006 0.462890625 0.3625484375 0.4716 0.36100937499999997
0 0.682109375 0.0002015625 0.6814625000000001 0.0002015625 0.6539703125 0.038609375 0.655103125 0.0452796875 0.6553265625 0.046821875 0.678065625 0.01596875 0.6885765625 0.001009375 0.682109375 0.0002015625
0 0.583140625 0 0.5666453125 0.0319375 0.5718203125 0.034767187500000005 0.5891234375 0.0008078125 0.583140625 0
0 0.6332718749999999 0.07337656249999999 0.6107921875 0.1164328125 0.613703125 0.122296875 0.639578125 0.0747921875 0.6332718749999999 0.07337656249999999
0 0.5664828125 0.1378609375 0.5705265625 0.1372546875 0.57456875 0.135840625 0.5795828125 0.133615625 0.5852421875 0.13139218749999998 0.591225 0.12674375 0.595753125 0.1259359375 0.5967234375 0.11885937499999999 0.5921953125 0.11825468750000001 0.591225 0.12047656250000001 0.5660937500000001 0.1337890625 0.5553250000000001 0.1346265625 0.5558109375 0.1386703125 0.5593671875 0.1384671875 0.563734375 0.1384671875 0.5664828125 0.1378609375
0 0.53625 0.1337890625 0.5603125 0.0634765625 0.55578125 0.06171875 0.53671875 0.1177734375 0.5321875 0.1318359375 0.53625 0.1337890625
0 0.53046875 0.1484375 0.5291359375 0.1477484375 0.527003125 0.1470796875 0.5049625 0.204846875 0.4886109375 0.2392828125 0.49305468750000003 0.241728125 0.501671875 0.22305625 0.5151015625 0.1931640625 0.52466875 0.166946875 0.53046875 0.1484375
0 0.4742171875 0.30085937500000004 0.49923124999999996 0.29502968749999997 0.4981859375 0.28900000000000003 0.42311718750000005 0.3066859375 0.4274453125 0.3106390625 0.4742171875 0.30085937500000004
0 0.45058125000000004 0.3944875 0.3487140625 0.399896875 0.3482140625 0.40530625000000003 0.450746875 0.400728125 0.45058125000000004 0.3944875
0 0.6165625 0.2541015625 0.63125 0.2595703125 0.64328125 0.262890625 0.65515625 0.265234375 0.6621875 0.265625 0.66171875 0.2619140625 0.63765625 0.25703125 0.60625 0.24453125 0.6057812499999999 0.2482421875 0.6165625 0.2541015625
0 0.66921875 0.2439453125 0.6057812499999999 0.2392578125 0.6053124999999999 0.2447265625 0.67109375 0.248828125 0.7581249999999999 0.2486328125 0.7571875 0.24375 0.66921875 0.2439453125
0 0.7306250000000001 0.260546875 0.7178125 0.2615234375 0.70140625 0.2625 0.698125 0.2626953125 0.6993750000000001 0.2685546875 0.7140625 0.26796875 0.73125 0.266796875 0.7385937499999999 0.2650390625 0.75578125 0.2595703125 0.76453125 0.2552734375 0.7625 0.2513671875 0.7564062500000001 0.2537109375 0.749375 0.2564453125 0.7420312499999999 0.258203125 0.7306250000000001 0.260546875
0 0.75484375 0.27109375 0.77859375 0.259375 0.775625 0.2556640625 0.751875 0.2658203125 0.7246875 0.2736328125 0.7003125 0.274609375 0.7003125 0.2802734375 0.7259375 0.2798828125 0.75484375 0.27109375
0 0.71203125 0.199609375 0.6628125 0.1888671875 0.6599999999999999 0.192578125 0.69140625 0.201171875 0.72203125 0.2080078125 0.748125 0.2134765625 0.74875 0.2087890625 0.71203125 0.199609375
0 0.7017187500000001 0.184765625 0.72765625 0.1958984375 0.72828125 0.191015625 0.6821875000000001 0.1697265625 0.67875 0.1744140625 0.7017187500000001 0.184765625
0 0.5860937500000001 0.1712890625 0.58109375 0.167578125 0.5678124999999999 0.1890625 0.5404687499999999 0.2298828125 0.529375 0.2408203125 0.53078125 0.2451171875 0.5393749999999999 0.23828125 0.5439734374999999 0.234190625 0.5627421874999999 0.20795781249999998 0.5860937500000001 0.1712890625
0 0.5440625 0.266015625 0.5248437499999999 0.2904296875 0.5184375 0.2978515625 0.5084375 0.30625 0.51015625 0.3111328125 0.51859375 0.30390625 0.5287499999999999 0.2935546875 0.5459375 0.272265625 0.5667187499999999 0.244921875 0.58546875 0.2185546875 0.595 0.2052734375 0.5940624999999999 0.195703125 0.5860937500000001 0.2095703125 0.56375 0.23984375 0.5440625 0.266015625
0 0.5940624999999999 0.2205078125 0.5860937500000001 0.2357421875 0.56359375 0.273828125 0.54421875 0.3013671875 0.5496875 0.303125 0.56875 0.2765625 0.5935937499999999 0.240625 0.5940624999999999 0.2205078125
0 0.6157812500000001 0.125390625 0.6135937499999999 0.1259765625 0.61375 0.13828125 0.61625 0.139453125 0.63671875 0.151171875 0.6409374999999999 0.1478515625 0.62578125 0.13828125 0.64546875 0.14296875 0.649375 0.1380859375 0.62109375 0.1330078125 0.6185937499999999 0.127734375 0.6157812500000001 0.125390625
0 0.6743750000000001 0.1462890625 0.6553125 0.1408203125 0.65234375 0.1455078125 0.67234375 0.1498046875 0.6743750000000001 0.1462890625
0 0.6621875 0.1595703125 0.64609375 0.1501953125 0.64328125 0.1544921875 0.6596875 0.1640625 0.6621875 0.1595703125
0 0.7696875000000001 0 0.7523187499999999 0.019618749999999997 0.6985375 0.0797828125 0.64224375 0.145703125 0.60625 0.18441875000000002 0.6061593750000001 0.19248437499999999 0.6130140625 0.186059375 0.6279484375 0.169228125 0.657275 0.1381328125 0.7071171875 0.0821390625 0.7586875 0.0221859375 0.77760625 0 0.7696875000000001 0
0 0.8304609375 0.000975 0.8225312499999999 0 0.7451828125 0.088984375 0.6840359375 0.15629375 0.6564281249999999 0.18424218750000002 0.6354359374999999 0.199071875 0.6331546875 0.1993578125 0.6577968750000001 0.1748296875 0.7038859375000001 0.123209375 0.7417609374999999 0.079571875 0.7905875 0.02025 0.8077 0.0005703125 0.7999421875 0 0.7203140625 0.0941171875 0.6527765624999999 0.17226406249999998 0.62243125 0.2050625 0.605090625 0.2173265625 0.606003125 0.22787968749999998 0.62334375 0.2113359375 0.6281359375 0.20991093749999998 0.6468453125 0.1996421875 0.661903125 0.187378125 0.6797 0.172834375 0.7246484375 0.12292343750000001 0.79184375 0.0460765625 0.8304609375 0.000975
0 0.7150000000000001 0.1548828125 0.69921875 0.1513671875 0.6950000000000001 0.156640625 0.7145312500000001 0.1603515625 0.7150000000000001 0.1548828125