1 0.095703125 0.474853125 0.09651875 0.317390625 0.0877234375 0.3147859375 0.08633437499999999 0.43282968750000006 0.086103125 0.47652031250000004 0.095703125 0.474853125
1 0.10546875 0.02319375 0.107421875 0.013428124999999999 0.1171875 0.0085453125 0.11781250000000001 0.0028921875 0.1083984375 0 0.09765625 0.0012203125 0.091796875 0.12573281249999999 0.07421875 0.13061562499999999 0.072265625 0.19653281250000001 0.06359375 0.2033203125 0.064375 0.2109375 0.087890625 0.21606406250000001 0.09046875 0.2599609375 0.0996875 0.2595703125 0.099609375 0.21362343749999999 0.12453125000000001 0.2123046875 0.1275 0.2013671875 0.1171875 0.19653281250000001 0.12375 0.1251953125 0.1171875 0.1244140625 0.11281250000000001 0.1310546875 0.1044921875 0.1293953125 0.10359375 0.1107421875 0.10546875 0.02319375
1 0.2708078125 0.3639703125 0.2698828125 0.425596875 0.27682656250000004 0.4279125 0.2840625 0.2251953125 0.29140625 0.224609375 0.29093749999999996 0.2203125 0.28531249999999997 0.21640625 0.2846875 0.201953125 0.29093749999999996 0.1990234375 0.29203125 0.1939453125 0.2822265625 0.1904296875 0.27734375 0.19409218749999999 0.2708078125 0.3639703125
1 0.318359375 0.299071875 0.31640625 0.379884375 0.322265625 0.3796390625 0.32421875 0.306396875 0.3349234375 0.30350156250000004 0.333534375 0.297425 0.318359375 0.299071875
1 0.3670953125 0.3686 0.3660421875 0.4933609375 0.37109375 0.49194375 0.3728828125 0.3671546875 0.3670953125 0.3686
1 0.389546875 0.3781484375 0.39047343749999996 0.5071875 0.39556562500000003 0.5063187499999999 0.39556562500000003 0.3795953125 0.389546875 0.3781484375
0 0.27578125 0.195703125 0.2785203125 0.1932953125 0.27734375 0.1896484375 0.254375 0.1685546875 0.2421875 0.156640625 0.21484375 0.12084999999999999 0.1434796875 0 0.13715468749999998 0.00041562500000000003 0.19578125 0.1064453125 0.21968749999999998 0.1384765625 0.24151875 0.16728281250000002 0.2734375 0.1955078125 0.27578125 0.195703125
0 0.1515625 0.09140625 0.1765625 0.1279296875 0.214525 0.1693328125 0.25768125 0.209678125 0.2778125 0.2146484375 0.276653125 0.20782812499999997 0.264571875 0.20333125000000002 0.2464390625 0.1883734375 0.22395468749999997 0.1652546875 0.178125 0.1 0.1387296875 0.03424375 0.12078124999999999 0.0052734375 0.11859375000000001 0.0072265625 0.11625 0.0115234375 0.1665625 0.0953125 0.19046875000000002 0.133203125 0.16453125 0.0974609375 0.124171875 0.0353703125 0.11585000000000001 0.0224703125 0.11000000000000001 0.014453125 0.10640625 0.0189453125 0.1515625 0.09140625
0 0.302090625 0.2642859375 0.31656249999999997 0.298046875 0.319375 0.2986328125 0.3209484375 0.296015625 0.302396875 0.2513640625 0.28831093750000003 0.21804687500000003 0.286496875 0.2266578125 0.302090625 0.2642859375
0 0.28284375 0.25489687499999997 0.2955625 0.2901234375 0.315146875 0.3259359375 0.31587187499999997 0.31777500000000003 0.2948375 0.2733515625 0.2865484375 0.2479515625 0.2842328125 0.24071875 0.28284375 0.25489687499999997
0 0 0.057287500000000005 0.045128125000000005 0.08879375 0.0927640625 0.11699999999999999 0.0936 0.111775 0.010446875 0.055889062499999996 0 0.0491859375 0 0.057287500000000005
0 0 0.09403125 0.0395796875 0.11341562499999999 0.07465625000000001 0.1309984375 0.08148125 0.1258796875 0 0.0779296875 0 0.09403125
0 0 0.1201328125 0.07270625 0.157740625 0.07395937500000001 0.1478171875 0 0.107596875 0 0.1201328125
0 0 0.1462484375 0.058125 0.1712890625 0.0725 0.1771484375 0.073125 0.16923125 0 0.136328125 0 0.1462484375
0 0.1579484375 0.24078906249999998 0.22015625 0.29140625 0.22397031250000002 0.28570625 0.1592015625 0.23190781249999998 0.12687500000000002 0.203515625 0.12453125000000001 0.20859375 0.129375 0.2138671875 0.1579484375 0.24078906249999998
0 0.2920671875 0.2002265625 0.2884890625 0.2036828125 0.29833750000000003 0.23170312499999998 0.3172796875 0.28117187499999996 0.325 0.2974609375 0.33015625000000004 0.298046875 0.33234375 0.2966796875 0.3160953125 0.2621453125 0.2920671875 0.2002265625
0 0.35736249999999997 0.36912500000000004 0.361253125 0.3693359375 0.3483984375 0.339740625 0.3352078125 0.304221875 0.3313171875 0.3059140625 0.344678125 0.3403734375 0.35736249999999997 0.36912500000000004
0 0.3171609375 0.3354421875 0.2956328125 0.29518125 0.29103124999999996 0.2986734375 0.3142015625 0.34119375 0.3171609375 0.3354421875
0 0.315353125 0.3428375 0.2925109375 0.3029859375 0.28971718750000003 0.3091484375 0.3115734375 0.345303125 0.315353125 0.3428375
0 0.2915625 0.318359375 0.29015625 0.3203125 0.2888953125 0.3225 0.30549218749999996 0.3487953125 0.309765625 0.3459171875 0.29296875 0.316796875 0.2915625 0.318359375
0 0.11875 0.1240234375 0.10328124999999999 0.11484375 0.1025 0.1216796875 0.11687499999999999 0.1287109375 0.11875 0.1240234375
0 0.23390624999999998 0.2615234375 0.255625 0.2783203125 0.25906250000000003 0.2716796875 0.24109375000000002 0.259375 0.2128125 0.234375 0.16468750000000001 0.18046875 0.12359374999999999 0.1287109375 0.12250000000000001 0.1375 0.15671875 0.18125 0.20546875 0.23515625 0.23390624999999998 0.2615234375
0 0.256875 0.2841796875 0.24421875 0.2765625 0.22125 0.260546875 0.19328125000000002 0.2333984375 0.15328124999999998 0.1876953125 0.12281249999999999 0.1529296875 0.12109375 0.158203125 0.13609374999999999 0.1767578125 0.17640625000000001 0.2244140625 0.21078125 0.26015625 0.23078125 0.276171875 0.24671875000000001 0.2853515625 0.2525 0.287890625 0.254375 0.2876953125 0.256875 0.2841796875
0 0.14484375 0.2099609375 0.1825 0.2486328125 0.22312500000000002 0.286328125 0.22875 0.2814453125 0.16953125 0.2265625 0.1221875 0.1759765625 0.12140625000000001 0.183203125 0.14484375 0.2099609375
0 0.21156250000000001 0.289453125 0.15437499999999998 0.2453125 0.11671875000000001 0.21015625 0.10953125 0.2123046875 0.14156249999999998 0.2435546875 0.15953124999999999 0.258203125 0.18609375 0.278515625 0.2090625 0.2943359375 0.21156250000000001 0.289453125