1 0.6455078125 0.17545468749999998 0.6438734375 0.4872015625 0.6535062500000001 0.48947812500000004 0.654296875 0.1791171875 0.6455078125 0.17545468749999998
1 0.53803125 0.3229515625 0.5373765625 0.4663921875 0.5458999999999999 0.46434375 0.5445890624999999 0.32213125 0.53803125 0.3229515625
1 0.24248124999999998 0 0.240234375 0.0573734375 0.23828125 0.50415 0.24609375 0.50415 0.251953125 0.4968265625 0.2548828125 0 0.24248124999999998 0
0 0.612071875 0.24786562499999998 0.58518125 0.2885671875 0.5893890625 0.29405468749999997 0.6184734375 0.24809375 0.6457296875 0.20373437499999997 0.6435546875 0.1953125 0.612071875 0.24786562499999998
0 0.8193359375 0 0.7333984375 0.1025390625 0.6674453125 0.171309375 0.654296875 0.18432656249999999 0.6572328125 0.1914859375 0.7587890625 0.08545 0.828125 0.0012203125 0.8193359375 0
0 0.1370953125 0 0.185871875 0.066490625 0.23785937499999998 0.135490625 0.24066875 0.12645781250000002 0.19249531250000002 0.06373124999999999 0.14532499999999998 0 0.1370953125 0
0 0.6537796874999999 0.289709375 0.6662171875 0.3 0.672490625 0.296053125 0.6552484375 0.2846421875 0.6537796874999999 0.289709375
0 0.23805937500000002 0.0657375 0.193734375 0.13756718750000002 0.19911875 0.14251562499999998 0.2280234375 0.09534375 0.2418734375 0.0730140625 0.23805937500000002 0.0657375
0 0.2771546875 0.12016562500000001 0.2567359375 0.062234374999999995 0.2546703125 0.080875 0.2860375 0.1648265625 0.2931375 0.15721875000000002 0.2902328125 0.151425 0.2771546875 0.12016562500000001
0 0.3127171875 0 0.31868281249999997 0.03585 0.34080937499999997 0.15278125 0.34369062499999997 0.1677734375 0.3512625 0.16461874999999998 0.347590625 0.1471234375 0.32189531250000003 0 0.3127171875 0
0 0.29390312500000004 0 0.3131765625 0.0866109375 0.32992499999999997 0.160603125 0.3388734375 0.1614625 0.31443750000000004 0.049446875 0.3023921875 0 0.29390312500000004 0
0 0.2941515625 0.076075 0.2682859375 0 0.26040625 0.0011468749999999999 0.2728515625 0.0386703125 0.296428125 0.10812187499999999 0.3131765625 0.1597421875 0.3196 0.1548671875 0.309365625 0.124253125 0.2941515625 0.076075
0 0.8409671875000001 0.027664062499999996 0.8667421875000001 0.001303125 0.8581515625 0 0.8386234375000001 0.019853125 0.8388843749999999 0.024084374999999998 0.8409671875000001 0.027664062499999996
0 0.7279703125 0.131809375 0.6545484375 0.20275625000000003 0.65585 0.20959218750000003 0.6998515624999999 0.1669578125 0.7396859375 0.128553125 0.7357812499999999 0.1252984375 0.7279703125 0.131809375
0 0.6446328125 0.27804843749999997 0.613534375 0.2567828125 0.610790625 0.261584375 0.642803125 0.2837640625 0.6446328125 0.27804843749999997
0 0.2027328125 0 0.2179875 0.0281015625 0.23846093750000003 0.0627265625 0.2410703125 0.055451562499999996 0.2348484375 0.044409375 0.2111625 0 0.2027328125 0
0 0.2567359375 0.039003125 0.2826609375 0.10812187499999999 0.3021640625 0.157734375 0.308128125 0.1571625 0.294821875 0.12188593750000001 0.2601765625 0.031259375 0.25627656249999997 0.035275 0.2567359375 0.039003125