1 0.5732421875 0 0.5712890625 0.029296875 0.53469375 0.029165625 0.535665625 0.0473921875 0.5712890625 0.048828125 0.576171875 0.0793453125 0.5351796875 0.08536875000000001 0.53688125 0.095696875 0.576171875 0.0964359375 0.581890625 0.23240625 0.5649578125 0.23347500000000002 0.5654703125 0.24181249999999999 0.583259375 0.24630312499999998 0.583871875 0.3108359375 0.597028125 0.309215625 0.59471875 0.24202812499999998 0.611309375 0.24181249999999999 0.6111390625 0.232834375 0.5950609375 0.2336875 0.58984375 0.091553125 0.6285078125 0.0877984375 0.6282656249999999 0.0747359375 0.589378125 0.0795953125 0.587890625 0.0476078125 0.61198125 0.043443749999999996 0.6259765625 0.0390625 0.62890625 0.030517187499999997 0.6240234375 0.0244140625 0.5865640625 0.027721875 0.5859953124999999 0 0.5732421875 0
1 0.6728515625 0 0.67578125 0.10131874999999999 0.6855078125 0.1062671875 0.681528125 0 0.6728515625 0
1 0.7531171875 0 0.765625 0.3796390625 0.7688984375000001 0.43149375 0.791015625 0.4309078125 0.791015625 0.29663125 0.80078125 0.28930625 0.80078125 0.24292031249999999 0.78515625 0.23071250000000001 0.7769921875 0 0.7531171875 0
0 0.7188218749999999 0.06574687500000001 0.7482828125000001 0.0033890625 0.7437640625 0.0004515625 0.7137609375 0.066196875 0.7188218749999999 0.06574687500000001
0 0.734365625 0.0628078125 0.751896875 0.0259828125 0.7468359375 0.023721875 0.7289421875000001 0.061453125 0.734365625 0.0628078125
0 0.7188218749999999 0.049478125 0.6842984375000001 0.05670937499999999 0.68411875 0.0619046875 0.7190015625 0.054900000000000004 0.7188218749999999 0.049478125
0 0.6936984374999999 0.0266609375 0.68411875 0.0436046875 0.6844796875 0.0515125 0.698396875 0.028242187499999998 0.6936984374999999 0.0266609375
0 0.73390625 0.012890625 0.6834374999999999 0.0185546875 0.6832140625 0.026885937500000002 0.7347265625 0.018525 0.73390625 0.012890625
0 0.73734375 0.002734375 0.68359375 0.00859375 0.6834374999999999 0.015234375 0.7379687500000001 0.0076171875 0.73734375 0.002734375
0 0.6252500000000001 0.21213125000000002 0.6062890624999999 0.2289171875 0.6088171874999999 0.23326406249999998 0.62635625 0.2184515625 0.6522703125 0.18487343750000002 0.6505328125000001 0.18112187500000002 0.6252500000000001 0.21213125000000002
0 0.6250921875000001 0.1422109375 0.592384375 0.1512953125 0.5927 0.15741875 0.6261984375 0.1479375 0.6250921875000001 0.1422109375
0 0.6371875 0.1388671875 0.6381249999999999 0.13359375 0.605 0.1064453125 0.59984375 0.1013671875 0.59078125 0.1017578125 0.5912499999999999 0.10625 0.5973437500000001 0.1060546875 0.60609375 0.1142578125 0.6228125 0.128125 0.6371875 0.1388671875
0 0.62828125 0.1203125 0.6459374999999999 0.13359375 0.64765625 0.128515625 0.6165625 0.1033203125 0.61375 0.09921875 0.60625 0.0927734375 0.60390625 0.093359375 0.60234375 0.09921875 0.6051562500000001 0.101171875 0.6084375 0.10234375 0.62828125 0.1203125
0 0.6615624999999999 0.10859375 0.63015625 0.07734375 0.6290625000000001 0.083203125 0.66078125 0.1146484375 0.6615624999999999 0.10859375
0 0.6259375 0.069921875 0.6053124999999999 0.0458984375 0.60109375 0.0484375 0.621875 0.07421875 0.6259375 0.069921875
0 0.6560937499999999 0.080078125 0.62703125 0.0421875 0.6221875 0.04453125 0.65328125 0.0841796875 0.6560937499999999 0.080078125
0 0.60828125 0 0.59875 0.02421875 0.6034375 0.023828125 0.6125 0 0.60828125 0
0 0.6534375 0.0146484375 0.624375 0.0205078125 0.6259375 0.026171875 0.65453125 0.01875 0.6534375 0.0146484375
0 0.6537499999999999 0.0224609375 0.62734375 0.02890625 0.62828125 0.0345703125 0.6565624999999999 0.028515625 0.6537499999999999 0.0224609375
0 0.6725 0.0498046875 0.66109375 0.022265625 0.65625 0.0248046875 0.6690625 0.0537109375 0.6725 0.0498046875
0 0.660625 0.0203125 0.6628125 0.0228515625 0.6678124999999999 0.025390625 0.67421875 0.0265625 0.6743750000000001 0.020703125 0.66875 0.0205078125 0.66703125 0.0154296875 0.66171875 0.015625 0.6604687499999999 0.0138671875 0.6503125 0 0.6448437499999999 0.0001953125 0.6560937499999999 0.0158203125 0.660625 0.0203125
0 0.63875 0.1705078125 0.6215625 0.1490234375 0.61640625 0.1521484375 0.63375 0.173046875 0.63875 0.1705078125
0 0.61375 0.1439453125 0.595625 0.1205078125 0.591875 0.1232421875 0.61046875 0.1462890625 0.61375 0.1439453125
0 0.60390625 0.1953125 0.6235937500000001 0.1599609375 0.62 0.1572265625 0.5996875 0.1939453125 0.60390625 0.1953125
0 0.65046875 0.1046875 0.63984375 0.1216796875 0.64375 0.124609375 0.65359375 0.108203125 0.65046875 0.1046875
0 0.631875 0.08828125 0.61125 0.0953125 0.61328125 0.0990234375 0.6346875 0.0923828125 0.631875 0.08828125
0 0.46279062499999996 0.31257812500000004 0.3494765625 0.31968125000000003 0.34912031250000003 0.324565625 0.4386734375 0.31968125000000003 0.55265625 0.30880312499999996 0.5521234374999999 0.30369687500000003 0.46279062499999996 0.31257812500000004
0 0.02183125 0.0212953125 0.00033125 0.0206734375 0 0.025015625000000003 0.0210046875 0.025842187500000002 0.02183125 0.0212953125
0 0.35016875000000003 0.0198484375 0.31140625 0.0224609375 0.2391796875 0.025221874999999998 0.0914875 0.0243953125 0.0393890625 0.022946875 0.0393625 0.0281171875 0.118915625 0.029976562499999998 0.183125 0.0310546875 0.267278125 0.0295640625 0.30895937500000004 0.0279109375 0.40207499999999996 0.02088125 0.4951875 0.012196875 0.5704625 0.0045484375 0.569965625 0 0.48765625 0.008203125 0.35016875000000003 0.0198484375
0 0.5434375 0.007421875 0.5384375 0.0283203125 0.5425 0.0291015625 0.54796875 0.0080078125 0.5434375 0.007421875
0 0.48312499999999997 0.0130859375 0.43609375000000006 0.0470703125 0.445625 0.0484375 0.465 0.032421875 0.46734375000000006 0.0330078125 0.45406250000000004 0.047265625 0.46046875 0.0474609375 0.48953125000000003 0.0140625 0.48312499999999997 0.0130859375
0 0.39859374999999997 0.021484375 0.34500000000000003 0.0642578125 0.351875 0.06484375 0.40625 0.0216796875 0.39859374999999997 0.021484375
0 0.42609375 0 0.40828125000000004 0.0140625 0.41624999999999995 0.0140625 0.43265624999999996 0 0.42609375 0
0 0.28718750000000004 0.1138671875 0.33015625000000004 0.0796875 0.33046875 0.079296875 0.325625 0.078125 0.284375 0.1099609375 0.28718750000000004 0.1138671875
0 0.31140625 0.140234375 0.34046875 0.1208984375 0.40765624999999994 0.0736328125 0.40078125 0.071875 0.31062500000000004 0.134375 0.31140625 0.140234375
0 0.4328125 0.067578125 0.37546875 0.12734375 0.38296874999999997 0.1283203125 0.440625 0.0671875 0.4328125 0.067578125
0 0.2607125 0.08633437499999999 0.31201406249999997 0.0798453125 0.4010421875 0.0718609375 0.48068906250000004 0.062131250000000006 0.539775 0.051649999999999995 0.5369796874999999 0.0476578125 0.43118437500000006 0.06287812499999999 0.350540625 0.070115625 0.43976875 0.0548953125 0.5056406250000001 0.044164062500000004 0.534584375 0.0389265625 0.5339859375 0.034184375 0.4615265625 0.0466609375 0.39744999999999997 0.056142187499999996 0.3395625 0.06736875 0.2648921875 0.0773515625 0.12056718749999999 0.076353125 0.06265625 0.0728515625 0.0636859375 0.07884687500000001 0.14046875 0.083203125 0.23715156249999997 0.0850859375 0.108603125 0.10629531249999999 0.0429296875 0.11577656249999999 0.0429296875 0.121265625 0.071075 0.11802187500000001 0.168090625 0.10230312500000001 0.2607125 0.08633437499999999
0 0.5965625 0.2029296875 0.6396875 0.192578125 0.6390625 0.1875 0.59484375 0.196875 0.594284375 0.203078125 0.5965625 0.2029296875
0 0.5752203125 0.23475000000000001 0.5757328125 0.09491875 0.5719703125 0.0953453125 0.571115625 0.2345421875 0.5752203125 0.23475000000000001
0 0.5693265625 0.20486718750000002 0.5384375 0.2107421875 0.44921875 0.2287109375 0.37484375000000003 0.242578125 0.37548593750000003 0.24812656249999998 0.4511578125 0.2342296875 0.57111875 0.20957343750000001 0.5693265625 0.20486718750000002
0 0.5704640624999999 0.199609375 0.4728078125 0.21875 0.37328125 0.237109375 0.37343281250000004 0.2396484375 0.37453125 0.2421875 0.44312500000000005 0.2296875 0.5709328124999999 0.2046875 0.5704640624999999 0.199609375
0 0.5715625 0.191015625 0.5704687500000001 0.1857421875 0.48312499999999997 0.2068359375 0.3728125 0.2322265625 0.374365625 0.23696406250000002 0.46984375 0.21640625 0.49734375000000003 0.209765625 0.5715625 0.191015625
0 0.47202031250000004 0.1871390625 0.3530828125 0.2198890625 0.354746875 0.2279453125 0.3982046875 0.21546875000000001 0.49010156250000003 0.18895937499999998 0.5714015625 0.164265625 0.5709875 0.15906875 0.47202031250000004 0.1871390625
0 0.48497031249999994 0.1314125 0.427584375 0.157415625 0.32933124999999996 0.1961890625 0.33156093750000004 0.20245937500000002 0.37815 0.18449218750000002 0.47427343750000006 0.14982656249999998 0.5429203125 0.12421562500000001 0.5700390625 0.1144625 0.5681812500000001 0.10982031249999999 0.4829265625 0.1404671875 0.5393921875000001 0.11469531250000001 0.5692953125 0.1021578125 0.5663234375 0.0975140625 0.48497031249999994 0.1314125
0 0.5701562499999999 0.076953125 0.5578125 0.0642578125 0.55421875 0.0669921875 0.566875 0.08046875 0.5701562499999999 0.076953125
0 0.5528125 0.0578125 0.5470312500000001 0.05 0.5421875 0.05078125 0.54859375 0.059765625 0.5528125 0.0578125
0 0.379375 0.1302734375 0.31296875 0.157421875 0.29953124999999997 0.1634765625 0.30109375 0.168359375 0.35625 0.146484375 0.3265625 0.176171875 0.3305234375 0.17978906249999999 0.3231203125 0.18381562499999998 0.32437031250000004 0.189284375 0.3401515625 0.1816671875 0.3942171875 0.151584375 0.4590671875 0.1175921875 0.5196875000000001 0.0857421875 0.5706249999999999 0.0578125 0.5681406250000001 0.053712499999999996 0.554390625 0.059571874999999996 0.4567234375 0.09922031249999999 0.379375 0.1302734375
0 0.36 0.15078125 0.35078125 0.1603515625 0.330975 0.1795453125 0.37733906250000004 0.1543234375 0.4420265625 0.1195578125 0.51328125 0.084375 0.391546875 0.13125 0.36234375 0.1451171875 0.36 0.15078125