1 0.3776312734375 0 0.2990973359375 0.01393141796875 0.30243920703125 0.02980530078125 0.51798980078125 0.129225921875 0.48457110546875 0.47955830078125 0.4728745625 0.502115921875 0.3091229453125 0.5647759765625 0.3099584140625 0.59151093359375 0.3158066875 0.59151093359375 0.32165495703125 0.59067546875 0.324996828125 0.5864981328125 0.462848953125 0.66920940625 0.41021450390625 1 0.6149040234375 1 0.6193445546875 0.74215701171875 0.7500803984375 0.79299873046875 0.76790801171875 0.80092211328125 0.76946549609375 0.813470734375 0.7811620390625 0.81179980078125 0.78450391015625 0.8051160625 0.7830945 0.78507534765625 0.639968046875 0.54946303125 0.63662617578125 0.5327566875 0.65082912109375 0.18687317578125 0.87891173046875 0.27877459375 0.89729201171875 0.27710365625 0.8997984140625 0.26958444921875 0.74105960546875 0.0807688125 0.67672861328125 0 0.3776312734375 0
0 0.768418671875 1 0.78182444140625 0.81238959375 0.76788244140625 0.81292582421875 0.75233175 1 0.768418671875 1
0 0.68905651953125 0.76627375 0.61612913671875 0.7764621328125 0.61720159765625 0.78665051953125 0.68530290625 0.78182444140625 0.6113030625 0.88478074609375 0.61612913671875 0.89604159375 0.70407098046875 0.775389671875 0.68905651953125 0.76627375
0 0.8161432109375 0.75501290234375 0.8654764375 0.74804190234375 1 0.72176659765625 0.9989978984375 0.70782459765625 0.9271429765625 0.72391151953125 0.888534359375 0.73088251953125 0.85207066796875 0.73570859765625 0.8413460546875 0.733563671875 0.8365199765625 0.73195498046875 0.8274040546875 0.73570859765625 0.81399828515625 0.74214336328125 0.79683890234375 0.74589698046875 0.76412882421875 0.750186828125 0.78986790234375 0.7904041328125 0.800592515625 0.76305636328125 0.8161432109375 0.75501290234375
0 1 0.52727432421875 0.8794184375 0.52925975390625 0.8916831484375 0.27991058203125 0.878695296875 0.2817020078125 0.85630244921875 0.53757503515625 0.735381078125 0.7113435234375 0.74214336328125 0.7233752890625 0.863331515625 0.5523176796875 0.89496912890625 0.546419140625 1 0.5383756796875 1 0.52727432421875
0 0.87690387109375 0.3023034296875 0.647153265625 0.30140771484375 0.6453618359375 0.31305199609375 0.87645601171875 0.31529127734375 0.87690387109375 0.3023034296875
0 1 0.30095985546875 0.89078743359375 0.3018555703125 0.89078743359375 0.31708270703125 1 0.31573913671875 1 0.30095985546875
0 0.78203125 0 0.728515625 0.0640625 0.734765625 0.075 0.80078125 0 0.78203125 0
0 0.3327228984375 0.83073394921875 0.4404821875 0.8131318359375 0.441340828125 0.80111087890625 0.31555010546875 0.8191423125 0.32156058203125 0.59074775 0.3108275859375 0.59160638671875 0.3022411875 0.82043387890625 0.26789559765625 0.86450957421875 0.15670175390625 0.99909972265625 0.1743038671875 0.99988598046875 0.31125690625 0.834597828125 0.3327228984375 0.83073394921875
0 0.31597942578125 0.56241151953125 0.4981520390625 0.35355075390625 0.49214155859375 0.34367639453125 0.3169790546875 0.5441687734375 0.1860364921875 0.6950726484375 0 0.9015718125 0.0012879609375 0.92089112109375 0.17215726953125 0.727267859375 0.31597942578125 0.56241151953125
0 0.2889322734375 0.29494275 0.29966526953125 0.29107887109375 0.5010162890625 0.3043877890625 0.50316288671875 0.29322547265625 0.30052391015625 0.28184952734375 0.30739302734375 0.02998601953125 0.29322547265625 0.03041533984375 0.28592703515625 0.27985018359375 0.10861792578125 0.46767350390625 0 0.584232046875 0.00171728125 0.601477140625 0.1433928359375 0.4490685859375 0.2889322734375 0.29494275
0 0 0.176171875 0.148046875 0.0359375 0.1328125 0.0296875 0 0.157421875 0 0.176171875