1 0.70292887109375 0 0.6707800859375 0.09602147265625 0.57954704296875 0.13425246484375 0.56738263671875 0.27544194140625 0.58389147265625 0.27544194140625 0.59344921875 0.15553565625 0.662960109375 0.17378226171875 0.6447135 0.3197551328125 0.5230694453125 0.3614616640625 0.5048228359375 0.50569172265625 0.52480721484375 0.506560609375 0.5352338515625 0.3901298671875 0.6342868671875 0.41011425 0.61690914453125 0.56303820703125 0.527413875 0.61430248828125 0.5169872421875 0.74984872265625 0.53002053125 0.74984872265625 0.54479159765625 0.636024640625 0.60822028515625 0.64992681640625 0.55261157421875 0.9992190390625 0.67251785546875 1 0.68207560546875 0.66586027734375 0.74841012109375 0.68266742578125 0.75245537890625 0.67976245703125 0.7455042890625 0.80314428515625 0.765488671875 0.80575094140625 0.77504641796875 0.665717953125 0.69250223828125 0.59823765234375 0.70553553125 0.4270670859375 0.80534798828125 0.445524140625 0.79850634375 0.56782663671875 0.82196626953125 0.56608886328125 0.8271795859375 0.4331492890625 0.82413161328125 0.42732750390625 0.7124866171875 0.34973622265625 0.7203276640625 0.18865724609375 0.79503080078125 0.1976811484375 0.7819975078125 0.314111890625 0.804588546875 0.31758743359375 0.81588406640625 0.17769676953125 0.72551991015625 0.1133991953125 0.71861259765625 0 0.70292887109375 0
0 0.56602270703125 0.2647525546875 0 0.50516005078125 0.00076078515625 0.52722276171875 0.56982662109375 0.2830113515625 0.56602270703125 0.2647525546875
0 0.62218554296875 0.5352080546875 0.527795203125 0.49221350390625 0.5238416796875 0.505556640625 0.6187262109375 0.55102214453125 0.62218554296875 0.5352080546875
0 0.60834821484375 0.40474182421875 0.52730101171875 0.45020733203125 0.528289390625 0.46700980078125 0.6271274453125 0.410672109375 0.60834821484375 0.40474182421875
0 0 0.77402904296875 0.5164402578125 0.51075815234375 0.50697008203125 0.49560587109375 0 0.7494065859375 0 0.77402904296875
0 0 0.72794085546875 0.3807010703125 0.54295675 0.5113895 0.4703520703125 0.5076014296875 0.45709382421875 0.3503965078125 0.53980002734375 0 0.70900050390625 0 0.72794085546875
0 0.5163595390625 0.73961787890625 0.299110265625 0.8784475703125 0.099703421875 0.96908704296875 0.1080120390625 0.9917469140625 0.30288691015625 0.89506480859375 0.34518533203125 0.86787296484375 0.52646427734375 0.75381829296875 0.5163595390625 0.73961787890625
0 0.5933657578125 0.75275072265625 0.5515794375 0.742005671875 0.60291691796875 0.705591875 0.60231996875 0.68648955859375 0.5294923828125 0.738423984375 0.5294923828125 0.7509598828125 0.5915749140625 0.768271359375 0.5933657578125 0.75275072265625
0 1 0.856619578125 0.766480515625 0.792746203125 0.7623018828125 0.80886378515625 0.99749917578125 0.87273716015625 1 0.856619578125
0 0.74558735546875 0.7951339921875 0.68052008203125 0.77483778125 0.6769383984375 0.78976146484375 0.72588808984375 0.80229736328125 0.67395366015625 0.85005315625 0.674550609375 0.87452800390625 0.753347671875 0.804088203125 0.74558735546875 0.7951339921875
0 1 0.6706245078125 0.7757494296875 0.5920828984375 0.80958273828125 0.5703329140625 0.79629108203125 0.559457921875 0.75679317578125 0.5812448046875 0.6953125 0.56640625 0.6911353203125 0.57571572265625 0.73828125 0.595703125 0.716707328125 0.6178749765625 0.72379113671875 0.6271245390625 0.760041109375 0.6035620546875 1 0.68754116015625 1 0.6706245078125
0 0.780691921875 0.30685331640625 0.70861707421875 0.34610199609375 0.72288932421875 0.35751979296875 0.79210972265625 0.32041194921875 0.780691921875 0.30685331640625
0 1 0.636320859375 0.82316299609375 0.557588640625 0.8137621328125 0.5728650390625 0.9994291640625 0.65747280078125 1 0.636320859375